28.6506		38.5336		3.22433
28.6506		37.88		3.30547
28.6506		37.2231		3.25545
28.6506		36.505		3.15513
28.6506		35.79		3.17775
26.9393		35.0165		3.26177
26.9393		34.4843		3.24788
26.9393		33.9307		3.23329
26.9393		33.506		3.19788
26.5173		32.9317		3.30566
26.4514		32.4427		3.30619
26.4514		31.8764		3.25901
25.2221		31.1831		3.01101
24.9193		30.6172		3.11818
23.3454		30.0428		2.99203
23.3454		29.4906		3.10183
23.1281		29.0583		3.15206
23.1281		28.7101		2.90801
23.1281		28.1327		2.80031
23.1281		27.837		2.8812
23.1281		27.3993		2.75239
23.1281		27.0217		2.70449
23.1281		26.8181		2.7115
23.1281		26.4927		2.85994
21.8958		26.1899		2.86412
21.2648		25.9117		2.69043
21.2648		25.5898		2.6663
21.2648		25.4177		2.49915
21.2648		25.0879		2.45486
21.0681		24.8069		2.364
21.0681		24.5502		2.26729
20.7435		24.3919		2.29857
20.4872		24.0478		2.33943
20.4872		23.8607		2.46785
20.4711		23.6041		2.45699
20.4711		23.3514		2.42318
20.4711		23.1683		2.47725
20.4711		22.9776		2.44602
20.4711		22.8069		2.2848
20.4711		22.5906		2.11044
19.6192		22.4212		2.11837
19.6192		22.2737		2.22059
19.4573		22.0893		2.11199
19.4573		21.9386		2.0546
19.4436		21.7645		2.17234
19.0887		21.6123		2.24652
19.0887		21.4924		2.12148
19.0887		21.3658		2.19257
19.0887		21.2224		2.33742
19.0887		21.0363		2.37086
19.0887		20.9339		2.43016
19.0438		20.7821		2.25826
18.6696		20.6665		2.40207
18.6696		20.5061		2.34414
18.6696		20.4145		2.399
18.6696		20.2744		2.45745
18.6696		20.2034		2.41819
17.0928		20.0849		2.35208
17.0928		19.9899		2.26403
16.0408		19.8342		2.19394
16.0408		19.6982		2.23641
16.0408		19.4963		2.03915
16.0408		19.302		2.07582
16.0408		19.1196		2.07066
16.0408		18.9571		2.01172
15.6356		18.7678		2.233
15.6217		18.568		2.17339
14.731		18.3155		2.2118
14.731		17.9209		2.17846
14.731		17.5037		2.28325
14.731		17.1227		2.20534
14.731		16.8461		2.16002
14.731		16.6032		2.04524
14.731		16.3875		1.96718
14.731		16.1365		1.99165
14.731		15.9419		1.97656
14.731		15.8081		2.11636
14.6476		15.6819		1.91509
14.4699		15.5436		1.8815
14.4699		15.3987		1.61448
14.3298		15.2712		1.81122
14.3298		15.1898		1.70645
14.3298		15.0749		1.66261
14.3298		14.9069		1.66786
14.1529		14.8145		1.62659
14.1529		14.7509		1.4547
14.1526		14.6404		1.31117
14.1526		14.5976		1.31191
14.1526		14.5663		1.40462
14.1526		14.5168		1.43793
14.1526		14.4578		1.37905
14.15		14.3899		1.31053
14.15		14.344		1.32651
14.15		14.308		1.32225
13.8264		14.2849		1.14127
13.8264		14.2624		1.2247
13.8261		14.2386		1.25708
13.8261		14.2067		1.09959
13.8261		14.1773		1.222
13.3662		14.1326		1.20593
13.3662		14.0945		1.09677
13.0965		14.0704		1.22364
13.0965		14.0135		1.09954
13.0965		13.9693		1.25119
11.2366		13.8381		1.3523
11.2366		13.6699		1.31437
11.2366		13.5352		1.25037
11.2366		13.3421		1.1801
11.216		13.0954		1.28406
11.216		12.8782		1.37293
11.216		12.6489		1.51099
11.2157		12.4875		1.50892
11.2157		12.2046		1.36386
11.2157		11.988		1.48397
10.2876		11.7631		1.64011
10.2876		11.5015		1.6637
10.075		11.2704		1.58327
10.075		11.2181		1.58602
10.075		11.2106		1.62786
10.075		11.2083		1.68354
9.41102		11.1972		1.59525
9.41102		11.1834		1.41585
9.41102		11.1814		1.57055
9.41102		11.1626		1.48271
8.96144		11.1028		1.38917
8.96144		11.0888		1.36373
8.96144		11.0756		1.46509
8.96144		11.0563		1.42953
8.96144		11.0348		1.37984
8.96144		11.0074		1.2884
8.96144		10.9685		1.33342
8.96144		10.9451		1.51845
8.96144		10.9018		1.3766
8.96144		10.8813		1.45113
8.96144		10.8433		1.55348
8.96144		10.8268		1.53599
8.96144		10.769		1.60941
8.96144		10.6931		1.59638
8.96144		10.6365		1.57538
8.96144		10.5334		1.61539
8.96144		10.4028		1.63589
8.96144		10.3054		1.66263
8.96144		10.2283		1.61833
8.96144		10.09		1.5795
8.96144		9.99408		1.74347
8.96144		9.87501		1.98033
8.96144		9.73775		1.97362
8.96144		9.65436		2.03347
8.96144		9.56886		2.00149
8.96144		9.51597		2.24306
8.64276		9.39854		2.16489
8.64276		9.30124		2.16538
8.64276		9.19467		2.07572
8.64276		9.05285		1.96864
8.64276		8.95833		1.89176
8.54225		8.94501		1.82299
8.54225		8.92674		1.81439
8.54225		8.91721		1.64466
8.54225		8.8933		1.62148
8.54225		8.8739		1.47947
8.54225		8.84643		1.40404
8.54225		8.81715		1.43322
8.48828		8.77424		1.49576
8.48828		8.70944		1.24124
8.39554		8.675		1.22989
8.39554		8.64567		1.22118
8.37804		8.62435		1.3313
8.22357		8.60524		1.43464
7.97814		8.57938		1.50949
7.96063		8.54768		1.30033
7.96063		8.50922		1.2632
7.81224		8.4675		1.42097
7.54753		8.43633		1.2379
7.41132		8.38978		1.41922
7.25889		8.31913		1.46228
7.23934		8.25418		1.29535
7.23934		8.15695		1.42851
7.23934		8.06354		1.44116
7.23934		7.93888		1.68914
7.23934		7.83848		1.65726
6.94772		7.72472		1.69633
6.94772		7.60614		1.67101
6.94772		7.50761		1.6544
6.94772		7.37943		1.76392
6.94772		7.3014		1.81308
6.94772		7.25395		1.64958
6.94772		7.2164		1.71981
6.94771		7.19836		1.61963
6.94771		7.18387		1.70008
6.94771		7.16786		1.60131
6.94771		7.14834		1.73997
6.94771		7.12371		1.59087
6.94771		7.0972		1.44625
6.94771		7.04446		1.1917
6.94771		7.0065		1.38622
6.94771		6.96085		1.36092
6.94771		6.94772		1.29591
6.94771		6.94772		1.50953
6.94771		6.94772		1.46678
6.94771		6.94772		1.64512
6.94771		6.94771		1.52816
6.94771		6.94771		1.43049
6.94771		6.94771		1.32333
6.94771		6.94771		1.36711
6.94771		6.94771		1.34088
6.94771		6.94771		1.37149
6.94771		6.94771		1.46599
6.94771		6.94771		1.53902
6.94771		6.94771		1.53488
6.94771		6.94771		1.70585
6.94771		6.94771		1.30667
6.94771		6.94771		1.41688
6.94771		6.94771		1.26077
6.94771		6.94771		1.37329
6.92415		6.94759		1.41482
6.7726		6.94671		1.37371
6.7726		6.94496		1.36606
6.7726		6.94047		1.46176
6.7726		6.93521		1.41924
6.7726		6.93084		1.5175
6.7726		6.92208		1.34602
6.7726		6.91157		1.42574
6.7726		6.90369		1.48406
6.7726		6.88782		1.32181
6.7726		6.87314		1.37767
6.7726		6.85289		1.33396
6.7726		6.83164		1.50988
6.7726		6.80175		1.50062
6.75971		6.77254		1.57677
6.75971		6.77234		1.63233
6.75971		6.77234		1.63135
6.75971		6.77209		1.67137
6.75971		6.77183		1.64283
6.75971		6.77151		1.53457
6.75971		6.77086		1.67122
6.75971		6.77015		1.7016
6.75971		6.76931		1.77749
6.75971		6.76867		1.73424
6.75971		6.76757		1.58826
6.71327		6.76599		1.45885
6.71327		6.76463		1.34939
6.71327		6.76215		1.35871
6.71327		6.75952		1.44259
6.71327		6.75815		1.4959
6.71327		6.75798		1.13388
6.71327		6.75712		1.19095
6.71327		6.75509		0.987216
6.71327		6.75214		1.20933
6.71327		6.74762		1.25299
6.71327		6.74235		1.25865
6.71327		6.73754		1.16853
6.71327		6.73163		1.19178
6.71327		6.7235		1.06305
6.71327		6.71467		1.12234
6.71327		6.71327		1.35967
6.70076		6.71321		1.46527
6.70076		6.71302		1.32498
6.68787		6.71264		1.23506
6.68787		6.71214		1.20807
6.68787		6.71151		1.25416
6.68787		6.71119		1.2961
6.68787		6.70999		1.28541
6.40788		6.70657		1.17942
6.40788		6.70232		1.05002
6.38248		6.69361		1.14224
6.38248		6.68676		1.40587
6.38248		6.67449		1.63935
6.38248		6.66534		1.52199
6.38248		6.64706		1.53722
6.38248		6.62692		1.41049
6.38248		6.60554		1.29961
6.38248		6.57748		1.39286
6.38248		6.54765		1.42354
6.38248		6.50092		1.26176
6.38248		6.43488		1.21011
6.38248		6.3885		1.12358
6.38248		6.38357		1.27912
6.38248		6.38248		1.18337
6.38248		6.38248		1.05777
6.38248		6.38248		1.0435
6.38248		6.38248		1.11245
6.38248		6.38248		1.03728
6.38248		6.38248		1.1678
6.38248		6.38248		1.34658
6.38248		6.38248		1.53977
6.38248		6.38248		1.55659
6.38248		6.38248		1.56152
6.38248		6.38248		1.34891
6.38248		6.38248		1.2052
6.38248		6.38248		1.34751
6.2403		6.38177		1.25288
6.2403		6.38177		1.19663
6.2403		6.38106		1.37005
6.2403		6.37963		1.4346
6.2403		6.37825		1.27929
6.2403		6.37612		1.22984
6.2403		6.37399		1.23557
6.2403		6.3677		1.12232
6.2403		6.35932		1.31579
6.2403		6.34687		1.00982
6.2403		6.33553		1.04924
6.2403		6.31795		1.2644
6.2403		6.3031		1.21189
6.2403		6.28208		1.20022
6.2403		6.25525		1.17958
6.2403		6.24144		1.15594
6.2403		6.2403		1.1406
6.2403		6.2403		1.14658
6.2403		6.2403		1.32929
6.2403		6.2403		1.28079
6.2403		6.2403		1.27453
6.2403		6.2403		1.25316
6.2403		6.2403		1.26134
6.2403		6.2403		1.2383
6.2403		6.2403		1.20428
6.2403		6.2403		1.04648
6.2403		6.2403		1.18939
6.2403		6.2403		1.08875
6.2403		6.2403		1.22835
6.2403		6.2403		1.20741
6.2403		6.2403		1.24201
6.2403		6.2403		0.975615
6.2403		6.2403		0.91313
6.2403		6.2403		1.16089
6.2403		6.2403		1.29505
6.2403		6.2403		1.14821
6.2403		6.2403		1.17454
6.2403		6.2403		1.37943
6.2403		6.2403		1.29134
6.2403		6.2403		1.3064
6.2403		6.2403		1.42891
6.2403		6.2403		1.62087
6.2403		6.2403		1.50501
6.2403		6.2403		1.56513
6.2403		6.2403		1.56922
6.2403		6.2403		1.28991
6.2403		6.2403		1.24156
6.2403		6.2403		1.3955
6.2403		6.2403		1.21054
6.2403		6.2403		1.30941
6.2403		6.2403		1.12374
6.2403		6.2403		1.30494
6.2403		6.2403		1.33117
6.2403		6.2403		1.29477
6.2403		6.2403		1.14589
6.2403		6.2403		1.17214
6.2403		6.2403		1.27712
6.2403		6.2403		1.33012
6.2403		6.2403		1.34908
6.2403		6.2403		1.27276
6.2403		6.2403		1.37595
6.2403		6.2403		1.13523
6.2403		6.2403		1.25457
6.2403		6.2403		1.20059
6.2403		6.2403		1.26324
6.2403		6.2403		1.16323
6.2403		6.2403		1.03678
6.2403		6.2403		1.24775
6.2403		6.2403		1.34526
6.2403		6.2403		1.27909
6.2403		6.2403		1.21094
6.2403		6.2403		1.32157
6.2403		6.2403		1.39896
6.2403		6.2403		1.32838
6.2403		6.2403		1.49288
6.2403		6.2403		1.40742
6.2403		6.2403		1.39392
6.2403		6.2403		1.37414
6.2403		6.2403		1.34945
6.2403		6.2403		1.6302
6.2403		6.2403		1.56116
6.2403		6.2403		1.55036
6.2403		6.2403		1.66396
6.2403		6.2403		1.69201
6.2403		6.2403		1.69592
6.2403		6.2403		1.82287
6.2403		6.2403		1.40968
6.2403		6.2403		1.32337
6.2403		6.2403		1.59591
6.2403		6.2403		1.44072
6.2403		6.2403		1.54986
6.2403		6.2403		1.5378
6.2403		6.2403		1.50788
6.2403		6.2403		1.67847
6.2403		6.2403		1.57165
6.2403		6.2403		1.62975
6.2403		6.2403		1.36982
6.2403		6.2403		1.33254
6.2403		6.2403		1.35734
6.2403		6.2403		1.29102
6.2403		6.2403		1.17428
6.2403		6.2403		1.30039
6.2403		6.2403		1.28115
6.2403		6.2403		1.3427
6.2403		6.2403		1.46144
6.2403		6.2403		1.34452
6.2403		6.2403		1.2746
6.2403		6.2403		1.42952
6.2403		6.2403		1.2949
6.2403		6.2403		1.29433
6.2403		6.2403		1.11409
6.2403		6.2403		1.25727
6.2403		6.2403		1.40594
6.2403		6.2403		1.44235
6.2403		6.2403		1.42317
6.2403		6.2403		1.37799
6.2403		6.2403		1.33545
6.2403		6.2403		1.30845
6.2403		6.2403		1.33863
6.2403		6.2403		1.40681
6.2403		6.2403		1.44548
6.2403		6.2403		1.43775
6.2403		6.2403		1.40431
6.2403		6.2403		1.44256
6.2403		6.2403		1.41973
6.2403		6.2403		1.3036
6.2403		6.2403		1.36814
6.2403		6.2403		1.41006
6.2403		6.2403		1.27667
6.2403		6.2403		1.34857
6.2403		6.2403		1.36851
6.2403		6.2403		1.45029
6.2403		6.2403		1.6718
6.2403		6.2403		1.64245
6.2403		6.2403		1.59751
6.2403		6.2403		1.50178
6.2403		6.2403		1.4304
6.2403		6.2403		1.36215
6.2403		6.2403		1.40194
6.2403		6.2403		1.60445
6.2403		6.2403		1.65572
6.2403		6.2403		1.53254
6.2403		6.2403		1.39738
6.2403		6.2403		1.41014
6.2403		6.2403		1.42555
6.2403		6.2403		1.38382
6.2403		6.2403		1.40497
6.2403		6.2403		1.53678
6.2403		6.2403		1.4072
6.2403		6.2403		1.32835
6.2403		6.2403		1.33011
6.2403		6.2403		1.23358
6.2403		6.2403		1.38315
6.2403		6.2403		1.37833
6.2403		6.2403		1.32256
6.2403		6.2403		1.44773
6.2403		6.2403		1.52395
6.2403		6.2403		1.57449
6.2403		6.2403		1.35477
6.2403		6.2403		1.13203
6.2403		6.2403		1.02722
6.2403		6.2403		1.17858
6.2403		6.2403		1.26471
6.2403		6.2403		1.29927
6.2403		6.2403		1.00513
6.2403		6.2403		1.1825
6.2403		6.2403		1.36429
6.2403		6.2403		1.16455
6.2403		6.2403		1.22523
6.2403		6.2403		1.13422
6.2403		6.2403		1.32211
6.2403		6.2403		1.43017
6.2403		6.2403		1.3118
6.2403		6.2403		1.18956
6.2403		6.2403		1.20898
6.2403		6.2403		1.31461
6.2403		6.2403		1.39237
6.2403		6.2403		1.51044
6.2403		6.2403		1.41135
6.2403		6.2403		1.60321
6.2403		6.2403		1.71732
6.2403		6.2403		1.84889
6.2403		6.2403		1.87621
6.2403		6.2403		1.5274
6.2403		6.2403		1.45914
6.2403		6.2403		1.4168
6.2403		6.2403		1.60568
6.2403		6.2403		1.33708
6.2403		6.2403		1.44149
6.2403		6.2403		1.53859
6.2403		6.2403		1.33676
6.2403		6.2403		1.43214
6.2403		6.2403		1.24695
6.2403		6.2403		1.37396
6.2403		6.2403		1.37365
6.2403		6.2403		1.45038
6.2403		6.2403		1.41089
6.2403		6.2403		1.43421
6.2403		6.2403		1.31816
6.2403		6.2403		1.33429
6.2403		6.2403		1.1053
6.2403		6.2403		1.16517
6.2403		6.2403		1.36691
6.2403		6.2403		1.60003
6.2403		6.2403		1.5088
6.2403		6.2403		1.50772
6.2403		6.2403		1.58041
6.2403		6.2403		1.54017
6.2403		6.2403		1.65523
6.2403		6.2403		1.68864
6.2403		6.2403		1.52467
6.2403		6.2403		1.52107
6.2403		6.2403		1.43126
6.2403		6.2403		1.27902
6.2403		6.2403		1.36709
6.2403		6.2403		1.32096
6.2403		6.2403		1.34147
6.2403		6.2403		1.29233
6.2403		6.2403		1.2722
6.2403		6.2403		1.46288
6.2403		6.2403		1.55062
6.2403		6.2403		1.65865
6.2403		6.2403		1.47714
6.2403		6.2403		1.31476
6.2403		6.2403		1.40885
6.2403		6.2403		1.43422
6.2403		6.2403		1.26421
6.2403		6.2403		1.27203
6.2403		6.2403		1.32766
6.2403		6.2403		1.23922
6.2403		6.2403		1.24594
6.2403		6.2403		1.3203
6.2403		6.2403		1.3078
6.2403		6.2403		1.34215
6.2403		6.2403		1.26918
6.2403		6.2403		1.26827
6.2403		6.2403		1.19963
6.2403		6.2403		1.25817
6.2403		6.2403		1.38104
6.2403		6.2403		1.42725
6.2403		6.2403		1.36155
6.2403		6.2403		1.45864
6.2403		6.2403		1.5368
6.2403		6.2403		1.58965
6.2403		6.2403		1.63925
6.2403		6.2403		1.21779
6.2403		6.2403		1.17711
6.2403		6.2403		1.23764
6.2403		6.2403		1.32394
6.2403		6.2403		1.23912
6.2403		6.2403		1.21281
6.2403		6.2403		1.27083
6.2403		6.2403		1.39345
6.2403		6.2403		1.20579
6.2403		6.2403		1.22755
6.2403		6.2403		1.27554
6.2403		6.2403		1.29065
6.2403		6.2403		1.50827
6.2403		6.2403		1.42996
6.2403		6.2403		1.25291
6.2403		6.2403		1.32568
6.2403		6.2403		1.2534
6.2403		6.2403		1.27713
6.2403		6.2403		1.49974
6.2403		6.2403		1.43753
6.2403		6.2403		1.24898
6.2403		6.2403		1.1265
6.2403		6.2403		1.16422
6.2403		6.2403		1.17544
6.2403		6.2403		1.27187
6.2403		6.2403		1.0409
6.2403		6.2403		1.019
6.2403		6.2403		1.04122
6.2403		6.2403		0.979897
6.2403		6.2403		1.23864
6.2403		6.2403		1.39501
6.2403		6.2403		1.58603
6.2403		6.2403		1.65119
6.2403		6.2403		1.583
6.2403		6.2403		1.57323
6.2403		6.2403		1.74027
6.2403		6.2403		1.58892
6.2403		6.2403		1.63585
6.2403		6.2403		1.67868
6.2403		6.2403		1.65604
6.2403		6.2403		1.52321
6.2403		6.2403		1.5637
6.2403		6.2403		1.38373
6.2403		6.2403		1.45047
6.2403		6.2403		1.36739
6.2403		6.2403		1.52702
6.2403		6.2403		1.82469
6.2403		6.2403		1.83465
6.2403		6.2403		1.78826
6.2403		6.2403		1.54679
6.2403		6.2403		1.5961
6.2403		6.2403		1.55302
6.2403		6.2403		1.44562
6.2403		6.2403		1.31306
6.2403		6.2403		1.20408
6.2403		6.2403		1.23161
6.2403		6.2403		1.31224
6.2403		6.2403		1.15443
6.2403		6.2403		1.28668
6.2403		6.2403		1.50327
6.2403		6.2403		1.39863
6.2403		6.2403		1.33058
6.2403		6.2403		1.22021
6.2403		6.2403		1.17727
6.2403		6.2403		1.5608
6.2403		6.2403		1.43364
6.2403		6.2403		1.32574
6.2403		6.2403		1.57777
6.2403		6.2403		1.60946
6.2403		6.2403		1.73063
6.2403		6.2403		1.62511
6.2403		6.2403		1.49361
6.2403		6.2403		1.59689
6.2403		6.2403		1.88422
6.2403		6.2403		1.69334
6.2403		6.2403		1.4787
6.2403		6.2403		1.34831
6.2403		6.2403		1.25385
6.2403		6.2403		1.21944
6.2403		6.2403		1.15221
6.2403		6.2403		1.23957
6.2403		6.2403		1.207
6.2403		6.2403		1.26194
6.2403		6.2403		1.21418
6.2403		6.2403		1.31932
6.2403		6.2403		1.11938
6.2403		6.2403		1.25158
6.2403		6.2403		1.09245
6.2403		6.2403		1.15113
6.2403		6.2403		1.33266
6.2403		6.2403		1.49921
6.2403		6.2403		1.23262
6.2403		6.2403		1.33809
6.2403		6.2403		1.43224
6.2403		6.2403		1.53224
6.2403		6.2403		1.27118
6.2403		6.2403		1.02067
6.2403		6.2403		1.10042
6.2403		6.2403		1.00949
6.2403		6.2403		1.19808
6.2403		6.2403		1.23296
6.2403		6.2403		1.14712
6.2403		6.2403		1.15212
6.2403		6.2403		1.13393
6.2403		6.2403		1.27938
6.2403		6.2403		1.3746
6.2403		6.2403		1.29497
6.2403		6.2403		1.34358
6.2403		6.2403		1.34932
6.2403		6.2403		1.35183
6.2403		6.2403		1.26974
6.2403		6.2403		1.21544
6.2403		6.2403		1.21794
6.2403		6.2403		1.28256
6.2403		6.2403		1.28064
6.2403		6.2403		1.26183
6.2403		6.2403		1.12235
6.2403		6.2403		1.29819
6.2403		6.2403		1.13206
6.2403		6.2403		1.11161
6.2403		6.2403		1.35844
6.2403		6.2403		1.40473
6.2403		6.2403		1.50475
6.2403		6.2403		1.59835
6.2403		6.2403		1.56599
6.2403		6.2403		1.66819
6.2403		6.2403		1.65833
6.2403		6.2403		1.2148
6.2403		6.2403		1.42393
6.2403		6.2403		1.32567
6.2403		6.2403		1.34033
6.2403		6.2403		1.1813
6.2403		6.2403		1.23917
6.2403		6.2403		1.39843
6.2403		6.2403		1.30847
6.2403		6.2403		1.37018
6.2403		6.2403		1.271
6.2403		6.2403		1.31821
6.2403		6.2403		1.53842
6.2403		6.2403		1.52646
6.2403		6.2403		1.51154
6.2403		6.2403		1.42068
6.2403		6.2403		1.5036
6.2403		6.2403		1.31672
6.2403		6.2403		1.28086
6.2403		6.2403		1.24347
6.2403		6.2403		1.15182
6.2403		6.2403		1.09551
6.2403		6.2403		1.35198
6.2403		6.2403		1.36035
6.2403		6.2403		1.22567
6.2403		6.2403		1.19771
6.2403		6.2403		1.28186
6.2403		6.2403		1.18477
6.2403		6.2403		1.1587
6.2403		6.2403		1.12877
6.2403		6.2403		1.06592
6.2403		6.2403		0.901675
6.2403		6.2403		1.0857
6.2403		6.2403		1.17604
6.2403		6.2403		1.09771
6.2403		6.2403		1.19459
6.2403		6.2403		1.31608
6.2403		6.2403		1.30803
6.2403		6.2403		1.42963
6.2403		6.2403		1.38978
6.2403		6.2403		1.59195
6.2403		6.2403		1.56782
6.2403		6.2403		1.58491
6.2403		6.2403		1.59192
6.2403		6.2403		1.74873
6.2403		6.2403		1.80616
6.2403		6.2403		1.44975
6.2403		6.2403		1.63799
6.2403		6.2403		1.50788
6.2403		6.2403		1.36287
6.2403		6.2403		1.36279
6.2403		6.2403		1.46858
6.2403		6.2403		1.09912
6.2403		6.2403		1.20733
6.2403		6.2403		1.27025
6.2403		6.2403		1.34166
6.2403		6.2403		1.70644
6.2403		6.2403		1.77766
6.2403		6.2403		1.75961
6.2403		6.2403		1.56513
6.2403		6.2403		1.44876
6.2403		6.2403		1.27982
6.2403		6.2403		1.54712
6.2403		6.2403		1.44654
6.2403		6.2403		1.34973
6.2403		6.2403		1.35663
6.2403		6.2403		1.16268
6.2403		6.2403		1.41716
6.2403		6.2403		1.67488
6.2403		6.2403		1.649
6.2403		6.2403		1.76867
6.2403		6.2403		1.7624
6.2403		6.2403		1.5999
6.2403		6.2403		1.60801
6.2403		6.2403		1.7684
6.2403		6.2403		1.65313
6.2403		6.2403		1.60633
6.2403		6.2403		1.63987
6.2403		6.2403		1.63888
6.2403		6.2403		1.58543
6.2403		6.2403		1.62463
6.2403		6.2403		1.43262
6.2403		6.2403		1.39244
6.2403		6.2403		1.3588
6.2403		6.2403		1.19485
6.2403		6.2403		1.17318
6.2403		6.2403		1.18778
6.2403		6.2403		1.22377
6.2403		6.2403		1.42819
6.2403		6.2403		1.35103
6.2403		6.2403		1.42311
6.2403		6.2403		1.56581
6.2403		6.2403		1.69286
6.2403		6.2403		1.66007
6.2403		6.2403		1.56545
6.2403		6.2403		1.48408
6.2403		6.2403		1.47811
6.2403		6.2403		1.53588
6.2403		6.2403		1.53472
6.2403		6.2403		1.63774
6.2403		6.2403		1.55188
6.2403		6.2403		1.40856
6.2403		6.2403		1.5565
6.2403		6.2403		1.5146
6.2403		6.2403		1.49107
6.2403		6.2403		1.4838
6.2403		6.2403		1.41069
6.2403		6.2403		1.30408
6.2403		6.2403		1.16224
6.2403		6.2403		1.42801
6.2403		6.2403		1.44346
6.2403		6.2403		0.989974
6.2403		6.2403		1.06511
6.2403		6.2403		1.24892
6.2403		6.2403		1.17308
6.2403		6.2403		1.24623
6.2403		6.2403		1.52666
6.2403		6.2403		1.60707
6.2403		6.2403		1.68675
6.2403		6.2403		1.6618
6.2403		6.2403		1.48711
6.2403		6.2403		1.52863
6.2403		6.2403		1.42611
6.2403		6.2403		1.26947
6.2403		6.2403		1.16004
6.2403		6.2403		1.13815
6.2403		6.2403		1.25438
6.2403		6.2403		1.13859
6.2403		6.2403		1.28411
6.2403		6.2403		1.16645
6.2403		6.2403		1.24591
6.2403		6.2403		1.15404
6.2403		6.2403		1.21806
6.2403		6.2403		1.33928
6.2403		6.2403		1.35111
6.2403		6.2403		1.29681
6.2403		6.2403		1.19515
6.2403		6.2403		1.41246
6.2403		6.2403		1.43264
6.2403		6.2403		1.45279
6.2403		6.2403		1.33794
6.2403		6.2403		1.25142
6.2403		6.2403		1.57289
6.2403		6.2403		1.45371
6.2403		6.2403		1.49094
6.2403		6.2403		1.55076
6.2403		6.2403		1.46308
6.2403		6.2403		1.38176
6.2403		6.2403		1.52185
6.2403		6.2403		1.44617
6.2403		6.2403		1.38033
6.2403		6.2403		1.3681
6.2403		6.2403		1.48415
6.2403		6.2403		1.28391
6.2403		6.2403		1.28739
6.2403		6.2403		1.3932
6.2403		6.2403		1.42657
6.2403		6.2403		1.36746
6.2403		6.2403		1.40529
6.2403		6.2403		1.45483
6.2403		6.2403		1.37009
6.2403		6.2403		1.44505
6.2403		6.2403		1.48521
6.2403		6.2403		1.41919
6.2403		6.2403		1.52591
6.2403		6.2403		1.40732
6.2403		6.2403		1.36594
6.2403		6.2403		1.3451
6.2403		6.2403		1.43374
6.2403		6.2403		1.37302
6.2403		6.2403		1.29035
6.2403		6.2403		1.19438
6.2403		6.2403		1.18837
6.2403		6.2403		1.1781
6.2403		6.2403		1.27466
6.2403		6.2403		1.46744
6.2403		6.2403		1.61678
6.2403		6.2403		1.4613
6.2403		6.2403		1.35354
6.2403		6.2403		0.975125
6.2403		6.2403		1.25912
6.2403		6.2403		1.29908
6.2403		6.2403		1.42557
6.2403		6.2403		1.40385
6.2403		6.2403		1.50645
6.2403		6.2403		1.16046
6.2403		6.2403		1.10731
6.2403		6.2403		1.26305
6.2403		6.2403		1.22951
6.2403		6.2403		1.0731
6.2403		6.2403		1.14112
6.2403		6.2403		1.22929
6.2403		6.2403		1.36813
6.2403		6.2403		1.51657
6.2403		6.2403		1.27305
6.2403		6.2403		1.35529
6.2403		6.2403		1.18276
6.2403		6.2403		1.20665
6.2403		6.2403		1.38474
6.2403		6.2403		1.42787
6.2403		6.2403		1.49682
6.2403		6.2403		1.65667
6.2403		6.2403		1.604
6.2403		6.2403		1.62671
6.2403		6.2403		1.66038
6.2403		6.2403		1.65966
6.2403		6.2403		1.51773
6.2403		6.2403		1.53379
6.2403		6.2403		1.5005
6.2403		6.2403		1.42323
6.2403		6.2403		1.24634
6.2403		6.2403		1.14689
6.2403		6.2403		1.31367
6.2403		6.2403		1.4217
6.2403		6.2403		1.38589
6.2403		6.2403		1.48758
6.2403		6.2403		1.52729
6.2403		6.2403		1.49091
6.2403		6.2403		1.64195
6.2403		6.2403		1.73117
6.2403		6.2403		1.67254
6.2403		6.2403		1.57522
6.2403		6.2403		1.57261
6.2403		6.2403		1.55564
6.2403		6.2403		1.42991
6.2403		6.2403		1.28525
6.2403		6.2403		1.59872
6.2403		6.2403		1.47984
6.2403		6.2403		1.46467
6.2403		6.2403		1.24604
6.2403		6.2403		1.17208
6.2403		6.2403		1.38671
6.2403		6.2403		1.23422
6.2403		6.2403		1.40604
6.2403		6.2403		1.50309
6.2403		6.2403		1.58497
6.2403		6.2403		1.50546
6.2403		6.2403		1.34821
6.2403		6.2403		1.34132
6.2403		6.2403		1.26857
6.2403		6.2403		1.36254
6.2403		6.2403		1.38743
6.2403		6.2403		1.43305
6.2403		6.2403		1.27763
6.2403		6.2403		1.36615
6.2403		6.2403		1.29817
6.2403		6.2403		1.39846
6.2403		6.2403		1.3388
6.2403		6.2403		1.16018
6.2403		6.2403		1.43987
6.2403		6.2403		1.42664
6.2403		6.2403		1.44368
6.2403		6.2403		1.30376
6.2403		6.2403		1.24513
6.2403		6.2403		1.34461
6.2403		6.2403		1.32635
6.2403		6.2403		1.30055
6.2403		6.2403		1.07594
6.2403		6.2403		0.984681
6.2403		6.2403		1.09551
6.2403		6.2403		1.14128
6.2403		6.2403		1.48446
6.2403		6.2403		1.32987
6.2403		6.2403		1.36423
6.2403		6.2403		1.23999
6.2403		6.2403		1.4828
6.2403		6.2403		1.43734
6.2403		6.2403		1.55683
6.2403		6.2403		1.49148
6.2403		6.2403		1.4618
6.2403		6.2403		1.34381
6.2403		6.2403		1.38495
6.2403		6.2403		1.23146
6.2403		6.2403		1.18118
6.2403		6.2403		1.10822
6.2403		6.2403		1.23472
6.2403		6.2403		1.1917
6.2403		6.2403		1.27765
6.2403		6.2403		1.24067
6.2403		6.2403		1.26953
6.2403		6.2403		1.30141
6.2403		6.2403		1.29816
6.2403		6.2403		1.28298
6.2403		6.2403		1.41927
6.2403		6.2403		1.59974
6.2403		6.2403		1.42128
6.2403		6.2403		1.25375
6.2403		6.2403		1.29793
6.2403		6.2403		1.27845
6.2403		6.2403		1.38363
6.2403		6.2403		1.35823
6.2403		6.2403		1.35279
6.2403		6.2403		1.53009
6.2403		6.2403		1.37818
6.2403		6.2403		1.25903
6.2403		6.2403		1.29835
6.2403		6.2403		1.47215
6.2403		6.2403		1.34042
6.2403		6.2403		1.31876
6.2403		6.2403		1.44005
6.2403		6.2403		1.30227
6.2403		6.2403		1.26684
6.2403		6.2403		1.50161
6.2403		6.2403		1.31699
6.2403		6.2403		1.48542
6.2403		6.2403		1.36188
6.2403		6.2403		1.45475
6.2403		6.2403		1.49233
6.2403		6.2403		1.32598
6.2403		6.2403		1.27571
6.2403		6.2403		1.27841
6.2403		6.2403		1.09404
6.2403		6.2403		1.16991
6.2403		6.2403		1.1807
6.2403		6.2403		1.28777
6.2403		6.2403		0.978945
6.2403		6.2403		1.26904
6.2403		6.2403		1.44333
6.2403		6.2403		1.43015
6.2403		6.2403		1.58229
6.2403		6.2403		1.59452
6.2403		6.2403		1.54958
6.2403		6.2403		1.60811
6.2403		6.2403		1.47928
6.2403		6.2403		1.63799
6.2403		6.2403		1.43706
6.2403		6.2403		1.39723
6.2403		6.2403		1.49901
6.2403		6.2403		1.46123
6.2403		6.2403		1.71183
6.2403		6.2403		1.62092
6.2403		6.2403		1.69912
6.2403		6.2403		1.61891
6.2403		6.2403		1.58553
6.2403		6.2403		1.71907
6.2403		6.2403		1.89006
6.2403		6.2403		1.98634
6.2403		6.2403		1.87459
6.2403		6.2403		1.67
6.2403		6.2403		1.63193
