12.4311		16.076		1.24331
12.4311		15.8148		1.2747
12.4311		15.5919		1.2876
12.4311		15.3634		1.25034
12.4311		15.0696		1.26518
11.9297		14.7725		1.29581
11.9297		14.5657		1.24324
11.9297		14.3382		1.17403
11.9297		14.09		1.21447
11.9297		13.8713		1.1914
11.9297		13.6273		1.17552
11.5466		13.4217		1.12158
11.5466		13.2356		1.05869
11.5466		13.0771		1.00688
11.5466		12.898		1.0118
11.3993		12.7452		0.973881
11.3327		12.6214		0.898809
11.0424		12.4886		0.905447
11.0424		12.3923		0.847944
11.0424		12.3084		0.839882
11.0424		12.198		0.830944
11.0424		12.1004		0.812027
10.9845		11.9997		0.79449
10.9845		11.906		0.810098
10.439		11.7999		0.805514
10.439		11.7308		0.732963
10.3375		11.6663		0.758012
10.3375		11.5614		0.725864
10.3375		11.4499		0.712577
10.3251		11.371		0.760476
10.3251		11.2969		0.804475
10.3251		11.2331		0.787196
10.3251		11.1791		0.742618
9.91983		11.1289		0.691477
9.67723		11.0532		0.764905
9.67723		10.997		0.734272
9.67723		10.949		0.750538
9.67723		10.8977		0.755914
9.67723		10.787		0.715595
9.67723		10.7332		0.730929
9.49156		10.6417		0.761395
9.49156		10.5792		0.740471
9.49156		10.496		0.743967
9.49156		10.4361		0.781767
9.49156		10.3596		0.744408
9.28127		10.2696		0.670204
9.28127		10.211		0.7492
9.28127		10.1696		0.678656
9.28127		10.1059		0.646427
9.28127		10.0414		0.672126
9.28127		9.95542		0.678578
9.28127		9.91149		0.735803
9.28127		9.84446		0.712185
9.28127		9.79586		0.659028
9.26333		9.73897		0.680419
9.26333		9.68399		0.65231
9.15415		9.62542		0.746375
9.15415		9.57006		0.739413
9.15415		9.51133		0.722941
9.15415		9.47281		0.753938
9.15415		9.44352		0.840245
9.09718		9.41202		0.808577
9.09718		9.3915		0.764145
9.09718		9.36931		0.747499
9.09718		9.34021		0.69399
9.09718		9.30082		0.644257
9.09718		9.27		0.592285
9.045		9.26221		0.540672
9.045		9.25368		0.5494
9.045		9.24044		0.509138
9.045		9.22687		0.485865
8.97392		9.20486		0.458617
8.97392		9.181		0.455129
8.97392		9.14711		0.447324
8.78984		9.10735		0.444337
8.73765		9.0818		0.426877
8.73765		9.054		0.439779
8.73765		9.02928		0.451858
8.73765		9.00521		0.450937
8.73765		8.97893		0.45165
8.48179		8.94102		0.410287
8.48179		8.90918		0.428472
8.48179		8.8764		0.461369
8.20231		8.84416		0.466032
8.20231		8.8234		0.448624
8.20231		8.80068		0.509436
8.20231		8.7795		0.487894
8.20231		8.76198		0.518725
8.20231		8.74795		0.5614
8.20231		8.73714		0.575446
8.20231		8.72553		0.551156
8.20231		8.71183		0.595074
8.20231		8.69795		0.568024
8.20231		8.67426		0.594503
8.20231		8.64777		0.566223
8.20231		8.62571		0.561793
8.1276		8.5958		0.524725
7.83		8.55639		0.561012
7.83		8.52974		0.593312
7.82157		8.49263		0.665239
7.82157		8.42406		0.6364
7.82157		8.38364		0.728398
7.65938		8.32893		0.735552
7.65938		8.28173		0.729827
7.65938		8.22707		0.704715
7.65938		8.17355		0.686129
7.65938		8.12184		0.707073
7.65938		8.07338		0.730379
7.50668		8.0238		0.744628
7.50668		8.00095		0.720226
7.49825		7.94597		0.69497
7.49825		7.89599		0.652733
7.49825		7.83777		0.630945
7.3683		7.79798		0.55401
7.3683		7.75933		0.51063
7.3683		7.73153		0.54574
7.3683		7.70619		0.577691
7.3683		7.67252		0.570547
7.28133		7.62873		0.531639
7.28133		7.58826		0.506538
7.2729		7.56233		0.509005
7.2729		7.53311		0.540627
7.2729		7.50612		0.597724
7.2729		7.46619		0.540895
7.2729		7.44447		0.541079
7.09751		7.41841		0.492828
7.08768		7.39069		0.440643
7.08768		7.36873		0.445252
6.93872		7.34036		0.479998
6.86451		7.30257		0.534749
6.86451		7.27058		0.543979
6.80375		7.24073		0.613523
6.80375		7.21973		0.581258
6.77353		7.19255		0.559387
6.77353		7.15512		0.58283
6.75522		7.11719		0.528822
6.6881		7.06901		0.537303
6.60075		7.01088		0.571803
6.60075		6.95584		0.584532
6.60075		6.90506		0.533504
6.60075		6.85413		0.512074
6.60075		6.82407		0.495636
6.60075		6.79107		0.51963
6.60075		6.76912		0.55867
6.60075		6.74485		0.535245
6.48043		6.72666		0.552724
6.48043		6.71375		0.572186
6.48043		6.69628		0.568349
6.48043		6.6778		0.507204
6.48043		6.65379		0.573609
6.48043		6.63882		0.546221
6.48043		6.62567		0.535704
6.48043		6.61046		0.533406
6.38989		6.58681		0.41492
6.38989		6.57757		0.386888
6.38989		6.56563		0.421291
6.38989		6.55052		0.423391
6.25755		6.52816		0.426308
6.25755		6.50511		0.408646
6.25755		6.48252		0.391155
6.25755		6.44806		0.468001
6.13723		6.42451		0.543897
6.13723		6.39646		0.595154
6.13723		6.37294		0.576243
6.11874		6.34242		0.515736
6.11874		6.30631		0.469144
6.11874		6.27748		0.472913
5.99842		6.24763		0.494409
5.99842		6.21889		0.494666
5.99842		6.20269		0.47032
5.99842		6.18478		0.530391
5.99842		6.16419		0.518795
5.99842		6.14454		0.466512
5.99842		6.11434		0.446682
5.99842		6.10353		0.487175
5.85462		6.09111		0.504201
5.85462		6.07412		0.491443
5.85462		6.05661		0.534419
5.85462		6.03624		0.500869
5.85462		6.01011		0.445754
5.85462		5.98844		0.533725
5.85304		5.98517		0.566123
5.75104		5.97694		0.530813
5.75104		5.96822		0.464005
5.75104		5.95897		0.491024
5.75104		5.94346		0.483085
5.75104		5.92653		0.504315
5.75104		5.90772		0.553533
5.75104		5.88067		0.500059
5.75104		5.85083		0.442585
5.75104		5.82038		0.487883
5.75104		5.8103		0.489465
5.75104		5.79472		0.496073
5.75104		5.78328		0.571692
5.75104		5.76581		0.606629
5.75104		5.75104		0.653279
5.75104		5.75104		0.722138
5.75104		5.75104		0.631249
5.75104		5.75104		0.651313
5.75104		5.75104		0.595046
5.75104		5.75104		0.579843
5.75104		5.75104		0.490752
5.75104		5.75104		0.463223
5.75104		5.75104		0.505266
5.74225		5.751		0.457995
5.74225		5.75096		0.432544
5.74225		5.75091		0.46491
5.74225		5.75082		0.472965
5.74225		5.75061		0.477931
5.74225		5.75039		0.487637
5.74225		5.75008		0.44832
5.74225		5.74964		0.443035
5.74225		5.74898		0.465411
5.74225		5.74845		0.526511
5.74225		5.74748		0.488105
5.74225		5.7466		0.542947
5.74225		5.74533		0.58383
5.74225		5.74366		0.580458
5.74225		5.74225		0.578358
5.74225		5.74225		0.538603
5.74225		5.74225		0.590802
5.74225		5.74225		0.639385
5.74225		5.74225		0.671241
5.74225		5.74225		0.652682
5.74225		5.74225		0.712599
5.74225		5.74225		0.580912
5.74225		5.74225		0.528946
5.74225		5.74225		0.497002
5.74225		5.74225		0.413044
5.74225		5.74225		0.412503
5.74225		5.74225		0.346969
5.74225		5.74225		0.349502
5.74225		5.74225		0.359482
5.74225		5.74225		0.429358
5.74225		5.74225		0.509484
5.74225		5.74225		0.54277
5.74225		5.74225		0.479035
5.74225		5.74225		0.508156
5.74225		5.74225		0.485088
5.52293		5.74115		0.462955
5.52293		5.74115		0.476188
5.52293		5.73896		0.472473
5.52293		5.73786		0.456834
5.52293		5.73238		0.450925
5.52293		5.72757		0.484994
5.52293		5.72208		0.61217
5.52293		5.71441		0.657457
5.52293		5.7063		0.557999
5.52293		5.69491		0.561016
5.52293		5.68199		0.558791
5.52293		5.6684		0.505493
5.52293		5.64941		0.54481
5.52293		5.6198		0.57519
5.52293		5.5869		0.660949
5.52293		5.55763		0.684141
5.52293		5.52694		0.659527
5.52293		5.52293		0.704566
5.52293		5.52293		0.676773
5.52293		5.52293		0.600542
5.52293		5.52293		0.615399
5.52293		5.52293		0.512648
5.52293		5.52293		0.466707
5.52293		5.52293		0.430413
5.52293		5.52293		0.475394
5.52293		5.52293		0.434748
5.52293		5.52293		0.48409
5.52293		5.52293		0.574623
5.52293		5.52293		0.541706
5.52293		5.52293		0.465607
5.52293		5.52293		0.407962
5.52293		5.52293		0.402912
5.52293		5.52293		0.488262
5.52293		5.52293		0.563386
5.52293		5.52293		0.55756
5.52293		5.52293		0.510172
5.52293		5.52293		0.475593
5.52293		5.52293		0.460779
5.52293		5.52293		0.498096
5.52293		5.52293		0.471571
5.52293		5.52293		0.479858
5.52293		5.52293		0.473769
5.45341		5.52258		0.468208
5.45341		5.52224		0.472433
5.45341		5.52224		0.483191
5.45341		5.52085		0.516017
5.45341		5.51841		0.590194
5.45341		5.51702		0.553536
5.45341		5.51389		0.449797
5.45341		5.51146		0.445374
5.45341		5.50798		0.4657
5.45341		5.50103		0.508499
5.45341		5.49512		0.569492
5.45341		5.48782		0.542287
5.45341		5.47705		0.538396
5.45341		5.4621		0.529451
5.45341		5.45341		0.54766
5.45341		5.45341		0.515025
5.35741		5.45293		0.511241
5.35741		5.45197		0.513881
5.35472		5.451		0.458206
5.35472		5.44907		0.460345
5.35472		5.44712		0.500687
5.35472		5.44517		0.537478
5.35472		5.44128		0.519724
5.35472		5.43542		0.549158
5.35472		5.43006		0.559535
5.35472		5.42417		0.563552
5.35472		5.41373		0.508817
5.35472		5.40589		0.495341
5.35472		5.39593		0.48564
5.35472		5.38344		0.414649
5.35472		5.36836		0.492667
5.35472		5.35632		0.497938
5.35472		5.35538		0.452485
5.35472		5.35487		0.422583
5.35472		5.35472		0.471757
5.35472		5.35472		0.428121
5.35472		5.35472		0.321253
5.35472		5.35472		0.428523
5.35472		5.35472		0.407542
5.35472		5.35472		0.40155
5.35472		5.35472		0.442404
5.35472		5.35472		0.449021
5.35472		5.35472		0.473456
5.35472		5.35472		0.475092
5.35472		5.35472		0.507737
5.35472		5.35472		0.511194
5.35472		5.35472		0.540549
5.35472		5.35472		0.494044
5.35472		5.35472		0.518183
5.35472		5.35472		0.537557
5.35472		5.35472		0.523494
5.35472		5.35472		0.464226
5.35472		5.35472		0.549683
5.35472		5.35472		0.540177
5.35472		5.35472		0.520376
5.35472		5.35472		0.517278
5.35472		5.35472		0.512322
5.35472		5.35472		0.524498
5.33556		5.35462		0.612298
5.33556		5.35462		0.702383
5.33556		5.35443		0.562725
5.33556		5.35415		0.567173
5.33556		5.35376		0.540988
5.33556		5.35328		0.553945
5.33556		5.35233		0.546446
5.33556		5.35165		0.521978
5.33556		5.34993		0.458497
5.33556		5.34811		0.442167
5.33556		5.34619		0.412632
5.33556		5.34342		0.43226
5.33556		5.34131		0.466438
5.33556		5.33824		0.502418
5.33556		5.33556		0.538005
5.33556		5.33556		0.550647
5.33556		5.33556		0.568345
5.33556		5.33556		0.498565
5.33556		5.33556		0.457117
5.33556		5.33556		0.511924
5.33556		5.33556		0.543066
5.33556		5.33556		0.623275
5.33556		5.33556		0.592878
5.33556		5.33556		0.501457
5.33556		5.33556		0.494874
5.33556		5.33556		0.496525
5.33556		5.33556		0.599198
5.33556		5.33556		0.577061
5.33556		5.33556		0.504575
5.33556		5.33556		0.506235
5.33556		5.33556		0.455883
5.33556		5.33556		0.39958
5.33556		5.33556		0.36951
5.33556		5.33556		0.406402
5.33556		5.33556		0.38581
5.33556		5.33556		0.402249
5.33556		5.33556		0.422963
5.33556		5.33556		0.485468
5.33556		5.33556		0.554688
5.33556		5.33556		0.516285
5.33556		5.33556		0.503614
5.33556		5.33556		0.516861
5.33556		5.33556		0.550985
5.33556		5.33556		0.498487
5.33556		5.33556		0.401621
5.33556		5.33556		0.362092
5.33556		5.33556		0.370362
5.33556		5.33556		0.345649
5.33556		5.33556		0.387023
5.33556		5.33556		0.359421
5.33556		5.33556		0.456701
5.33556		5.33556		0.425734
5.33556		5.33556		0.469714
5.33556		5.33556		0.484944
5.33556		5.33556		0.487306
5.33556		5.33556		0.446492
5.33556		5.33556		0.42811
5.33556		5.33556		0.455984
5.33556		5.33556		0.484111
5.27527		5.33526		0.503636
5.27527		5.33526		0.478344
5.27527		5.33496		0.478026
5.27527		5.33405		0.469345
5.27527		5.33255		0.497362
5.27527		5.33164		0.477007
5.27527		5.33013		0.520186
5.27527		5.32772		0.521584
5.27527		5.32471		0.611432
5.27527		5.32109		0.606826
5.27527		5.31486		0.551705
5.27527		5.30672		0.489678
5.27527		5.29978		0.531749
5.27527		5.28863		0.504509
5.27527		5.27989		0.56964
5.27527		5.27527		0.567834
5.27527		5.27527		0.553075
5.27527		5.27527		0.540604
5.27527		5.27527		0.564835
5.27527		5.27527		0.576903
5.27527		5.27527		0.564061
5.27527		5.27527		0.516665
5.27527		5.27527		0.47026
5.27527		5.27527		0.431192
5.27527		5.27527		0.442942
5.27527		5.27527		0.436094
5.27527		5.27527		0.429909
5.27527		5.27527		0.349368
5.27527		5.27527		0.35264
5.04064		5.2741		0.439047
5.04064		5.2741		0.399401
5.04064		5.2725		0.386149
5.04064		5.27015		0.505115
5.04064		5.26389		0.395634
5.04064		5.25567		0.443127
5.04064		5.24436		0.40961
5.04064		5.23222		0.512243
5.04064		5.21345		0.55611
5.04064		5.19118		0.492346
5.04064		5.15676		0.493333
5.04064		5.12323		0.507231
5.04064		5.08341		0.549223
5.04064		5.04148		0.645988
5.04064		5.04064		0.640321
5.04064		5.04064		0.57532
5.04064		5.04064		0.493818
5.04064		5.04064		0.496447
5.04064		5.04064		0.495947
5.04064		5.04064		0.500922
5.04064		5.04064		0.5004
5.04064		5.04064		0.454643
5.04064		5.04064		0.41736
5.04064		5.04064		0.39281
5.04064		5.04064		0.370857
5.04064		5.04064		0.511342
5.04064		5.04064		0.547209
5.04064		5.04064		0.52704
5.04064		5.04064		0.562958
5.04064		5.04064		0.599666
5.04064		5.04064		0.540186
5.04064		5.04064		0.530857
5.04064		5.04064		0.563717
5.04064		5.04064		0.532062
5.04064		5.04064		0.54949
5.04064		5.04064		0.567558
5.04064		5.04064		0.627162
5.04064		5.04064		0.584334
5.04064		5.04064		0.588474
5.04064		5.04064		0.673098
5.04064		5.04064		0.658444
5.04064		5.04064		0.680241
5.04064		5.04064		0.747284
5.04064		5.04064		0.747664
5.04064		5.04064		0.682269
5.04064		5.04064		0.71593
5.04064		5.04064		0.738332
5.04064		5.04064		0.723659
5.04064		5.04064		0.656719
5.04064		5.04064		0.560087
5.04064		5.04064		0.622804
5.04064		5.04064		0.610832
5.04064		5.04064		0.613743
5.04064		5.04064		0.576701
5.04064		5.04064		0.535342
5.04064		5.04064		0.599612
5.04064		5.04064		0.624318
5.04064		5.04064		0.602529
5.04064		5.04064		0.607746
5.04064		5.04064		0.581141
5.04064		5.04064		0.575761
5.04064		5.04064		0.602124
5.04064		5.04064		0.547831
5.04064		5.04064		0.516046
5.04064		5.04064		0.565642
5.04064		5.04064		0.605893
5.04064		5.04064		0.509283
5.04064		5.04064		0.470266
5.04064		5.04064		0.421199
5.04064		5.04064		0.469539
5.04064		5.04064		0.557292
5.04064		5.04064		0.530062
5.04064		5.04064		0.490396
5.04064		5.04064		0.502991
5.04064		5.04064		0.47279
5.04064		5.04064		0.469042
5.04064		5.04064		0.469911
5.04064		5.04064		0.484076
5.04064		5.04064		0.5052
5.04064		5.04064		0.525658
5.04064		5.04064		0.512876
5.04064		5.04064		0.476837
5.04064		5.04064		0.509853
5.04064		5.04064		0.523792
5.04064		5.04064		0.522476
5.04064		5.04064		0.552472
5.04064		5.04064		0.516992
5.04064		5.04064		0.546866
5.04064		5.04064		0.539918
5.04064		5.04064		0.607399
5.04064		5.04064		0.618933
5.04064		5.04064		0.614691
5.04064		5.04064		0.595671
5.04064		5.04064		0.578909
5.04064		5.04064		0.605651
5.03558		5.04058		0.526576
5.03558		5.04056		0.47972
5.03558		5.04051		0.512621
5.03558		5.04033		0.485012
5.03558		5.04026		0.511788
5.03558		5.04015		0.492414
5.03558		5.03998		0.485071
5.03558		5.03975		0.513705
5.03558		5.03937		0.46277
5.03558		5.03889		0.476381
5.03558		5.03848		0.513754
5.03558		5.03793		0.562286
5.03558		5.03712		0.482157
5.03558		5.03639		0.45979
5.03558		5.03558		0.457241
5.03558		5.03558		0.571426
5.03558		5.03558		0.550122
5.03558		5.03558		0.618643
5.03558		5.03558		0.546429
5.03558		5.03558		0.493784
5.03558		5.03558		0.47569
5.03558		5.03558		0.474675
5.03558		5.03558		0.425797
5.03558		5.03558		0.387781
5.03558		5.03558		0.398595
5.03558		5.03558		0.424674
5.03558		5.03558		0.378423
5.03558		5.03558		0.345889
5.03558		5.03558		0.436788
5.03558		5.03558		0.431054
5.03558		5.03558		0.43864
5.03558		5.03558		0.385899
5.03558		5.03558		0.47019
5.03558		5.03558		0.409655
5.03558		5.03558		0.403411
5.03558		5.03558		0.42949
5.03558		5.03558		0.434939
5.03558		5.03558		0.388208
5.03558		5.03558		0.375144
5.03558		5.03558		0.389873
5.03558		5.03558		0.342186
5.03558		5.03558		0.410666
5.03558		5.03558		0.476864
5.03558		5.03558		0.507226
5.03558		5.03558		0.492859
5.03558		5.03558		0.477002
5.03558		5.03558		0.529369
5.03558		5.03558		0.51815
5.03558		5.03558		0.504759
5.03558		5.03558		0.443282
5.03558		5.03558		0.492055
5.03558		5.03558		0.430199
5.03558		5.03558		0.391216
5.03558		5.03558		0.43291
5.03558		5.03558		0.456397
4.91461		5.03497		0.508027
4.91461		5.03255		0.477954
4.91461		5.03134		0.461491
4.91461		5.02832		0.40968
4.91461		5.02348		0.425796
4.91461		5.01864		0.4635
4.91461		5.00957		0.483569
4.91461		4.99808		0.538281
4.91461		4.98721		0.504032
4.91461		4.97512		0.588343
4.91461		4.95637		0.5681
4.91461		4.93858		0.471801
4.91461		4.91741		0.469424
4.91461		4.91461		0.472769
4.91461		4.91461		0.476754
4.91461		4.91461		0.509256
4.91461		4.91461		0.535004
4.91461		4.91461		0.597328
4.91461		4.91461		0.602831
4.91461		4.91461		0.586187
4.91461		4.91461		0.533837
4.91461		4.91461		0.517143
4.91461		4.91461		0.507375
4.91461		4.91461		0.5131
4.91461		4.91461		0.530861
4.91461		4.91461		0.470673
4.91461		4.91461		0.488445
4.91461		4.91461		0.477431
4.91461		4.91461		0.458251
4.91461		4.91461		0.418885
4.91461		4.91461		0.479526
4.91461		4.91461		0.513338
4.91461		4.91461		0.510347
4.91461		4.91461		0.460093
4.91461		4.91461		0.450987
4.91461		4.91461		0.526995
4.91461		4.91461		0.558133
4.91461		4.91461		0.585546
4.91461		4.91461		0.506549
4.91461		4.91461		0.481439
4.91461		4.91461		0.494264
4.91461		4.91461		0.575241
4.91461		4.91461		0.608123
4.91461		4.91461		0.668367
4.91461		4.91461		0.651443
4.91461		4.91461		0.61883
4.91461		4.91461		0.459788
4.91461		4.91461		0.42735
4.91461		4.91461		0.384128
4.91461		4.91461		0.421289
4.91461		4.91461		0.459238
4.91461		4.91461		0.439495
4.91461		4.91461		0.459175
4.91461		4.91461		0.51037
4.91461		4.91461		0.408179
4.91461		4.91461		0.457613
4.91461		4.91461		0.425154
4.91461		4.91461		0.39258
4.91461		4.91461		0.380215
4.91461		4.91461		0.361841
4.91461		4.91461		0.495783
4.91461		4.91461		0.53464
4.91461		4.91461		0.484697
4.91461		4.91461		0.494474
4.91461		4.91461		0.473672
4.91461		4.91461		0.514514
4.91461		4.91461		0.504662
4.91461		4.91461		0.471332
4.91461		4.91461		0.417399
4.91461		4.91461		0.387601
4.91461		4.91461		0.460138
4.91461		4.91461		0.419352
4.91461		4.91461		0.38642
4.91461		4.91461		0.459294
4.91461		4.91461		0.448395
4.91461		4.91461		0.457537
4.91461		4.91461		0.424037
4.91461		4.91461		0.440258
4.91461		4.91461		0.543268
4.91461		4.91461		0.466536
4.91461		4.91461		0.503421
4.91461		4.91461		0.487501
4.91461		4.91461		0.471184
4.91461		4.91461		0.464795
4.91461		4.91461		0.479185
4.91461		4.91461		0.522093
4.91461		4.91461		0.400229
4.91461		4.91461		0.469132
4.91461		4.91461		0.397366
4.91461		4.91461		0.464324
4.91461		4.91461		0.518028
4.91461		4.91461		0.42754
4.91461		4.91461		0.415052
4.91461		4.91461		0.513561
4.91461		4.91461		0.431823
4.91461		4.91461		0.436703
4.91461		4.91461		0.459749
4.91461		4.91461		0.457941
4.91461		4.91461		0.469177
4.91461		4.91461		0.512549
4.91461		4.91461		0.564583
4.91461		4.91461		0.570063
4.91461		4.91461		0.524763
4.91461		4.91461		0.552529
4.91461		4.91461		0.495718
4.91461		4.91461		0.48743
4.91461		4.91461		0.505494
4.91461		4.91461		0.52252
4.91461		4.91461		0.572772
4.91461		4.91461		0.562328
4.90259		4.91455		0.479214
4.90259		4.91449		0.46958
4.90259		4.91431		0.427939
4.90259		4.91419		0.442794
4.90259		4.91389		0.506023
4.90259		4.9131		0.517278
4.90259		4.91214		0.541018
4.90259		4.91118		0.58545
4.90259		4.91022		0.555448
4.90259		4.90884		0.574615
4.90259		4.9068		0.680948
4.90259		4.90488		0.584347
4.90259		4.90283		0.568783
4.90259		4.90259		0.523283
4.90259		4.90259		0.521151
4.90259		4.90259		0.499048
4.90259		4.90259		0.489297
4.90259		4.90259		0.491018
4.90259		4.90259		0.499896
4.90259		4.90259		0.435384
4.90259		4.90259		0.466178
4.90259		4.90259		0.486874
4.90259		4.90259		0.498419
4.90259		4.90259		0.587001
4.90259		4.90259		0.595972
4.90259		4.90259		0.514662
4.90259		4.90259		0.591001
4.90259		4.90259		0.601564
4.90259		4.90259		0.609263
4.88525		4.90251		0.631291
4.88525		4.90242		0.54313
4.88525		4.90216		0.445515
4.88525		4.90199		0.489434
4.88525		4.90155		0.524051
4.88525		4.90121		0.530254
4.88525		4.90034		0.509622
4.88525		4.89964		0.547017
4.88525		4.89843		0.472385
4.88525		4.89704		0.45802
4.88525		4.89496		0.484934
4.88525		4.89262		0.466156
4.88525		4.89063		0.399436
4.88525		4.88787		0.428377
4.88525		4.88525		0.392845
4.88525		4.88525		0.500446
4.88525		4.88525		0.558869
4.88525		4.88525		0.515103
4.88525		4.88525		0.432949
4.88525		4.88525		0.472237
4.88525		4.88525		0.528472
4.88525		4.88525		0.539956
4.88525		4.88525		0.551124
4.88525		4.88525		0.566
4.88525		4.88525		0.584781
4.88525		4.88525		0.608198
4.88525		4.88525		0.546127
4.88525		4.88525		0.553235
4.88525		4.88525		0.515078
4.88525		4.88525		0.446761
4.88525		4.88525		0.421408
4.88525		4.88525		0.43843
4.88525		4.88525		0.395225
4.88525		4.88525		0.404912
4.88525		4.88525		0.454119
4.88525		4.88525		0.50607
4.88525		4.88525		0.474374
4.88525		4.88525		0.515212
4.88525		4.88525		0.538373
4.88525		4.88525		0.537145
4.88525		4.88525		0.548838
4.88525		4.88525		0.595144
4.88525		4.88525		0.576896
4.88525		4.88525		0.560247
4.88525		4.88525		0.510547
4.88525		4.88525		0.537445
4.88525		4.88525		0.513145
4.88525		4.88525		0.517488
4.88525		4.88525		0.496539
4.88525		4.88525		0.526045
4.88525		4.88525		0.539511
4.88525		4.88525		0.516663
4.88525		4.88525		0.44959
4.88525		4.88525		0.45576
4.88525		4.88525		0.403154
4.88525		4.88525		0.424817
4.88525		4.88525		0.446375
4.88525		4.88525		0.481307
4.88525		4.88525		0.455751
4.88525		4.88525		0.502288
4.88525		4.88525		0.477389
4.88525		4.88525		0.480806
4.88525		4.88525		0.425379
4.88525		4.88525		0.479628
4.88525		4.88525		0.451887
4.88525		4.88525		0.515502
4.88525		4.88525		0.475981
4.88525		4.88525		0.477803
4.88525		4.88525		0.448786
4.88525		4.88525		0.502713
4.88525		4.88525		0.48488
4.88525		4.88525		0.531538
4.88525		4.88525		0.536991
4.88525		4.88525		0.449962
4.88525		4.88525		0.450103
4.88525		4.88525		0.44802
4.88525		4.88525		0.421502
4.88525		4.88525		0.455644
4.88525		4.88525		0.507906
4.88525		4.88525		0.574372
4.88525		4.88525		0.551226
4.88525		4.88525		0.492652
4.88525		4.88525		0.59454
4.88525		4.88525		0.602596
4.88525		4.88525		0.554193
4.88525		4.88525		0.632551
4.88525		4.88525		0.533159
4.88525		4.88525		0.488082
4.88525		4.88525		0.50508
4.88525		4.88525		0.557413
4.88525		4.88525		0.578598
4.88525		4.88525		0.564728
4.88525		4.88525		0.456811
4.88525		4.88525		0.488554
4.88525		4.88525		0.495879
4.88525		4.88525		0.513517
4.88525		4.88525		0.452546
4.88525		4.88525		0.416515
4.88525		4.88525		0.507627
4.88525		4.88525		0.452897
4.88525		4.88525		0.42106
4.88525		4.88525		0.380423
4.88525		4.88525		0.426946
4.88525		4.88525		0.499556
4.88525		4.88525		0.52477
4.88525		4.88525		0.58137
4.88525		4.88525		0.572789
4.88525		4.88525		0.674029
4.88525		4.88525		0.577431
4.88525		4.88525		0.557243
4.88525		4.88525		0.527885
4.88525		4.88525		0.47539
4.88525		4.88525		0.517478
4.88525		4.88525		0.547684
4.88525		4.88525		0.562753
4.88525		4.88525		0.534456
4.88525		4.88525		0.538826
4.88525		4.88525		0.532912
4.88525		4.88525		0.554219
4.88525		4.88525		0.54949
4.88525		4.88525		0.499173
4.88525		4.88525		0.424503
4.88525		4.88525		0.481497
4.88525		4.88525		0.449042
4.88525		4.88525		0.473059
4.88525		4.88525		0.444529
4.88525		4.88525		0.444677
4.88525		4.88525		0.426473
4.88525		4.88525		0.484561
4.88525		4.88525		0.49445
4.88525		4.88525		0.482372
4.88525		4.88525		0.516616
4.88525		4.88525		0.434257
4.88525		4.88525		0.442193
4.88525		4.88525		0.436727
4.88525		4.88525		0.471151
4.88525		4.88525		0.434963
4.88525		4.88525		0.438076
4.88525		4.88525		0.510898
4.88525		4.88525		0.575018
4.88525		4.88525		0.504995
4.88525		4.88525		0.524996
4.88525		4.88525		0.464507
4.88525		4.88525		0.514116
4.88525		4.88525		0.525239
4.88525		4.88525		0.509915
4.88525		4.88525		0.489219
4.88525		4.88525		0.554015
4.88525		4.88525		0.550471
4.88525		4.88525		0.502962
4.88525		4.88525		0.53132
4.88525		4.88525		0.52442
4.88525		4.88525		0.487203
4.88525		4.88525		0.494855
4.88525		4.88525		0.495856
4.88525		4.88525		0.493206
4.88525		4.88525		0.469676
4.88525		4.88525		0.457716
4.88525		4.88525		0.47275
4.88525		4.88525		0.441735
4.88525		4.88525		0.559575
4.88525		4.88525		0.460473
4.88525		4.88525		0.538124
4.88525		4.88525		0.490419
4.88525		4.88525		0.533403
4.88525		4.88525		0.544991
4.88525		4.88525		0.559007
4.88525		4.88525		0.52987
4.88525		4.88525		0.538766
4.88525		4.88525		0.546551
4.88525		4.88525		0.585061
4.88525		4.88525		0.570111
4.88525		4.88525		0.500733
4.88525		4.88525		0.468576
4.88525		4.88525		0.526746
4.88525		4.88525		0.507905
4.88525		4.88525		0.561844
4.88525		4.88525		0.528725
4.88525		4.88525		0.491335
4.88525		4.88525		0.413681
4.88525		4.88525		0.491734
4.88525		4.88525		0.483951
4.88525		4.88525		0.496285
4.88525		4.88525		0.605237
4.88525		4.88525		0.594637
4.88525		4.88525		0.545207
4.88525		4.88525		0.520878
4.88525		4.88525		0.532273
4.88525		4.88525		0.536072
4.88525		4.88525		0.577452
4.88525		4.88525		0.584548
4.88525		4.88525		0.594598
4.88525		4.88525		0.593439
4.88525		4.88525		0.591012
4.88525		4.88525		0.521457
4.88525		4.88525		0.527444
4.88525		4.88525		0.480312
4.88525		4.88525		0.488466
4.88525		4.88525		0.466782
4.88525		4.88525		0.449617
4.88525		4.88525		0.417355
4.88525		4.88525		0.403105
4.88525		4.88525		0.482779
4.88525		4.88525		0.459421
4.88525		4.88525		0.516583
4.88525		4.88525		0.448253
4.88525		4.88525		0.490896
4.88525		4.88525		0.433652
4.88525		4.88525		0.400623
4.88525		4.88525		0.36591
4.88525		4.88525		0.453354
4.88525		4.88525		0.452037
4.88525		4.88525		0.358916
4.88525		4.88525		0.412093
4.88525		4.88525		0.458069
4.88525		4.88525		0.489133
4.88525		4.88525		0.469731
4.88525		4.88525		0.463494
4.88525		4.88525		0.445212
4.88525		4.88525		0.518809
4.88525		4.88525		0.491786
4.88525		4.88525		0.544779
4.88525		4.88525		0.494275
4.88525		4.88525		0.475311
4.88525		4.88525		0.483861
4.88525		4.88525		0.517864
4.88525		4.88525		0.493596
4.88525		4.88525		0.453289
4.88525		4.88525		0.459829
4.88525		4.88525		0.481355
4.88525		4.88525		0.402977
4.88525		4.88525		0.389385
4.88525		4.88525		0.384107
4.88525		4.88525		0.37813
4.88525		4.88525		0.437683
4.88525		4.88525		0.474123
4.88525		4.88525		0.479073
4.88525		4.88525		0.501911
4.88525		4.88525		0.499708
4.88525		4.88525		0.582811
4.88525		4.88525		0.575043
4.88525		4.88525		0.581761
4.88525		4.88525		0.530368
4.88525		4.88525		0.528497
4.88525		4.88525		0.571827
4.88525		4.88525		0.557459
4.88525		4.88525		0.520986
4.88525		4.88525		0.505331
4.88525		4.88525		0.507507
4.88525		4.88525		0.493331
4.88525		4.88525		0.481069
4.88525		4.88525		0.434329
4.88525		4.88525		0.435868
4.88525		4.88525		0.483566
4.88525		4.88525		0.481688
4.88525		4.88525		0.488963
4.88525		4.88525		0.402642
4.88525		4.88525		0.382447
4.88525		4.88525		0.408206
4.88525		4.88525		0.404817
4.88525		4.88525		0.420293
4.88525		4.88525		0.415797
4.88525		4.88525		0.396153
4.88525		4.88525		0.51651
4.88525		4.88525		0.507736
4.88525		4.88525		0.434732
4.88525		4.88525		0.481498
4.88525		4.88525		0.501792
4.88525		4.88525		0.457737
4.88525		4.88525		0.44004
4.88525		4.88525		0.446562
4.88525		4.88525		0.463379
4.88525		4.88525		0.537864
4.88525		4.88525		0.484209
4.88525		4.88525		0.533532
4.88525		4.88525		0.556822
4.88525		4.88525		0.530599
4.88525		4.88525		0.606646
4.88525		4.88525		0.558443
4.88525		4.88525		0.538444
4.88525		4.88525		0.551735
4.88525		4.88525		0.554196
4.88525		4.88525		0.535473
4.88525		4.88525		0.537236
4.88525		4.88525		0.543717
