-3.33438
-3.33365
-3.33515
-3.33485
-3.33454
-3.33394
-3.335
-3.33409
-3.33319
-3.33304
-3.33229
-3.33244
-3.33198
-3.33229
-3.33289
-3.33304
-3.33258
-3.33243
-3.33242
-3.33227
-3.33167
-3.33167
-3.33182
-3.33183
-3.33198
-3.33168
-3.33198
-3.33168
-3.33137
-3.33076
-3.33106
-3.33136
-3.33197
-3.33197
-3.33258
-3.33258
-3.33213
-3.33273
-3.33288
-3.33228
-3.33287
-3.33302
-3.33407
-3.33362
-3.33393
-3.33424
-3.33333
-3.33333
-3.33333
-3.33288
-3.22847
-3.22835
-3.22865
-3.2285
-3.2285
-3.2282
-3.2282
-3.22805
-3.22744
-3.22775
-3.22775
-3.2279
-3.2282
-3.22714
-3.22729
-3.22759
-3.2285
-3.22971
-3.23092
-3.23047
-3.23077
-3.23092
-3.23107
-3.22926
-3.2291
-3.22925
-3.22865
-3.22835
-3.22835
-3.22729
-3.22714
-3.22623
-3.22517
-3.22472
-3.22396
-3.22396
-3.22427
-3.22276
-3.2214
-3.2214
-3.22216
-3.22261
-3.22367
-3.22412
-3.22442
-3.22382
-3.22397
-3.22443
-3.22458
-3.22428
-3.19111
-3.19075
-3.19211
-3.19226
-3.1924
-3.19316
-3.19437
-3.19482
-3.19498
-3.19543
-3.19588
-3.19649
-3.19634
-3.19619
-3.19679
-3.19634
-3.19619
-3.19679
-3.19498
-3.19362
-3.19408
-3.19468
-3.19423
-3.19302
-3.19347
-3.19256
-3.19105
-3.19226
-3.19226
-3.19226
-3.19181
-3.1912
-3.19165
-3.19181
-3.19135
-3.1909
-3.19105
-3.1906
-3.1903
-3.19121
-3.19105
-3.19121
-3.19106
-3.19151
-3.19121
-3.19196
-3.19272
-3.19226
-3.19317
-3.19256
-3.09138
-3.09125
-3.09095
-3.09111
-3.09141
-3.09081
-3.09141
-3.09187
-3.09247
-3.09232
-3.09352
-3.09367
-3.09322
-3.09232
-3.09126
-3.09005
-3.08945
-3.08975
-3.0896
-3.09051
-3.09021
-3.09005
-3.09051
-3.0893
-3.08884
-3.09126
-3.09186
-3.09202
-3.09383
-3.09398
-3.09428
-3.09473
-3.09337
-3.09352
-3.09383
-3.09367
-3.09322
-3.09201
-3.09383
-3.09368
-3.09368
-3.09277
-3.09337
-3.09337
-3.09382
-3.09352
-3.09277
-3.09262
-3.09292
-3.09231
-3.11063
-3.10932
-3.10902
-3.10841
-3.10901
-3.10931
-3.1093
-3.10794
-3.1081
-3.10765
-3.10659
-3.10659
-3.10539
-3.10524
-3.10584
-3.10614
-3.10584
-3.10523
-3.10553
-3.10689
-3.10705
-3.1072
-3.10629
-3.10599
-3.10553
-3.10538
-3.10553
-3.10568
-3.10658
-3.10674
-3.10795
-3.10871
-3.10886
-3.10841
-3.10886
-3.1078
-3.1084
-3.10855
-3.1084
-3.1087
-3.10855
-3.10779
-3.10764
-3.1081
-3.10901
-3.10946
-3.10825
-3.10886
-3.10961
-3.11051
-3.19579
-3.19627
-3.19748
-3.19824
-3.19688
-3.19673
-3.19749
-3.19824
-3.19794
-3.199
-3.19884
-3.19809
-3.19673
-3.19627
-3.19672
-3.19688
-3.19688
-3.19703
-3.19672
-3.19642
-3.19612
-3.19613
-3.19613
-3.19658
-3.19659
-3.19749
-3.1981
-3.19824
-3.19703
-3.19582
-3.19658
-3.19643
-3.19673
-3.19507
-3.19446
-3.19476
-3.19401
-3.19371
-3.19371
-3.19401
-3.19462
-3.19341
-3.19356
-3.19296
-3.1928
-3.19356
-3.19325
-3.19295
-3.1928
-3.19235
-3.15574
-3.15613
-3.15583
-3.15629
-3.15704
-3.15765
-3.15735
-3.1575
-3.15765
-3.15765
-3.1575
-3.15704
-3.15583
-3.15674
-3.15613
-3.15644
-3.15644
-3.15689
-3.15583
-3.15538
-3.15538
-3.15598
-3.15538
-3.15462
-3.15356
-3.15447
-3.15432
-3.15432
-3.15448
-3.15493
-3.15448
-3.15478
-3.15523
-3.15523
-3.15538
-3.15523
-3.15508
-3.15583
-3.15689
-3.15659
-3.15719
-3.15674
-3.15659
-3.15629
-3.15568
-3.15674
-3.15659
-3.15598
-3.15689
-3.15674
-3.13806
-3.13942
-3.14018
-3.13988
-3.14003
-3.14018
-3.14063
-3.13972
-3.14002
-3.13972
-3.13957
-3.13867
-3.13882
-3.13791
-3.13686
-3.13791
-3.13806
-3.13761
-3.13716
-3.13746
-3.13715
-3.13791
-3.13882
-3.13836
-3.13761
-3.13701
-3.13701
-3.13747
-3.13747
-3.13686
-3.1355
-3.13489
-3.13444
-3.13489
-3.13323
-3.13308
-3.13398
-3.13383
-3.13293
-3.13353
-3.13444
-3.13444
-3.13459
-3.13475
-3.13596
-3.13701
-3.13641
-3.13701
-3.13671
-3.13761
-3.12437
-3.12524
-3.12584
-3.12494
-3.12524
-3.12494
-3.12373
-3.12448
-3.12418
-3.12343
-3.12313
-3.12449
-3.12434
-3.12434
-3.12374
-3.12358
-3.12404
-3.12358
-3.12433
-3.12388
-3.12463
-3.12342
-3.12251
-3.12297
-3.12449
-3.1248
-3.12495
-3.1245
-3.12359
-3.12495
-3.12404
-3.12389
-3.12388
-3.12433
-3.12372
-3.12387
-3.12478
-3.12463
-3.12419
-3.12343
-3.12298
-3.12268
-3.12328
-3.12298
-3.12343
-3.12418
-3.12433
-3.12373
-3.12342
-3.12493
-3.12433
-3.12493
-3.12388
-3.12328
-3.12374
-3.12328
-3.12313
-3.12358
-3.12343
-3.12238
-3.12268
-3.12237
-3.12252
-3.12403
-3.12645
-3.12661
-3.126
-3.126
-3.12675
-3.12614
-3.12447
-3.12508
-3.12418
-3.12343
-3.12359
-3.12404
-3.12449
-3.12359
-3.12494
-3.12479
-3.12404
-3.12328
-3.12373
-3.12403
-3.12434
-3.12494
-3.12615
-3.12645
-3.126
-3.12569
-3.12494
-3.12524
-3.12585
-3.12644
-3.12478
-3.12493
-3.12539
-3.12525
-3.1257
-3.1254
