-6.65046
-6.65046
-6.64657
-6.62779
-6.61516
-6.60609
-6.59929
-6.59151
-6.58762
-6.58438
-6.58146
-6.57952
-6.5779
-6.57563
-6.57531
-6.57532
-6.575
-6.57435
-6.57436
-6.57339
-6.57306
-6.57274
-6.57339
-6.57371
-6.57306
-6.57209
-6.57306
-6.5737
-6.575
-6.57305
-5.84607
-5.84608
-5.84608
-5.84705
-5.84802
-5.84899
-5.84866
-5.84769
-5.84802
-5.84802
-5.84672
-5.84705
-5.84867
-5.85061
-5.85029
-5.85093
-5.85158
-5.84899
-5.8477
-5.84575
-5.84673
-5.84381
-5.84284
-5.84317
-5.84446
-5.8464
-5.84543
-5.84511
-5.84575
-5.84511
-5.5511
-5.55108
-5.55043
-5.55108
-5.55043
-5.55205
-5.554
-5.55076
-5.55043
-5.5514
-5.5527
-5.55432
-5.55496
-5.55399
-5.55464
-5.55593
-5.55658
-5.55593
-5.55561
-5.55626
-5.55658
-5.55528
-5.55496
-5.55431
-5.55528
-5.55529
-5.55561
-5.55238
-5.55237
-5.55367
-5.54523
-5.54277
-5.54536
-5.54633
-5.54601
-5.54795
-5.54633
-5.54536
-5.54439
-5.5431
-5.54342
-5.5418
-5.54277
-5.54213
-5.54342
-5.54245
-5.54277
-5.54375
-5.54439
-5.54407
-5.54439
-5.54374
-5.54147
-5.54147
-5.54115
-5.54342
-5.54374
-5.54504
-5.54504
-5.54537
-5.55703
-5.55982
-5.56144
-5.56111
-5.56046
-5.56176
-5.5624
-5.565
-5.56305
-5.56143
-5.56176
-5.56111
-5.55982
-5.56014
-5.55982
-5.55852
-5.56014
-5.55949
-5.56079
-5.56046
-5.56046
-5.55917
-5.55949
-5.55917
-5.55917
-5.55949
-5.55852
-5.55626
-5.55658
-5.55626
-5.45605
-5.45781
-5.45522
-5.45716
-5.45878
-5.45716
-5.45716
-5.45587
-5.45554
-5.45684
-5.45716
-5.45748
-5.45781
-5.45975
-5.45975
-5.45749
-5.45716
-5.4604
-5.4591
-5.45813
-5.45813
-5.45651
-5.45683
-5.45619
-5.45846
-5.45813
-5.45943
-5.45846
-5.45781
-5.45716
-5.45424
-5.45446
-5.45576
-5.45641
-5.45317
-5.45285
-5.45123
-5.45188
-5.45285
-5.45415
-5.45674
-5.45738
-5.45544
-5.45511
-5.45414
-5.45382
-5.45479
-5.45415
-5.45447
-5.45415
-5.45512
-5.45674
-5.45771
-5.45836
-5.45674
-5.45544
-5.45447
-5.45479
-5.45382
-5.45415
-5.46449
-5.46296
-5.46652
-5.46393
-5.46555
-5.46717
-5.4675
-5.4675
-5.46653
-5.46815
-5.46749
-5.46749
-5.46846
-5.46943
-5.46879
-5.46781
-5.46814
-5.46653
-5.46426
-5.46588
-5.46718
-5.4675
-5.46653
-5.46653
-5.46523
-5.46685
-5.46847
-5.46717
-5.46588
-5.46555
-5.35615
-5.3549
-5.35619
-5.35814
-5.35878
-5.35878
-5.35879
-5.35717
-5.35911
-5.35976
-5.35976
-5.36008
-5.3617
-5.36429
-5.36105
-5.36235
-5.36332
-5.36105
-5.36137
-5.3617
-5.36138
-5.36138
-5.36106
-5.36009
-5.36041
-5.3604
-5.36235
-5.36267
-5.36203
-5.36267
-5.39957
-5.39705
-5.39413
-5.39219
-5.39089
-5.39057
-5.39154
-5.39251
-5.39316
-5.39316
-5.39122
-5.39413
-5.39381
-5.39478
-5.3951
-5.39413
-5.39413
-5.39154
-5.39219
-5.39284
-5.39186
-5.39122
-5.38992
-5.38992
-5.38862
-5.3883
-5.39089
-5.39089
-5.39186
-5.39283
-5.33834
-5.34011
-5.34076
-5.34011
-5.34044
-5.34238
-5.34011
-5.34044
-5.34011
-5.34108
-5.34432
-5.34238
-5.34172
-5.33913
-5.33978
-5.33946
-5.34108
-5.34011
-5.33817
-5.3372
-5.33979
-5.33979
-5.34141
-5.34076
-5.33946
-5.34011
-5.3372
-5.33914
-5.34076
-5.3414
-5.42026
-5.4182
-5.41691
-5.41821
-5.41821
-5.41562
-5.41562
-5.41594
-5.41756
-5.4195
-5.42112
-5.42048
-5.42048
-5.42048
-5.41886
-5.41918
-5.41821
-5.41886
-5.41497
-5.41594
-5.41529
-5.414
-5.414
-5.41399
-5.41464
-5.41464
-5.41496
-5.41335
-5.41432
-5.41335
-5.39394
-5.39831
-5.39993
-5.39896
-5.39896
-5.40025
-5.39863
-5.39993
-5.40025
-5.40058
-5.40122
-5.4009
-5.39928
-5.39895
-5.39928
-5.3996
-5.39668
-5.39571
-5.39668
-5.39733
-5.39636
-5.39604
-5.39799
-5.39766
-5.39766
-5.39896
-5.39993
-5.39864
-5.39734
-5.39475
-5.56017
-5.55916
-5.55948
-5.55851
-5.55754
-5.5598
-5.55915
-5.55915
-5.55915
-5.55948
-5.56239
-5.56272
-5.56239
-5.56304
-5.56305
-5.56175
-5.55916
-5.56013
-5.5611
-5.56272
-5.56337
-5.56304
-5.56175
-5.56304
-5.56078
-5.56045
-5.56078
-5.56142
-5.56013
-5.5598
-5.43808
-5.4361
-5.43869
-5.43707
-5.43837
-5.43739
-5.4361
-5.43772
-5.43642
-5.43804
-5.43739
-5.43869
-5.44031
-5.44193
-5.4416
-5.44128
-5.43998
-5.44095
-5.44193
-5.4416
-5.44225
-5.44225
-5.44322
-5.4416
-5.43999
-5.44031
-5.43998
-5.43901
-5.43642
-5.43804
-5.3132
-5.31398
-5.31398
-5.3156
-5.31495
-5.31528
-5.31528
-5.31301
-5.31334
-5.31366
-5.31302
-5.31237
-5.31204
-5.31269
-5.31204
-5.31171
-5.31042
-5.3101
-5.31042
-5.3101
-5.31075
-5.31042
-5.31301
-5.31171
-5.31139
-5.31495
-5.31462
-5.31657
-5.31592
-5.31722
-5.29972
-5.29886
-5.2995
-5.29886
-5.29983
-5.29886
-5.29854
-5.29887
-5.29661
-5.29661
-5.29694
-5.29726
-5.29596
-5.29466
-5.29498
-5.29336
-5.29304
-5.29304
-5.29239
-5.29336
-5.29337
-5.29401
-5.29466
-5.29401
-5.29368
-5.29271
-5.29433
-5.29628
-5.29725
-5.29661
-5.4765
-5.47712
-5.47874
-5.47971
-5.48101
-5.48133
-5.48036
-5.47842
-5.47745
-5.47874
-5.47906
-5.48132
-5.48327
-5.48359
-5.48359
-5.48359
-5.48295
-5.48392
-5.48392
-5.4823
-5.48198
-5.48068
-5.47874
-5.48035
-5.48035
-5.47873
-5.47841
-5.47873
-5.47744
-5.4797
-5.45577
-5.45963
-5.45963
-5.45963
-5.46028
-5.45964
-5.45672
-5.45769
-5.45737
-5.45639
-5.4538
-5.45478
-5.45445
-5.45478
-5.45348
-5.45283
-5.45251
-5.45543
-5.45704
-5.45736
-5.45607
-5.45736
-5.45931
-5.45802
-5.459
-5.45964
-5.46126
-5.45867
-5.45932
-5.45867
-5.47074
-5.46955
-5.46825
-5.46825
-5.46793
-5.46858
-5.46761
-5.46438
-5.46664
-5.46503
-5.46438
-5.46567
-5.46373
-5.46535
-5.46373
-5.4647
-5.46535
-5.46761
-5.46696
-5.46502
-5.46502
-5.46599
-5.46761
-5.46567
-5.46827
-5.46795
-5.46795
-5.46601
-5.46536
-5.46438
-5.46471
-5.46665
-5.46795
-5.46795
-5.46535
-5.46406
-5.46114
-5.46276
-5.46341
-5.46438
-5.46406
-5.46471
-5.46568
-5.46601
-5.46536
-5.46633
-5.46406
-5.4673
-5.46891
-5.46761
-5.46728
-5.46826
-5.47052
-5.46987
-5.46987
-5.46955
-5.46923
-5.47182
-5.47441
-5.47312
-5.46955
-5.46761
-5.46923
-5.46826
-5.46761
-5.46923
-5.46988
-5.47117
-5.47279
-5.47279
-5.47279
-5.47182
-5.47247
-5.47052
-5.46955
-5.46923
-5.46858
-5.46664
-5.46729
-5.46923
-5.46729
-5.46405
-5.4647
-5.46599
-5.46664
-5.46567
-5.46566
-5.46631
-5.46566
-5.46502
-5.46534
-5.46502
-5.46437
-5.46437
-5.46663
-5.46501
-5.46793
-5.46858
-5.46663
-5.46664
-5.46664
-5.46728
-5.46631
-5.4634
-5.46308
-5.46502
-5.4647
-5.4647
-5.46502
-5.46534
-5.46761
-5.46761
-5.46955
-5.46825
-5.46761
-5.46631
-5.46728
-5.46664
-5.46761
-5.46955
-5.46923
-5.46955
-5.46923
-5.46826
-5.46826
-5.46891
-5.46988
-5.4702
-5.46923
-5.46826
-5.46729
-5.46923
-5.46826
-5.46761
-5.46826
-5.46761
-5.46696
-5.46502
-5.46372
-5.46405
-5.46437
-5.46534
-5.46761
-5.4702
-5.46956
-5.47053
-5.47021
-5.46924
-5.46923
-5.46891
-5.46632
-5.4647
-5.46437
-5.46437
-5.46372
-5.4647
-5.46599
-5.46502
-5.46729
-5.46696
-5.46891
-5.46923
-5.46988
-5.46988
-5.46923
-5.4702
-5.46988
-5.47085
-5.46988
-5.46632
-5.46632
-5.46503
-5.46632
-5.46503
-5.46762
-5.46761
-5.46664
-5.46632
-5.46502
-5.46567
-5.46567
-5.4647
-5.46406
-5.46244
-5.46471
-5.46698
-5.46601
-5.46568
-5.46373
-5.4647
-5.46534
-5.46534
-5.46437
-5.4647
-5.466
-5.466
-5.46859
-5.47086
-5.47183
-5.47215
-5.47085
-5.47085
-5.46988
-5.46891
-5.46858
-5.46761
-5.4715
-5.47182
-5.47182
-5.4715
-5.47085
-5.4689
-5.4702
-5.46891
-5.46956
-5.46794
-5.46794
-5.46794
-5.46891
-5.46891
-5.46858
-5.46923
-5.46858
-5.46696
-5.46535
-5.46664
-5.46599
-5.46632
-5.46599
-5.46794
-5.46859
-5.46729
-5.46632
-5.46567
-5.46697
-5.46826
-5.46794
-5.46729
-5.46989
-5.47021
-5.4715
-5.47053
-5.46923
-5.46664
-5.4647
-5.46341
-5.46535
-5.46568
-5.46535
-5.46697
-5.46988
-5.46956
-5.46891
-5.46891
-5.46924
-5.46859
-5.46989
-5.46924
-5.46924
-5.47151
-5.47248
-5.47151
-5.47151
-5.47086
-5.46859
-5.46891
-5.46761
-5.46891
-5.4702
-5.46826
-5.46632
-5.46632
-5.46503
-5.46406
-5.46535
-5.46503
-5.46729
-5.46567
-5.46567
-5.46567
-5.46794
-5.46664
-5.46794
-5.46762
-5.46697
-5.46535
-5.46599
-5.46534
-5.46728
-5.46858
-5.46761
-5.46664
-5.46632
-5.46664
-5.46567
-5.46502
-5.46632
-5.46632
-5.46696
-5.46696
-5.46858
-5.46825
-5.46663
-5.46664
-5.46664
-5.46696
-5.46793
-5.46664
-5.46631
-5.46502
-5.46599
-5.46599
-5.4647
-5.46211
-5.4634
-5.4647
-5.46599
-5.46534
-5.46793
-5.46631
-5.46664
-5.46664
-5.46534
-5.46923
-5.4702
-5.46923
-5.4702
-5.46955
-5.46923
-5.46697
-5.46437
-5.46631
-5.46696
-5.46696
-5.46631
-5.46631
-5.46599
-5.46826
-5.46632
-5.46696
-5.46631
-5.46728
-5.46826
-5.46761
-5.46987
-5.4689
-5.47019
-5.47052
-5.46858
-5.46825
-5.46631
-5.46696
-5.46728
-5.46728
-5.46631
-5.46664
-5.46663
-5.46793
-5.46825
-5.4676
-5.4663
-5.46695
-5.46663
-5.46598
-5.46663
-5.46534
-5.46631
-5.46599
-5.46631
-5.46695
-5.46663
-5.46696
-5.4676
-5.4676
-5.46793
-5.46696
-5.46501
-5.4663
-5.46533
-5.46468
-5.4637
-5.46306
-5.46306
-5.46468
-5.46339
-5.46436
-5.46662
-5.46662
-5.46889
-5.46889
-5.46986
-5.46824
-5.46629
-5.46467
-5.46597
-5.465
-5.46629
-5.46532
-5.46338
-5.46435
-5.46338
-5.46565
-5.46533
-5.46695
-5.4676
-5.46824
-5.47018
-5.46727
-5.46856
-5.4705
-5.47374
-5.47374
-5.47665
-5.47407
-5.47407
-5.47278
-5.46986
-5.46954
-5.46857
-5.46663
-5.46598
-5.46598
-5.46662
-5.46598
-5.46695
-5.46695
-5.46727
-5.46727
-5.46532
-5.46565
