0.8
0.791703
0.767314
0.728154
0.675899
0.612805
0.542055
0.46775
0.394677
0.327907
0.272139
0.230955
0.206172
0.197611
0.203255
0.219781
0.243266
0.269807
0.296006
0.319227
0.337682
0.350431
0.357284
0.358657
0.355428
0.348817
0.340234
0.331165
0.323081
0.317324
0.8
0.796183
0.786111
0.771871
0.755949
0.740819
0.728278
0.719151
0.713243
0.709579
0.706952
0.70428
0.700751
0.695895
0.689576
0.681834
0.672794
0.662669
0.651753
0.640363
0.628803
0.617396
0.606449
0.596343
0.587641
0.581094
0.577553
0.577779
0.582307
0.591269
0.8
0.814757
0.827909
0.837736
0.843553
0.844995
0.842156
0.835555
0.826097
0.814849
0.802891
0.791062
0.779849
0.769541
0.760194
0.751678
0.743791
0.736521
0.7302
0.725683
0.724031
0.726123
0.732304
0.742291
0.755081
0.769059
0.782213
0.792505
0.798347
0.799
0.8
0.791284
0.780076
0.768597
0.75826
0.749835
0.743502
0.739148
0.736616
0.735882
0.73688
0.739322
0.742613
0.745788
0.74768
0.747208
0.743661
0.736786
0.726996
0.715425
0.703808
0.694269
0.688964
0.689538
0.696645
0.709805
0.727593
0.748072
0.769247
0.789348
0.8
0.812718
0.822782
0.829571
0.833559
0.835533
0.83642
0.837111
0.838162
0.839567
0.840644
0.840219
0.837147
0.830636
0.820596
0.80757
0.792382
0.776005
0.759474
0.744021
0.730822
0.720914
0.714821
0.712451
0.713121
0.715867
0.719757
0.723968
0.727856
0.731061
0.8
0.800157
0.798918
0.79738
0.796672
0.79732
0.799064
0.801041
0.802429
0.802866
0.802485
0.801636
0.800478
0.798746
0.795911
0.791403
0.785059
0.777256
0.768899
0.761033
0.754721
0.750675
0.749071
0.749583
0.75172
0.755247
0.760257
0.76697
0.775589
0.786006
0.8
0.810486
0.821155
0.830614
0.838233
0.843663
0.846798
0.847482
0.84537
0.840014
0.83135
0.82039
0.809533
0.802156
0.801163
0.807472
0.819802
0.835627
0.85241
0.868042
0.88093
0.889817
0.893874
0.892802
0.886868
0.876899
0.864014
0.849466
0.834523
0.820398
0.8
0.789541
0.781161
0.775045
0.770457
0.766392
0.761676
0.755101
0.745881
0.73414
0.721166
0.70936
0.701513
0.700006
0.706115
0.719676
0.739091
0.761661
0.78412
0.803227
0.816363
0.821851
0.819269
0.809441
0.794413
0.777052
0.760155
0.745739
0.73507
0.728937
0.8
0.801108
0.804525
0.809913
0.817059
0.825662
0.83527
0.845278
0.854923
0.863431
0.870156
0.874917
0.877875
0.87922
0.878984
0.877357
0.875172
0.873771
0.874041
0.875438
0.876016
0.873509
0.866544
0.855472
0.842165
0.829368
0.819668
0.814561
0.814147
0.817391
0.8
0.804688
0.809874
0.814636
0.818787
0.822542
0.826598
0.831864
0.839028
0.848188
0.858652
0.869282
0.878892
0.886527
0.891556
0.893702
0.89284
0.8888
0.881352
0.870237
0.855408
0.837272
0.816844
0.79582
0.776172
0.759843
0.748311
0.74254
0.743118
0.750233
0.8
0.814413
0.829542
0.84205
0.850298
0.853737
0.852505
0.846933
0.837384
0.824408
0.80913
0.793616
0.780789
0.77373
0.774627
0.783831
0.79969
0.819223
0.839265
0.8572
0.871462
0.881589
0.887701
0.890182
0.889283
0.88514
0.8782
0.869565
0.861196
0.855201
0.8
0.799939
0.803014
0.807848
0.813455
0.819433
0.82567
0.832045
0.838428
0.844567
0.850269
0.85526
0.859074
0.861112
0.860699
0.857283
0.8504
0.839818
0.825568
0.808008
0.787997
0.766913
0.746592
0.729337
0.717552
0.713229
0.717165
0.728679
0.745724
0.765629
0.8
0.816758
0.831812
0.8439
0.852891
0.858577
0.860532
0.858256
0.851441
0.840193
0.825153
0.807407
0.788303
0.769469
0.75261
0.739612
0.732399
0.732684
0.741363
0.758097
0.781209
0.808157
0.83638
0.863721
0.888508
0.909242
0.924385
0.932507
0.932595
0.924509
0.8
0.781907
0.763386
0.747464
0.734942
0.72539
0.718226
0.713726
0.712968
0.716984
0.725921
0.73901
0.754887
0.772071
0.789031
0.804302
0.816499
0.824705
0.828611
0.828619
0.825499
0.820058
0.812718
0.803476
0.792133
0.778717
0.763889
0.748938
0.73556
0.725339
0.8
0.79571
0.792003
0.787777
0.782079
0.774718
0.766208
0.757646
0.750303
0.745259
0.743177
0.744233
0.748178
0.754578
0.762823
0.77225
0.782122
0.791667
0.800187
0.807098
0.812003
0.814505
0.814068
0.810097
0.802097
0.790051
0.774674
0.757464
0.740525
0.726251
0.8
0.795449
0.79645
0.803476
0.815489
0.830736
0.84705
0.862277
0.874731
0.883491
0.888594
0.890884
0.891884
0.893187
0.895946
0.900323
0.905289
0.909081
0.909784
0.906075
0.897495
0.884497
0.86819
0.850084
0.831814
0.814951
0.800843
0.790587
0.78483
0.783862
0.8
0.807129
0.819148
0.835597
0.855834
0.878485
0.901293
0.921266
0.935168
0.940178
0.934734
0.919076
0.895305
0.866939
0.838108
0.812616
0.792991
0.78008
0.773118
0.770365
0.770053
0.770991
0.773018
0.777182
0.785398
0.799546
0.820229
0.845969
0.873593
0.899542
0.8
0.8145
0.827446
0.83761
0.844537
0.847774
0.847083
0.842685
0.835511
0.827091
0.819389
0.814354
0.813264
0.816355
0.822737
0.830519
0.837344
0.841078
0.8402
0.834134
0.823258
0.808804
0.792762
0.777519
0.765308
0.757612
0.754899
0.756815
0.762651
0.771798
0.8
0.812041
0.825026
0.836619
0.845213
0.849813
0.850297
0.847259
0.841722
0.834631
0.826466
0.817138
0.806212
0.793374
0.778768
0.763114
0.747625
0.733746
0.72317
0.717825
0.719443
0.728816
0.744914
0.764814
0.784635
0.800836
0.811221
0.815364
0.814481
0.81093
0.8
0.798381
0.80108
0.808668
0.820323
0.834353
0.848802
0.861844
0.872
0.878302
0.88018
0.877426
0.870076
0.858557
0.843607
0.826356
0.808265
0.790919
0.775938
0.76472
0.758275
0.756796
0.759532
0.764804
0.770197
0.773024
0.770912
0.762843
0.750144
0.736496
0.725722
0.719023
0.714872
0.711623
0.709299
0.709402
0.713762
0.723583
0.739005
0.759201
0.782556
0.806749
0.828971
0.84629
0.856208
0.857225
0.849328
0.834113
0.814627
0.794578
0.777181
0.764463
0.757315
0.75602
0.760381
0.769704
0.782743
0.797727
0.812685
0.825808
0.835703
0.841488
0.842904
0.840321
0.834609
0.826902
0.818302
0.809537
0.801101
0.793357
0.78685
0.782173
0.779824
0.780183
0.783378
0.789188
0.797044
0.806092
0.815471
0.824402
0.832197
0.838195
0.841721
0.842158
0.839226
0.833076
0.824315
0.814078
0.803709
0.794538
0.787643
0.783601
0.78237
0.783329
0.785593
0.788312
0.790876
0.792943
0.794397
0.795169
0.795271
0.794619
0.793057
0.790546
0.787203
0.783262
0.778716
0.773428
0.767349
0.760716
0.754139
0.748388
0.744231
0.742148
0.742288
0.744693
0.749562
0.757062
0.766917
0.778213
0.789632
0.799922
0.808459
0.815316
0.820934
0.825903
0.830595
0.834935
0.838395
0.840074
0.839103
0.834956
0.827591
0.817508
0.805595
0.793045
0.781166
0.77132
0.764759
0.762355
0.764452
0.770821
0.780717
0.792837
0.805454
0.816693
0.824811
0.828589
0.827564
0.822073
0.813004
0.801635
0.789317
0.777413
0.767236
0.760015
0.75665
0.757419
0.761902
0.769223
0.77825
0.787804
0.79692
0.805193
0.812887
0.820598
0.828612
0.836553
0.843472
0.848168
0.849422
0.846275
0.838306
0.825886
0.810323
0.79381
0.779043
0.76868
0.764639
0.767525
0.776473
0.789214
0.80257
0.813045
0.817609
0.814217
0.802162
0.782373
0.757337
0.730822
0.70742
0.69163
0.686623
0.692856
0.708027
0.72808
0.749014
0.767955
0.78338
0.794781
0.802416
0.807006
0.809646
0.811543
0.813741
0.816703
0.820163
0.823276
0.82516
0.825591
0.825255
0.825486
0.827367
0.830796
0.834216
0.835325
0.832145
0.823936
0.811362
0.796043
0.779928
0.764655
0.751229
0.740227
0.732126
0.727565
0.727365
0.732144
0.741655
0.754477
0.768278
0.780642
0.790153
0.79702
0.802672
0.808572
0.814894
0.820186
0.822533
0.820885
0.815911
0.80964
0.804623
0.802755
0.804434
0.808597
0.813341
0.816878
0.818096
0.816752
0.813429
0.809079
0.804693
0.80103
0.798548
0.797522
0.798269
0.801035
0.805709
0.811465
0.816784
0.819997
0.819804
0.815819
0.808699
0.799943
0.791627
0.785938
0.784392
0.78729
0.793797
0.802266
0.810632
0.816827
0.819276
0.817468
0.812348
0.806081
0.801229
0.799593
0.801615
0.806339
0.81216
0.817485
0.821349
0.82361
0.824791
0.825759
0.82717
0.829191
0.831457
0.833227
0.83361
0.831577
0.826263
0.817046
0.80377
0.787016
0.768252
0.749878
0.734923
0.72607
0.724312
0.728339
0.735364
0.742812
0.74932
0.754631
0.758925
0.762322
0.764657
0.765491
0.764347
0.761035
0.755845
0.749817
0.744572
0.74186
0.742841
0.747621
0.75536
0.764951
0.775605
0.786992
0.798977
0.811203
0.822865
0.832745
0.839616
0.842768
0.842356
0.839542
0.836306
0.834624
0.835615
0.839137
0.843974
0.848772
0.85264
0.855478
0.85769
0.859434
0.860046
0.858327
0.853476
0.846063
0.838119
0.832127
0.829603
0.830403
0.833145
0.835872
0.836552
0.833326
0.824912
0.810987
0.792273
0.770352
0.747389
0.72571
0.707454
0.694439
0.687843
0.687856
0.693463
0.702701
0.713464
0.724253
0.734445
0.744035
0.753141
0.761583
0.768856
0.774273
0.777308
0.77781
0.776338
0.774213
0.773366
0.77582
0.782851
0.794441
0.809178
0.824891
0.839356
0.850789
0.857975
0.860195
0.857045
0.848501
0.835022
0.817806
0.798975
0.78129
0.767549
0.759685
0.758221
0.762354
0.770708
0.781846
0.794424
0.807142
0.818724
0.827968
0.833863
0.835932
0.834472
0.830658
0.826298
0.823409
0.823677
0.827857
0.835595
0.845616
0.856192
0.86551
0.87199
0.874372
0.871813
0.86408
0.851522
0.834907
0.815157
0.79316
0.7699
0.746716
0.725567
0.708819
0.698598
0.696094
