1.06942
1.05538
1.04335
1.03587
1.03447
1.03827
1.0448
1.05208
1.05982
1.06883
1.07973
1.09219
1.105
1.11651
1.1253
1.13055
1.1322
1.13098
1.12804
1.1245
1.12097
1.11736
1.11302
1.10741
1.10072
1.09396
1.08815
1.08379
1.08093
1.07952
1.07944
1.08047
1.08227
1.08449
1.08709
1.09059
1.09592
1.10387
1.11446
1.12677
1.13931
1.1508
1.1607
1.16922
1.17704
1.18445
1.19102
1.19556
1.19668
1.19351
1.18608
1.17527
1.16226
1.14823
1.13406
1.12044
1.1079
1.09688
1.08762
1.07987
1.07261
1.06405
1.05238
1.03701
1.01968
1.00431
0.995477
0.996245
1.00704
1.02617
1.0509
1.07807
1.10441
1.12715
1.14436
1.15518
1.15957
1.15817
1.15188
1.14173
1.12884
1.11453
1.10054
1.08927
1.0834
1.08507
1.09471
1.1104
1.12839
1.14446
1.15523
1.15896
1.15563
1.14657
1.13393
1.12016
1.10759
1.09818
1.09335
1.09414
1.10091
1.1127
1.12666
1.13867
1.14494
1.14314
1.13255
1.11385
1.08908
1.06159
1.03568
1.01578
1.00529
1.00572
1.01646
1.03515
1.05839
1.08257
1.10447
1.12163
1.13263
1.13734
1.13728
1.13523
1.13343
1.13124
1.12549
1.11337
1.09492
1.07323
1.05299
1.03852
1.03228
1.03421
1.04226
1.05355
1.06563
1.077
1.087
1.0953
1.10155
1.10514
1.10534
1.10153
1.0936
1.08219
1.06868
1.05486
1.04259
1.0335
1.02876
1.02896
1.03399
1.04307
1.05475
1.06722
1.07883
1.0886
1.09612
1.1013
1.10409
1.10477
1.10409
1.10315
1.10282
1.10334
1.10447
1.10591
1.10777
1.11046
1.11432
1.11916
1.12425
1.12846
1.13059
1.12965
1.12511
1.11727
1.10732
1.09724
1.08897
1.08348
1.08025
1.07792
1.07548
1.07309
1.07191
1.07321
1.07746
1.08403
1.09157
1.09868
1.1042
1.10742
1.10782
1.10509
1.09916
1.09041
1.07953
1.06709
1.05319
1.03745
1.0197
1.00108
0.984596
0.974393
0.973434
0.981502
0.995331
1.01066
1.02422
1.03458
1.04208
1.04818
1.05472
1.06293
1.07291
1.08374
1.09413
1.10317
1.11058
1.11657
1.12131
1.12457
1.12597
1.12544
1.12381
1.12273
1.12404
1.1289
1.13741
1.14861
1.16073
1.17174
1.1799
1.18437
1.18535
1.18352
1.17943
1.17309
1.16439
1.15389
1.14338
1.13538
1.13192
1.13358
1.13923
1.14671
1.15353
1.15772
1.1583
1.15544
1.15011
1.14338
1.13587
1.12761
1.11852
1.10889
1.09936
1.09007
1.08037
1.0697
1.05854
1.04865
1.04242
1.04186
1.04768
1.05907
1.07405
1.09022
1.10535
1.11785
1.12679
1.13201
1.13392
1.13338
1.13144
1.12923
1.12781
1.12784
1.12928
1.1312
1.13214
1.13102
1.12816
1.1254
1.12474
1.12669
1.1301
1.13333
1.13552
1.13683
1.13816
1.14068
1.14543
1.15288
1.16269
1.17356
1.18344
1.1899
1.19072
1.18447
1.17118
1.15258
1.13214
1.1144
1.10368
1.10187
1.10708
1.11474
1.12041
1.12164
1.11826
1.11181
1.10485
1.10027
1.10052
1.10691
1.11921
1.13568
1.15351
1.16942
1.18011
1.18286
1.17597
1.15918
1.13406
1.10395
1.07347
1.04733
1.02889
1.01917
1.01693
1.01959
1.02422
1.02848
1.03111
1.03199
1.03177
1.03136
1.03152
1.03257
1.03414
1.03519
1.03456
1.03232
1.03123
1.03571
1.04751
1.0631
1.0768
1.08511
1.08746
1.08484
1.07886
1.0715
1.06489
1.06083
1.06015
1.06262
1.06722
1.07279
1.07835
1.08336
1.08777
1.09176
1.09539
1.09804
1.09836
1.09482
1.08652
1.07387
1.05874
1.04415
1.03346
1.0295
1.0336
1.04503
1.06124
1.07887
1.09502
1.10805
1.11757
1.12389
1.12747
1.12865
1.12767
1.12474
1.12006
1.11383
1.10631
1.09795
1.08966
1.08274
1.07867
1.07866
1.08337
1.09271
1.10588
1.12146
1.13753
1.15181
1.16215
1.16689
1.16516
1.15681
1.14235
1.1227
1.09907
1.07274
1.04506
1.01766
0.99278
0.973515
0.963288
0.964386
0.976548
0.99677
1.0205
1.04312
1.06095
1.07166
1.07451
1.07022
1.06089
1.04966
1.04016
1.03551
1.03738
1.04537
1.05717
1.06947
1.07935
1.08524
1.08736
1.08744
1.08792
1.09099
1.0977
1.10758
1.11857
1.12764
1.13191
1.12973
1.12134
1.1085
1.09385
1.08013
1.06963
1.06389
1.06361
1.06865
1.07815
1.09098
1.10606
1.1226
1.13999
1.15762
1.17476
1.19055
1.2041
1.21446
1.22047
1.22075
1.21414
1.2001
1.17917
1.15275
1.12282
1.09165
1.06162
1.0354
1.01583
1.00533
1.00492
1.01362
1.0291
1.04873
1.07038
1.09262
1.11443
1.13481
1.15271
1.16703
1.17699
1.18232
1.18334
1.18084
1.17596
1.17005
1.16441
1.16013
1.15779
1.1573
1.15778
1.15782
1.15585
1.15079
1.14239
1.13154
1.12009
1.11039
1.10458
1.10371
1.10712
1.11269
1.11767
1.11954
1.11654
1.10782
1.09343
1.07423
1.0519
1.02863
1.0069
0.989208
0.97786
0.974759
0.980976
0.996058
1.01761
1.04182
1.06475
1.08379
1.09825
1.10911
1.11801
1.12631
1.1345
1.14222
1.14866
1.15314
1.15553
1.15637
1.15675
1.158
1.16114
1.16652
1.17361
1.18118
1.18793
1.19319
1.19754
1.2025
1.20953
1.21885
1.2292
1.23846
1.24437
1.24511
1.23959
1.22769
1.21039
1.18974
1.16849
1.14927
1.13377
1.12239
1.1144
1.10828
1.10212
1.09417
1.0833
1.0694
1.0535
1.0376
1.02458
1.01757
1.01894
1.02933
1.0473
1.06994
1.09373
1.11529
1.13188
1.14185
1.14493
1.14221
1.13551
1.12664
1.11676
1.10618
1.09461
1.08165
1.06749
1.05335
1.04123
1.03323
1.03025
1.03121
1.03333
1.03358
1.03017
1.02318
1.01441
1.00641
1.00152
1.00113
1.00547
1.0139
1.02501
1.03691
1.04757
1.05547
1.05995
1.06123
1.06009
1.0576
1.05485
1.05291
1.05264
1.05455
1.05855
1.0639
1.06931
1.07342
1.07531
1.07499
1.07345
1.07233
1.07332
1.07745
1.08441
1.09245
1.09885
1.10091
1.09699
1.08713
1.07297
1.05695
1.04152
1.02856
1.01923
1.01378
1.01146
1.01097
1.01145
1.01329
1.01802
1.027
1.04017
1.05574
1.07106
1.08347
1.09084
1.09196
1.08684
1.07686
1.06453
1.05286
1.04451
1.04108
1.04277
1.04855
1.05667
1.06536
1.0736
1.08114
1.08801
1.09393
1.09797
1.09885
1.09542
1.08723
1.07464
1.05869
1.04054
1.02109
1.00123
0.98229
0.966096
0.954345
0.947964
0.947124
0.951842
0.962438
0.979196
1.00179
1.02903
1.05901
1.0895
1.11814
1.14266
1.16105
1.17206
1.17555
1.17268
1.1659
1.1583
1.15239
1.149
1.14707
1.14479
1.14097
1.13568
1.13006
1.12591
1.12497
1.12841
1.13609
1.14644
1.15702
1.16559
1.17088
1.17276
1.17183
1.16891
1.1647
1.15974
1.15448
1.14909
1.14316
1.13565
1.12541
1.11219
1.09755
1.08472
1.07663
1.07381
1.07438
1.07591
1.07675
1.07585
1.07258
1.06706
1.06051
1.05487
1.05177
1.05177
1.05421
1.05793
1.06204
1.0664
1.07144
1.07772
1.08538
1.09401
1.10276
1.11059
1.11645
1.11942
1.11903
1.11553
1.10999
1.10396
1.09888
1.09558
1.09463
1.09709
1.10459
1.11775
1.13398
1.14813
1.15588
1.1561
1.15029
1.14082
1.12968
1.11815
1.10701
1.09694
1.08867
1.0831
1.08118
1.08357
1.09015
1.09974
1.11023
1.11907
1.12384
1.12277
1.11512
1.10152
1.08407
1.06611
1.05126
1.04232
1.04051
1.04522
1.05465
1.06682
1.08012
1.09353
1.1063
1.11763
1.12656
1.13194
1.13277
1.12846
1.11915
1.10579
1.09013
1.07436
1.06059
1.05047
1.04485
1.04356
1.04555
1.04897
1.05169
1.0519
1.04836
1.04051
1.02835
1.01256
0.994831
0.978072
0.966016
0.961966
0.967299
0.98081
0.999495
1.01993
1.03928
1.05544
1.06701
1.07318
1.074
1.07051
1.06458
1.05844
1.05413
1.05316
1.05636
1.06356
1.07365
1.08491
1.09537
1.10318
1.10675
1.10503
1.09777
1.08556
1.06987
1.05257
1.03559
1.02067
1.0093
1.00274
1.00178
1.00636
1.01544
1.02752
1.0413
1.05597
1.0709
1.08535
1.0985
1.10958
1.11817
1.12413
1.12752
1.12857
1.12768
1.12526
1.12155
1.11662
1.11035
1.10266
1.09375
1.08421
1.07522
1.0685
1.06591
1.06838
1.07502
1.08321
1.09002
1.09349
1.09324
1.09027
1.08636
1.08351
1.08327
1.08639
1.09271
1.10137
1.1111
1.12057
1.12871
1.13482
1.13866
1.14057
1.14137
1.14211
1.14383
1.1473
1.1527
1.15933
1.16569
1.16988
1.17026
1.16612
1.15791
1.14677
1.13391
1.12015
1.10642
1.09433
1.08627
1.08451
1.09012
1.10248
1.11972
1.13944
1.1594
1.17777
1.19325
1.20506
1.21298
1.21736
1.21901
1.2189
1.21761
1.21493
1.20991
1.20138
1.18857
1.17157
1.15147
1.13021
1.11029
1.09405
1.08282
1.0765
1.07389
1.07368
1.07521
1.07844
1.08349
1.0905
1.09991
1.11218
1.12697
1.14271
1.15729
1.16913
1.17763
1.18294
1.18544
1.18536
1.18273
1.17744
1.16945
1.159
1.14668
1.1336
1.1212
1.11071
1.10271
1.09684
1.09222
1.0879
1.08309
1.07723
1.06991
1.06099
1.05075
1.03985
1.02916
1.01965
1.01241
1.00858
1.00939
1.01595
1.02894
1.0479
1.07093
1.09471
1.11555
1.1305
1.13797
1.13791
1.13161
1.12122
1.10937
1.09872
1.09146
1.08866
1.08996
1.09394
1.09912
1.10466
1.11021
1.11518
1.11856
1.11976
1.11939
1.11876
1.11836
1.11702
1.11278
1.10443
1.09232
1.07808
1.06359
1.05014
1.03846
1.02945
1.02456
1.02522
1.03156
1.0417
1.05255
1.06125
1.06641
1.06852
1.0697
1.07294
1.08116
1.09602
1.117
1.14129
1.16451
1.18212
1.19056
1.18793
1.17427
1.15194
1.12569
1.10186
1.08615
1.08138
1.08702
1.1
1.11614
1.13164
1.14388
1.15136
1.15334
1.14973
1.14122
1.12945
1.11667
1.10484
1.09479
1.08635
1.07912
1.07319
1.06909
1.06727
1.06751
1.06888
1.07001
1.06964
1.06701
1.06214
1.05589
1.0497
1.04504
1.04282
1.04295
1.04425
1.04506
1.04408
1.04144
1.03893
1.0392
1.0438
1.05157
1.05935
1.0648
1.06836
1.07226
1.07792
1.08483
1.09195
1.09893
1.10574
1.11178
1.11586
1.11702
1.11514
1.11134
1.10796
1.10787
1.11265
1.12114
1.13
1.13549
1.1345
1.12521
1.10802
1.08685
1.0686
1.05935
1.06059
1.06977
1.08327
1.09815
1.1124
1.1249
1.13533
1.14388
1.15102
1.1573
1.16308
1.16825
1.17219
1.17397
1.17273
1.16803
1.16005
1.14956
1.13774
1.12591
1.11529
1.10684
1.10109
1.0982
1.09785
1.09926
1.10125
1.10247
1.10177
1.0986
1.09303
1.08589
1.07853
1.07252
1.06927
1.06963
1.07369
1.08085
1.09009
1.1002
1.10999
1.11847
1.12498
1.1293
1.13189
1.13371
1.13597
1.13957
1.14468
1.15056
1.15555
1.15766
1.15519
1.14717
1.13373
1.11617
1.09669
1.07765
1.06091
1.04749
1.03784
1.0321
1.0303
1.03219
1.03686
1.04279
1.04832
1.0523
1.05454
1.05584
1.05763
1.06146
1.06817
1.07733
1.08718
1.09529
1.0997
1.09959
1.09538
1.08831
1.07976
1.07069
1.06148
1.05202
1.04197
1.0312
1.02002
1.0094
1.00071
0.995362
0.994521
0.998982
1.00904
1.02434
1.04377
1.06552
1.08749
1.10773
1.12486
1.13826
1.14804
1.1547
1.15879
1.16058
1.16005
1.15688
1.15064
1.14097
1.12781
1.11159
1.09321
1.07384
1.05482
1.0381
1.0268
1.02504
1.03604
1.05957
1.09151
1.12592
1.15753
1.18297
1.20073
1.21072
1.21389
1.21192
1.20687
1.20064
1.19452
1.18889
1.1832
1.17651
1.16793
1.15697
1.1439
1.12987
1.11682
1.10687
1.10138
1.10027
1.10211
1.10501
1.10765
1.10992
1.11272
1.1172
1.12372
1.13146
1.13883
1.14432
1.14733
1.14836
1.14858
1.14925
1.15116
1.15414
1.15704
1.15804
1.15529
1.14759
1.13495
1.11855
1.10038
1.08254
1.06668
1.05396
1.04526
1.04113
1.04158
1.04594
1.05316
1.06237
1.07302
1.08438
1.09512
1.10358
1.10869
1.11075
1.11109
1.11085
1.11011
1.10811
1.10419
1.09857
1.09222
1.08633
1.08177
1.07876
1.07703
1.07615
1.07584
1.07598
1.07667
1.07828
1.08149
1.08701
1.09524
1.10592
1.11812
1.13059
1.1421
1.15173
1.15904
1.16414
1.16779
1.17104
1.17461
1.17831
1.18124
1.18249
1.18157
1.17841
1.17297
1.16486
1.15334
1.13769
1.11794
1.0957
1.07448
1.05867
1.05124
1.05165
1.05613
1.06028
1.06133
1.05887
1.05418
1.04914
1.04531
1.04355
1.04397
1.04608
1.04907
1.0519
1.05342
1.05232
1.04758
1.03885
1.02707
1.01439
1.00363
0.997151
0.996072
1.00022
1.0087
1.02038
1.03408
1.04872
1.06346
1.0779
1.09194
1.1053
1.11725
1.12696
1.13398
1.13841
1.14068
1.14109
1.13943
1.13515
1.128
1.11908
1.11164
1.1104
1.11872
1.13581
1.15691
1.17619
1.18936
1.19454
1.19199
1.18343
1.1714
1.15843
1.14658
1.13724
1.13136
1.12937
1.13109
1.13582
1.14263
1.15092
1.1606
1.17195
1.18506
1.1992
1.21266
1.22333
1.22944
1.23001
1.22499
1.21528
1.20273
1.18966
1.17799
1.16827
1.15977
1.15159
1.14344
1.13568
1.12878
1.12298
1.11827
1.11441
1.11081
1.10638
1.09972
1.0897
1.07606
1.05975
1.04273
1.02745
1.01587
1.00893
1.00649
1.00799
1.01282
1.02041
1.03012
1.04143
1.05411
1.06827
1.08422
1.10203
1.12105
1.13976
1.15613
1.16829
1.17509
1.17613
1.17156
1.16184
1.14759
1.12963
1.10916
1.08801
1.06897
1.05577
1.05194
1.05866
1.07359
1.09227
1.11052
1.12576
1.13695
1.14416
1.14798
1.14902
1.14747
1.14308
1.13545
1.12465
1.11183
1.09936
1.09019
1.0864
1.08784
1.09233
1.09712
1.1001
1.10032
1.09772
1.09258
1.08507
1.07519
1.06295
1.04852
1.03237
1.01533
0.998795
0.984718
0.975324
0.972473
0.976935
0.988103
1.00422
1.02292
1.04171
1.0582
1.07037
1.07679
1.07703
1.07189
1.06337
1.05408
1.0464
1.04184
1.04113
1.04495
1.05419
1.0691
1.08828
1.10892
1.12823
1.14435
1.15652
1.16487
1.17001
1.17295
1.17498
1.17733
1.1805
1.18366
1.18513
1.18354
1.17859
1.17103
1.16222
1.154
1.14861
1.14824
1.15404
1.16543
1.18028
1.19594
1.21013
1.22113
1.22781
1.22962
1.22678
1.22044
1.21235
1.20404
1.19617
1.18846
1.18041
1.17202
1.16416
1.15854
1.15716
1.16171
1.17296
1.19034
1.21175
1.23385
1.25289
1.26558
1.2698
1.26485
1.25129
1.23057
1.20462
1.17587
1.1473
1.12228
1.10364
1.09258
1.08821
1.08821
1.09018
1.09268
1.09531
1.09809
1.10071
1.10218
1.10119
1.09684
1.08971
1.08212
1.0774
1.07787
1.08341
1.09218
1.10218
1.11206
1.12091
1.128
1.13274
1.13481
1.13413
1.13085
1.12517
1.1173
1.10729
1.09498
1.08
1.06194
1.04094
1.01841
0.997237
0.980829
0.971654
0.97055
0.97709
0.989858
1.00648
1.02389
1.03921
1.05054
1.05752
1.06135
1.06418
1.06831
1.07531
1.08533
1.0972
1.10911
1.11951
1.12763
1.1335
1.1377
1.14093
1.14362
1.14586
1.1475
1.14849
1.14887
1.14857
1.14732
1.14507
1.14228
1.13976
1.13814
1.13749
1.13742
1.13752
1.13783
1.13885
1.14099
1.14414
1.14799
1.15276
1.15921
1.16799
1.17889
1.19066
1.20138
1.20918
1.21286
1.21229
1.20842
1.20293
1.1975
1.19318
1.19013
1.18773
1.18494
1.18071
1.17423
1.16498
1.1528
1.13787
1.12078
1.10253
1.08436
1.06778
1.05443
1.04535
1.04049
1.03899
1.03997
1.043
1.04786
1.05404
1.06033
1.06501
1.06644
1.06403
1.05892
1.05385
1.05183
1.05444
1.061
1.06942
1.07762
1.08449
1.0903
1.09644
1.1046
1.11583
1.12977
1.14473
1.15848
1.16932
1.17666
1.18101
1.18334
1.18431
1.18385
1.18124
1.17544
1.16575
1.15225
1.13587
1.11813
1.10057
1.08423
1.06941
1.05579
1.04292
1.0307
1.01985
1.01179
1.00801
1.00928
1.01513
1.02391
1.03346
1.04182
1.04784
1.05131
1.05279
1.05317
1.05319
1.05329
1.05362
1.05435
1.05562
1.05714
1.05763
1.05483
1.04646
1.03179
1.01287
0.994114
0.980436
0.975017
0.978585
0.990448
1.0097
1.03531
1.06544
1.09699
1.12626
1.15
1.16648
1.17556
1.17836
1.17634
1.17082
1.16282
1.15317
1.14262
1.13189
1.1215
1.11161
1.10196
1.09202
1.08134
1.07002
1.05908
1.05035
1.04576
1.04646
1.05221
1.06161
1.07279
1.08394
1.09365
1.10103
1.10594
1.10902
1.11161
1.11521
1.12082
1.12844
1.137
1.14491
1.15075
1.15375
1.1538
1.15122
1.14652
1.14035
1.13354
1.12729
1.12322
1.12274
1.12583
1.13074
1.13501
1.1368
1.13534
1.13056
1.12256
1.11139
1.0972
1.0806
1.06292
1.04613
1.03251
1.02409
1.02208
1.02648
1.03629
1.04979
1.06511
1.08054
1.09479
1.10709
1.11697
1.124
1.12787
1.12895
1.12864
1.12846
1.12833
1.12641
1.12095
1.11208
1.10203
1.09405
1.09078
1.09303
1.09983
1.10944
1.12073
1.13374
1.14923
1.16738
1.18705
1.20587
1.22103
1.23003
1.23114
1.22396
1.20964
1.19094
1.17151
1.15452
1.1413
1.13114
1.12196
1.1115
1.09803
1.08082
1.06066
1.04008
1.02251
1.0097
1.00017
0.991315
0.982836
0.977307
0.977822
0.985816
1.001
1.02229
1.04816
1.07649
1.10466
1.13
1.15027
1.16387
1.17009
1.1692
1.16262
1.15281
1.14281
1.13536
1.13184
1.13168
1.13274
1.13252
1.12963
1.12451
1.11887
1.11448
1.11202
1.11118
1.11143
1.11274
1.11578
1.12154
1.13037
1.14126
1.15171
1.15871
1.16007
1.15534
1.14578
1.13349
1.12021
1.1068
1.09353
1.08089
1.06994
1.0621
1.05867
1.06031
1.06692
1.07765
1.09118
1.10597
1.12044
1.13322
1.14322
1.14972
1.15232
1.15089
1.14571
1.13798
1.12988
1.12379
1.12154
1.12414
1.13172
1.14322
1.15605
1.1666
1.17161
1.16934
1.15995
1.14516
1.12765
1.11041
1.09636
1.08777
1.08586
1.09035
1.09939
1.1099
1.11835
1.12184
1.11891
1.11016
1.09811
1.08662
1.07949
1.07894
1.08489
1.09541
1.10787
1.11992
1.13008
1.13794
1.14382
1.14812
1.15068
1.15078
1.14766
1.14131
1.13302
1.12535
1.12108
1.12157
1.12609
1.1327
1.13976
1.14647
1.15263
1.15827
1.16345
1.16824
1.17283
1.17761
1.18296
1.18902
1.19575
1.20317
1.21145
1.22043
1.22914
1.23574
1.23797
1.23393
1.22256
1.204
1.17986
1.15331
1.12879
1.11093
1.10265
1.10375
1.11124
1.12116
1.13029
1.13695
1.14087
1.14293
1.14456
1.14695
1.15041
1.15418
1.15672
1.15667
1.15338
1.14703
1.13836
1.12842
1.11853
1.11022
1.1052
1.10502
1.11024
1.11984
1.13142
1.14204
1.14928
1.15171
1.14907
1.1422
1.13296
1.12411
1.1186
1.11844
1.12371
1.13266
1.14273
1.15154
1.15733
1.15904
1.15631
1.14966
1.14059
1.13136
1.12435
1.12136
1.12324
1.12984
1.14031
1.15341
1.16774
1.1819
1.19463
1.20505
1.21282
1.21823
1.22176
1.22343
1.22242
1.21722
1.20634
1.18913
1.16593
1.1382
1.10824
1.07893
1.05315
1.03336
1.02128
1.01781
1.0229
1.0354
1.05323
1.07391
1.09516
1.11526
1.13309
1.1481
1.16006
1.16892
1.17451
1.17641
1.17413
1.16753
1.15757
1.14667
1.13817
1.1345
1.13548
1.13831
1.13947
1.13646
1.1285
1.11626
1.10116
1.08482
1.06868
1.05397
1.04177
1.03295
1.0282
1.02798
1.03246
1.04134
1.05363
1.06788
1.0826
1.0967
1.1098
1.12215
1.13423
1.14612
1.1571
1.16556
1.16952
1.16728
1.15799
1.14225
1.1222
1.10097
1.08174
1.06686
1.05747
1.05345
1.05374
1.05682
1.0612
1.06579
1.06994
1.0735
1.07664
1.07962
1.08256
1.08548
1.08836
1.09129
1.09431
1.09726
1.09981
1.1016
1.10255
1.10284
1.10269
1.10206
1.10072
1.09841
1.09496
1.09038
1.08476
1.0783
1.07152
1.06537
1.06103
1.0594
1.06083
1.06519
1.07214
1.0815
1.09343
1.10833
1.12646
1.14744
1.16993
1.19172
1.21026
1.22331
1.22946
1.22821
1.21993
1.20561
1.18672
1.16519
1.14329
1.1235
1.10809
1.0984
1.09446
1.09502
1.09798
1.10102
1.10225
1.10083
1.0972
1.09296
1.09028
1.09105
1.09604
1.10462
1.11488
1.12432
1.1306
1.13223
1.12877
1.12082
1.10968
1.0971
1.08494
1.075
1.06882
1.06733
1.07057
1.07772
1.08764
1.09925
1.11166
1.12377
1.13402
1.14068
1.14241
1.13864
1.12966
1.11664
1.10156
1.08674
1.07431
1.06567
1.06136
1.0613
1.06502
1.07186
1.08122
1.0925
1.10511
1.11812
1.13015
1.13946
1.1444
1.14394
1.13811
1.12819
1.11649
1.10593
1.09914
1.09737
1.09971
1.10327
1.10473
1.10178
1.09366
1.081
1.06546
1.04924
1.03446
1.02267
1.01461
1.01075
1.01188
1.01893
1.03208
1.05016
1.07104
1.0925
1.1127
1.13054
1.14595
1.15984
1.17325
1.18618
1.19708
1.20374
1.20446
1.19891
1.18805
1.17362
1.15744
1.14099
1.12528
1.11109
1.09905
1.08956
1.08253
1.07743
1.07354
1.07034
1.06758
1.06548
1.06468
1.0658
1.0691
1.07425
1.08051
1.0871
1.09336
1.09868
1.10261
1.10508
1.10641
1.10727
1.10825
1.10948
1.11054
1.11072
1.10936
1.10619
1.1013
1.09498
1.08752
1.07914
1.07
1.06044
1.05102
1.04233
1.03456
1.02717
1.01909
1.00945
0.998393
0.987587
0.980056
0.979229
0.987584
1.00559
1.03158
1.06241
1.0945
1.12474
1.15106
1.17252
1.18914
1.20166
1.21113
1.21852
1.22433
1.22827
1.22937
1.22638
1.21869
1.20704
1.19368
1.18145
1.17228
1.16632
1.16243
1.15917
1.15551
1.15097
1.14567
1.14024
1.13565
1.13286
1.13228
1.13344
1.13508
1.13575
1.13468
1.13229
1.13008
1.12983
1.13266
1.13843
1.14591
1.15339
1.15927
1.16235
1.16188
1.15759
1.14962
1.13858
1.12546
1.11171
1.09896
1.08861
1.08147
1.07737
1.07532
1.07378
1.07129
1.06703
1.06147
1.05645
1.05448
1.05716
1.06429
1.07448
1.08677
1.10126
1.11822
1.13687
1.15517
1.17077
1.18198
1.18817
1.18956
1.18689
1.18117
1.17353
1.16505
1.15659
1.14865
1.14143
1.13495
1.12928
1.12441
1.12016
1.11612
1.11178
1.10663
1.10028
1.09268
1.08413
1.07539
1.06755
1.06169
1.0586
1.0585
1.06101
1.06537
1.0707
1.07614
1.08083
1.08403
1.08511
1.0837
1.07972
1.07349
1.06589
1.05847
1.05334
1.05286
1.05867
1.07071
1.0869
1.10399
1.1188
1.12911
1.13397
1.13345
1.12836
1.12001
1.10999
1.09992
1.09123
1.08489
1.08125
1.08019
1.08126
1.08381
1.08704
1.09004
1.09207
1.09283
1.0925
1.09168
1.0911
1.09134
1.09279
1.09569
1.10025
1.10642
1.1138
1.12169
1.12934
1.13623
1.14241
1.14847
1.1552
1.16304
1.17172
1.18039
1.1883
1.19537
1.20201
1.20863
1.21531
1.22185
1.22796
1.23334
1.23756
1.24011
1.24046
1.23804
1.23231
1.22292
1.20996
1.19398
1.17599
1.15736
1.13947
1.12334
1.10932
1.09714
1.0863
1.07655
1.06847
1.06355
1.06364
1.06985
1.08198
1.09847
1.11716
1.136
1.15351
1.16877
1.18128
1.19087
1.19766
1.20207
1.20483
1.20669
1.20825
1.20971
1.2108
1.21084
1.20896
1.20421
1.19595
1.18447
1.17174
1.16173
1.15858
1.16296
1.17064
1.17587
1.17517
1.16821
1.15642
1.14178
1.12625
1.11187
1.10073
1.09478
1.09526
1.10206
1.11366
1.12747
1.14063
1.15071
1.15614
1.15641
1.15225
1.14546
1.13825
1.1322
1.12741
1.12284
1.11734
1.11077
1.1039
1.09771
1.09258
1.08812
1.08365
1.07863
1.07287
1.06648
1.05964
1.05227
1.04391
1.03417
1.02356
1.01383
1.00739
1.00627
1.01117
1.02127
1.0347
1.04939
1.06378
1.07697
1.0883
1.0973
1.10394
1.10908
1.11412
1.1203
1.128
1.13665
1.1451
1.1522
1.15713
1.15948
1.15914
1.15636
1.15205
1.14767
1.14459
1.14322
1.14286
1.14228
1.1406
1.13769
1.13415
1.13094
1.12895
1.12854
1.12945
1.13089
1.13185
1.13135
1.12876
1.1238
1.11648
1.1069
1.09523
1.08176
1.06735
1.05383
1.04406
1.04082
1.04515
1.05542
1.06821
1.08002
1.0886
1.09338
1.09539
1.09686
1.1
1.1055
1.11238
1.11924
1.12563
1.13209
1.13911
1.14634
1.15256
1.15628
1.1565
1.1531
1.14675
1.13845
1.12903
1.11903
1.10889
1.09933
1.09147
1.08633
1.08413
1.08386
1.08364
1.08147
1.07609
1.06738
1.05633
1.04445
1.03317
1.02387
1.01813
1.01741
1.02236
1.03211
1.04442
1.05636
1.06531
1.06964
1.06905
1.06472
1.05911
1.05538
1.05634
1.06348
1.0763
1.09249
1.10873
1.12166
1.1286
1.12792
1.11911
1.10266
1.07993
1.05293
1.0244
0.998086
0.978546
0.96975
0.973105
0.986591
1.006
1.02692
1.0462
1.06235
1.07519
1.08536
1.09394
1.10213
1.11112
1.12186
1.1346
1.14859
1.16228
1.17388
1.18186
1.18521
1.18374
1.17826
1.17074
1.16399
1.16069
1.16203
1.16721
1.17424
1.18111
1.18635
1.18904
1.18842
1.18392
1.17533
1.16302
1.14816
1.13252
1.11809
1.1065
1.09877
1.09505
1.09489
1.0973
1.10072
1.10319
1.10285
1.09851
1.09011
1.07895
1.06773
1.06025
1.06009
1.06856
1.08355
1.10073
1.1161
1.12807
1.13758
1.14637
1.15513
1.16325
1.16992
1.17483
1.17788
1.17856
1.17588
1.16907
1.15829
1.14484
1.13088
1.11852
1.10903
1.10251
1.09835
1.09581
1.09428
1.09318
1.09201
1.09059
1.08931
1.08917
1.09138
1.09676
1.10533
1.11616
1.12775
1.13852
1.14726
1.15317
1.1558
1.15472
1.14931
1.13885
1.1231
1.10294
1.08081
1.06035
1.04517
1.03742
1.03725
1.04335
1.05374
1.06638
1.07955
1.09196
1.10271
1.11108
1.11636
1.11805
1.11635
1.11234
1.10777
1.10413
1.10184
1.09999
1.09702
1.09169
1.08367
1.07379
1.06363
1.05485
1.04844
1.04425
1.04108
1.03742
1.03215
1.02507
1.01711
1.01032
1.0076
1.01191
1.02527
1.0476
1.0765
1.10802
1.13799
1.16312
1.18152
1.1927
1.19736
1.197
1.19352
1.1887
1.18381
1.17937
1.1753
1.17119
1.16671
1.16176
1.15642
1.15068
1.14438
1.13728
1.12936
1.12103
1.11295
1.10553
1.09877
1.09264
1.08772
1.08533
1.08702
1.09379
1.10555
1.12118
1.13874
1.15589
1.17035
1.18015
1.18381
1.18051
1.17039
1.15492
1.13708
1.12071
1.10861
1.10068
1.09459
1.08853
1.08338
1.08212
1.08745
1.09968
1.1164
1.13352
1.14688
1.15352
1.15242
1.14444
1.13204
1.11828
1.10572
1.09548
1.08719
1.07987
1.07334
1.06881
1.06805
1.07157
1.07777
1.08396
1.08804
1.08912
1.08738
1.0837
1.07949
1.07657
1.0768
1.08126
1.08972
1.10073
1.11212
1.12179
1.12826
1.13095
1.13031
1.12762
1.12464
1.123
1.12353
1.12568
1.12747
1.12619
1.11964
1.10759
1.09228
1.07754
1.06696
1.06221
1.06263
1.06623
1.07094
1.07558
1.07991
1.08445
1.08981
1.09628
1.10377
1.11202
1.12057
1.12877
1.13583
1.14122
1.14489
1.14717
1.1485
1.14914
1.14919
1.14859
1.1474
1.14593
1.14486
1.14514
1.14754
1.15234
1.15905
1.16644
1.17281
1.17644
1.17603
1.17119
1.16235
1.15053
1.13693
1.12274
1.10931
1.0983
1.09156
1.0907
1.09644
1.10807
1.12342
1.13958
1.15387
1.16447
1.17037
1.17115
1.16665
1.15679
1.14166
1.12167
1.09776
1.07131
1.04405
1.01797
0.99532
0.978333
0.968681
0.966861
0.971885
0.981418
0.992456
1.00229
1.00944
1.01417
1.018
1.02246
1.02811
1.03461
1.04144
1.04851
1.05613
1.06491
1.0755
1.08812
1.10195
1.11494
1.12451
1.12865
1.12681
1.11981
1.10948
1.09809
1.08813
1.08223
1.08268
1.09061
1.10531
1.12454
1.14553
1.16577
1.18333
1.19689
1.20591
1.21069
1.21211
1.21129
1.20929
1.20721
1.2063
1.20763
1.21125
1.21599
1.21996
1.22127
1.21851
1.21081
1.19797
1.1805
1.15951
1.13645
1.11317
1.09262
1.07984
1.07984
1.09262
1.1117
1.12918
1.14053
1.14519
1.14481
1.14155
1.13729
1.1334
1.13104
1.13119
1.13423
1.13947
1.14516
1.14922
1.15004
1.14696
1.14014
1.13034
1.11873
1.10694
1.09698
1.09071
1.08897
1.09111
1.09525
1.09887
1.09941
1.09487
1.08428
1.06818
1.04865
1.02919
1.01403
1.00709
1.01065
1.0245
1.04618
1.07214
1.09871
1.12266
1.14125
1.15248
1.15551
1.15101
1.14123
1.12947
1.11922
1.11303
1.1118
1.11462
1.11941
1.12381
1.12597
1.12488
1.12033
1.11291
1.10383
1.09479
1.08729
1.08178
1.07749
1.07328
1.06881
1.06471
1.06206
1.0616
1.06332
1.06655
1.07037
1.07401
1.07711
1.07972
1.08228
1.08558
1.09099
1.10031
1.11486
1.13403
1.15487
1.17371
1.18799
1.19673
1.19967
1.19614
1.18507
1.16584
1.13957
1.10979
1.08198
1.06158
1.05165
1.05164
1.05842
1.06836
1.07871
1.08785
1.09497
1.09961
1.10133
1.09965
1.09402
1.08402
1.06963
1.05144
1.03075
1.00952
0.990023
0.974543
0.96494
0.962365
0.967135
0.97877
0.996262
1.01814
1.04247
1.06705
1.08971
1.10866
1.1226
1.13072
1.13272
1.12903
1.12121
1.11189
1.10429
1.10126
1.10424
1.11291
1.12555
1.13991
1.15371
1.16473
1.17095
1.17107
1.16502
1.15392
1.13973
1.12475
1.11127
1.10119
1.09562
1.09463
1.09756
1.10339
1.11112
1.11982
1.12854
1.13618
1.14159
1.14378
1.14221
1.13714
1.12967
1.1215
1.11435
1.10942
1.10725
1.10786
1.11112
1.1169
1.12503
1.13499
1.14586
1.15648
1.16582
1.17301
1.17739
1.17847
1.17606
1.1702
1.16115
1.14929
1.13515
1.11968
1.10436
1.09107
1.08152
1.07665
1.07632
1.07976
1.08594
1.09404
1.1036
1.11452
1.12685
1.14042
1.1546
1.16822
1.17973
1.18758
1.19044
1.18752
1.17885
1.16548
1.14951
1.13377
1.1213
1.11461
1.11496
1.12174
1.13241
1.14316
1.15021
1.15102
1.14502
1.13368
1.12008
1.10795
1.10044
1.0991
1.10347
1.11149
1.12036
1.12747
1.1311
1.13084
1.12744
1.12252
1.11788
1.11491
1.11399
1.11407
1.11288
1.10788
1.09773
1.08356
1.0691
1.05888
1.05542
1.05815
1.06467
1.07254
1.08025
1.08752
1.09502
1.1036
1.11385
1.12585
1.13928
1.15334
1.16672
1.17758
1.18381
1.18341
1.17507
1.1588
1.13666
1.11287
1.09269
1.08005
1.07543
1.07583
1.07636
1.07222
1.06015
1.03916
1.01076
0.978909
0.949351
0.928379
0.920908
0.928587
0.949353
0.978594
1.01108
1.0423
1.06925
1.09058
1.1064
1.11782
1.12637
1.13318
1.1385
1.14172
1.14189
1.13837
1.13117
1.12078
1.10782
1.0928
1.07598
1.05747
1.03778
1.01823
1.00119
0.989475
0.98522
0.988948
0.999461
1.01446
1.03134
1.04775
1.06177
1.07186
1.07692
1.07637
1.07057
1.06114
1.05071
1.04187
1.03595
1.03276
1.03144
1.03127
1.03187
1.03319
1.03545
1.03894
1.04378
1.04944
1.05453
1.05698
1.05513
1.04959
1.04436
1.04485
1.05296
1.06534
1.07708
1.08531
1.08964
1.09087
1.09016
1.08894
1.08887
1.0912
1.09602
1.10204
1.10743
1.11092
1.1122
1.11177
1.11039
1.10882
1.10759
1.107
1.1073
1.10869
1.11122
1.11463
1.11815
1.12069
1.12133
1.11968
1.11601
1.11104
1.10555
1.10024
1.09573
1.09263
1.09147
1.0925
1.09556
1.10001
1.10493
1.10924
1.11202
1.1127
1.11109
1.10737
1.1019
1.0954
1.08913
1.08521
1.08609
1.09364
1.1082
1.12827
1.15108
1.17338
1.19214
1.20488
1.20981
1.20596
1.19323
1.17233
1.14489
1.11354
1.08183
1.05362
1.0319
1.01773
1.00987
1.00576
1.0029
0.999908
0.996633
0.993685
0.991815
0.99159
0.993452
0.99781
1.00494
1.01494
1.02776
1.04321
1.06096
1.08031
1.10011
1.11873
1.13423
1.1448
1.14919
1.14708
1.1392
1.12734
1.11398
1.10187
1.0934
1.09012
1.09238
1.09914
1.10823
1.117
1.12296
1.12439
1.12064
1.11214
1.10006
1.08589
1.07105
1.05675
1.04414
1.03453
1.02937
1.02992
1.03661
1.04851
1.06342
1.0787
1.0922
1.10262
1.10945
1.11268
1.11259
1.10973
1.10473
1.09838
1.09172
1.08614
1.08321
1.08403
1.08885
1.0969
1.10672
1.11634
1.12382
1.12786
1.12819
1.1254
1.12041
1.11395
1.10633
1.09749
1.08722
1.0755
1.0628
1.05023
1.03949
1.03234
1.02993
1.03216
1.03766
1.04434
1.05028
1.05452
1.05724
1.0596
1.06316
1.06934
1.07888
1.09158
1.10624
1.12099
1.13373
1.14269
1.1469
1.14622
1.14124
1.133
1.12278
1.11208
1.1025
1.09541
1.0916
1.091
1.09279
1.09593
1.09951
1.10298
1.10604
1.10871
1.11156
1.11562
1.12189
1.13048
1.14007
1.14815
1.15184
1.14891
1.13867
1.12236
1.10302
1.08435
1.0692
1.05871
1.053
1.05221
1.0564
1.0644
1.07355
1.08101
1.08511
1.08626
1.08658
1.0888
1.0947
1.10423
1.11585
1.12778
1.13895
1.14923
1.15903
1.16864
1.17778
1.18569
1.19167
1.19584
1.19933
1.20386
1.21087
1.22061
1.23196
1.2427
1.2502
1.25213
1.24716
1.23523
1.21763
1.19664
1.17501
1.1552
1.13883
1.12662
1.11883
1.11556
1.11666
1.12132
1.12797
1.1347
1.13981
1.14219
1.14141
1.13784
1.13263
1.12757
1.12465
1.12539
1.13029
1.13882
1.14976
1.16166
1.17308
1.18265
1.18927
1.19222
1.19115
1.18607
1.17718
1.16497
1.15038
1.13511
1.12154
1.11214
1.10831
1.10948
1.11329
1.11659
1.11671
1.11221
1.1033
1.09183
1.0808
1.07326
1.07111
1.0746
1.0826
1.09332
1.10479
1.11518
1.12283
1.12638
1.12488
1.11802
1.10616
1.09022
1.07131
1.0507
1.0301
1.0123
1.00109
1.00002
1.01042
1.03035
1.05525
1.07985
1.10012
1.11434
1.12286
1.12736
1.12977
1.1316
1.13366
1.13608
1.13849
1.14003
1.13954
1.13597
1.12906
1.12017
1.11237
1.10922
1.11262
1.1217
1.13365
1.14513
1.15323
1.15587
1.15214
1.14259
1.12941
1.11615
1.1065
1.1027
1.10476
1.1109
1.11876
1.12648
1.13323
1.13914
1.14471
1.15023
1.15555
1.16028
1.1643
1.16801
1.17175
1.1749
1.17611
1.17468
1.1715
1.16812
1.16519
1.16223
1.15866
1.15481
1.15158
1.14985
1.1501
1.15262
1.15763
1.16515
1.17455
1.18451
1.19345
1.20014
1.20401
1.20524
1.20445
1.20241
1.19961
1.19606
1.19128
1.1845
1.17506
1.16264
1.14748
1.13026
1.11211
1.0944
1.07877
1.06693
1.06016
1.05875
1.06162
1.06659
1.07113
1.07316
1.07176
1.06728
1.06125
1.05598
1.05413
1.05795
1.06825
1.0838
1.10202
1.12034
1.1371
1.15162
1.16362
1.17281
1.17875
1.18108
1.17964
1.17447
1.16556
1.15294
1.13684
1.11798
1.09758
1.07698
1.05726
1.03903
1.02284
1.00967
1.00089
0.997798
1.00076
1.0089
1.02032
1.03277
1.04427
1.05343
1.05935
1.06151
1.06001
1.05598
1.05214
1.05225
1.05965
1.0752
1.09664
1.11982
1.14096
1.15782
1.16959
1.17612
1.17751
1.17395
1.1659
1.15442
1.14152
1.1298
1.12141
1.11662
1.11338
1.10883
1.10208
1.09567
1.09311
1.09444
1.09604
1.09458
1.08948
1.08226
1.07501
1.06942
1.06637
1.06584
1.06706
1.06894
1.07092
1.07365
1.07897
1.08863
1.10274
1.11941
1.13612
1.15109
1.1635
1.17312
1.17992
1.18418
1.18643
1.18714
1.18628
1.18331
1.17763
1.16917
1.15849
1.14657
1.13471
1.12432
1.11671
1.11295
1.11365
1.11905
1.12886
1.14214
1.15736
1.17259
1.18595
1.19594
1.20169
1.20297
1.20011
1.19397
1.18564
1.17611
1.16614
1.15602
1.14567
1.13477
1.12296
1.11002
1.09605
1.08151
1.06712
1.05364
1.04183
1.03231
1.0258
1.02317
1.02517
1.03192
1.04255
1.05532
1.06829
1.07981
1.08883
1.09483
1.09756
1.09698
1.09329
1.08706
1.07945
1.07231
1.06775
1.06725
1.0708
1.07704
1.08435
1.09179
1.09931
1.10734
1.11628
1.12606
1.13616
1.14567
1.15366
1.15945
1.16287
1.16442
1.16522
1.16658
1.16941
1.17354
1.17778
1.18063
1.18108
1.1789
1.17427
1.16732
1.15802
1.14648
1.13327
1.11952
1.1067
1.09627
1.0891
1.08508
1.08305
1.08125
1.07808
1.07257
1.06451
1.05431
1.04281
1.031
1.01976
1.00982
1.00175
0.996201
0.993968
0.995722
1.00183
1.01228
1.02662
1.04388
1.06252
1.08059
1.096
1.10675
1.11138
1.10938
1.1017
1.09079
1.07983
1.07158
1.0676
1.06823
1.07332
1.08258
1.0955
1.11099
1.12736
1.14263
1.15513
1.16368
1.16769
1.16705
1.16222
1.15425
1.14463
1.13489
1.1263
1.11949
1.11456
1.11118
1.10882
1.10706
1.10576
1.10507
1.10502
1.1051
1.10446
1.10288
1.10149
1.10246
1.10755
1.1169
1.12905
1.1418
1.15307
1.16137
1.1657
1.16552
1.16078
1.15204
1.14065
1.12853
1.1176
1.10901
1.10287
1.09862
1.09552
1.09289
1.08981
1.08526
1.07839
1.06908
1.0581
1.04689
1.03716
1.03062
1.02891
1.03333
1.04444
1.0616
1.08281
1.1051
1.1253
1.14098
1.15096
1.15547
1.15587
1.15408
1.15193
1.1507
1.15088
1.15215
1.15346
1.15328
1.15005
1.14266
1.13105
1.11662
1.10206
1.09065
1.08493
1.08568
1.0919
1.10166
1.11318
1.12541
1.13788
1.15029
1.16215
1.17261
1.1807
1.18548
1.18647
1.18369
1.1779
1.17054
1.16365
1.15943
1.15903
1.1611
1.16214
1.15915
1.15168
1.14179
1.13255
1.12665
1.12529
1.12766
1.13145
1.13391
1.13299
1.12794
1.11911
1.10738
1.09375
1.07916
1.06458
1.05101
1.0396
1.03163
1.02826
1.02985
1.03531
1.04222
1.04796
1.05119
1.05269
1.05486
1.05992
1.06797
1.07711
1.08525
1.09172
1.09719
1.10281
1.10923
1.11603
1.12205
1.12606
1.12757
1.12723
1.12639
1.12634
1.12754
1.12972
1.13247
1.13563
1.13909
1.14245
1.14477
1.14457
1.14006
1.12982
1.1137
1.09305
1.0703
1.04825
1.02948
1.016
1.009
1.00855
1.01331
1.02082
1.02831
1.03386
1.03713
1.03907
1.04112
1.04434
1.04923
1.05581
1.06378
1.07264
1.0817
1.09032
1.09806
1.10487
1.11094
1.11631
1.12067
1.12333
1.12344
1.12038
1.11415
1.10596
1.09859
1.09562
1.09998
1.11273
1.13276
1.15734
1.18317
1.20722
1.22739
1.24254
1.25246
1.25762
1.25888
1.25715
1.25294
1.24628
1.23672
1.22369
1.20698
1.18695
1.1646
1.14145
1.11933
1.10025
1.0862
1.07879
1.07873
1.08546
1.09721
1.11161
1.12638
1.1398
1.15078
1.1588
1.16361
1.16524
1.16393
1.16015
1.15457
1.14797
1.14112
1.13477
1.12964
1.12647
1.12591
1.12817
1.13266
1.13775
1.14128
1.14144
1.13764
1.13071
1.12241
1.11426
1.10653
1.098
1.08669
1.07105
1.0511
1.02879
1.00764
0.991633
0.983832
0.985325
0.995005
1.01038
1.0289
1.0488
1.06897
1.08851
1.10647
1.12217
1.13519
1.14522
1.15188
1.15483
1.15401
1.14996
1.1438
1.13703
1.13124
1.12784
1.12779
1.13132
1.13772
1.14568
1.15371
1.16059
1.16574
1.16918
1.17122
1.17194
1.17107
1.16821
1.16335
1.15698
1.14994
1.14294
1.13619
1.12932
1.12169
1.11293
1.10314
1.09289
1.08293
1.07399
1.06663
1.06123
1.05791
1.05649
1.05644
1.05718
1.05816
1.05894
1.05898
1.0578
1.05526
1.05206
1.04949
1.04888
1.05104
1.05609
1.0637
1.07352
1.08539
1.09911
1.11394
1.12843
1.14068
1.1491
1.15309
1.153
1.14983
1.14503
1.14059
1.13826
1.13822
1.13879
1.13785
1.13417
1.12753
1.11822
1.1066
1.09341
1.08023
1.06953
1.06383
1.06435
1.0701
1.07825
1.08547
1.08922
1.0883
1.08297
1.0749
1.06698
1.06268
1.06456
1.07294
1.08591
1.10055
1.11431
1.12563
1.13394
1.13911
1.14133
1.141
1.13882
1.13553
1.13164
1.12721
1.12212
1.11622
1.10954
1.10224
1.09468
1.08784
1.0832
1.08224
1.08562
1.09288
1.10258
1.11283
1.12181
1.12805
1.1308
1.13009
1.12683
1.12263
1.11939
1.11856
1.12039
1.12365
1.12603
1.12505
1.11894
1.10764
1.09349
1.08093
1.07411
1.07367
1.07654
1.07855
1.07679
1.07
1.0585
1.04433
1.03076
1.02095
1.01665
1.01823
1.02551
1.038
1.05419
1.07105
1.0848
1.09252
1.09316
1.08767
1.07828
1.06776
1.05876
1.05373
1.05491
1.06374
1.07975
1.09978
1.11908
1.13343
1.14067
1.14093
1.13591
1.12801
1.1195
1.11187
1.10544
1.09942
1.09259
1.08431
1.07533
1.06789
1.06477
1.06789
1.07736
1.09165
1.10854
1.12592
1.14203
1.15538
1.16475
1.16954
1.17009
1.16773
1.1644
1.16208
1.16221
1.16518
1.17021
1.17555
1.17907
1.17894
1.17409
1.16462
1.15214
1.13982
1.13173
1.13108
1.13839
1.15142
1.1668
1.18168
1.19433
1.20395
1.21023
1.21323
1.21326
1.21086
1.20661
1.20076
1.19304
1.18301
1.1706
1.15631
1.14119
1.12657
1.11405
1.10525
1.10123
1.10193
1.10613
1.11193
1.11761
1.12211
1.12496
1.12597
1.12503
1.12217
1.1177
1.11243
1.10775
1.10534
1.10664
1.11221
1.12133
1.13216
1.14223
1.14912
1.15115
1.14766
1.13925
1.12756
1.1147
1.10249
1.09205
1.08413
1.07962
1.07937
1.08352
1.09089
1.0997
1.10873
1.11822
1.12957
1.14409
1.16161
1.18018
1.19709
1.21001
1.21777
1.22023
1.21786
1.21136
1.20117
1.18732
1.16953
1.14785
1.12344
1.09903
1.07861
1.06603
1.06341
1.07028
1.08385
1.10022
1.11567
1.12755
1.13446
1.13624
1.13358
1.12759
1.11926
1.10902
1.09657
1.08156
1.06475
1.04906
1.03878
1.0366
1.04146
1.04984
1.05857
1.06609
1.07211
1.07674
1.07998
1.0816
1.08133
1.07913
1.07539
1.07069
1.06539
1.05938
1.05221
1.04374
1.03496
1.02809
1.0256
1.02876
1.03701
1.04843
1.06063
1.07169
1.08056
1.08709
1.09168
1.09483
1.09681
1.09773
1.09769
1.09694
1.09586
1.09489
1.09437
1.09435
1.09455
1.09444
1.09343
1.09117
1.0878
1.08399
1.08068
1.07862
1.0782
1.07945
1.0822
1.08593
1.08956
1.09165
1.0907
1.08583
1.07712
1.06581
1.05406
1.04432
1.03831
1.03625
1.03686
1.03836
1.03974
1.04146
1.04507
1.05225
1.0636
1.07834
1.0948
1.11106
1.12541
1.13668
1.14408
1.1473
1.14634
1.1416
1.13392
1.12462
1.11523
1.10707
1.10106
1.09767
1.09683
1.09784
1.09947
1.10021
1.09899
1.09582
1.09216
1.09068
1.09442
1.10524
1.1225
1.14331
1.16416
1.18236
1.19648
1.206
1.21083
1.21087
1.20584
1.19533
1.17911
1.15764
1.13245
1.10622
1.0823
1.06391
1.05299
1.04966
1.05256
1.05957
1.06848
1.07724
1.08399
1.08735
1.08675
1.08269
1.07674
1.07104
1.06754
1.06722
1.06978
1.07396
1.07824
1.08169
1.08429
1.08676
1.08999
1.09466
1.10118
1.10975
1.12041
1.1328
1.14617
1.15963
1.17258
1.18485
1.19645
1.20701
1.21553
1.22051
1.2204
1.21443
1.20317
1.18887
1.1752
1.16619
1.16476
1.17165
1.18531
1.20272
1.22052
1.23603
1.2476
1.2545
1.25656
1.25388
1.24674
1.23569
1.22167
1.20592
1.18984
1.17474
1.16165
1.15114
1.14325
1.13741
1.13253
1.12728
1.12057
1.11219
1.10312
1.09538
1.09062
1.08863
1.08698
1.08252
1.07343
1.06028
1.0459
1.03413
1.02825
1.02984
1.03866
1.05313
1.0712
1.0908
1.10985
1.12624
1.13783
1.14275
1.13997
1.12995
1.11484
1.09812
1.08327
1.07228
1.06528
1.06126
1.05903
1.0576
1.056
1.05349
1.05009
1.04673
1.0449
1.04606
1.05109
1.06005
1.07219
1.0862
1.10058
1.11404
1.12569
1.13501
1.14189
1.14665
1.15015
1.15382
1.15934
1.16816
1.18074
1.19616
1.21236
1.22666
1.23668
1.241
1.2396
1.2338
1.2257
1.21729
1.20969
1.2031
1.19703
1.19058
1.1829
1.17391
1.1648
1.15768
1.15417
1.15405
1.15513
1.15472
1.15126
1.14502
1.13799
1.13306
1.13273
1.13773
1.14637
1.15537
1.16133
1.16193
1.15641
1.14536
1.13033
1.11351
1.09734
1.08418
1.07594
1.07388
1.07852
1.08968
1.1066
1.12784
1.15121
1.17398
1.19331
1.20691
1.21362
1.21358
1.20803
1.19882
1.18776
1.17605
1.16418
1.15227
1.14056
1.12968
1.12055
1.11395
1.1101
1.1088
1.10975
1.11285
1.11813
1.12559
1.13483
1.14497
1.1548
1.16306
1.16875
1.1715
1.17185
1.17132
1.17172
1.17408
1.17818
1.18291
1.18696
1.18941
1.18971
1.18757
1.18288
1.17571
1.1665
1.15615
1.14602
1.13766
1.13217
1.12972
1.12915
1.12837
1.12501
1.11781
1.10759
1.09734
1.09033
1.0877
1.08822
1.09016
1.09268
1.09555
1.09819
1.09999
1.10219
1.10897
1.1237
1.14373
1.16199
1.17313
1.17618
1.17306
1.16648
1.15865
1.15087
1.14352
1.13632
1.12877
1.12041
1.11129
1.10224
1.09478
1.09063
1.09077
1.09488
1.1017
1.10969
1.11781
1.12567
1.13335
1.14116
1.14956
1.15903
1.16985
1.18176
1.19385
1.20483
1.21348
1.2188
1.21986
1.2157
1.20534
1.18812
1.16407
1.13444
1.10234
1.07343
1.05511
1.05306
1.06713
1.09126
1.11777
1.14135
1.15992
1.17332
1.18184
1.18529
1.18319
1.17531
1.16248
1.14673
1.13088
1.11768
1.10907
1.10579
1.10736
1.1123
1.11864
1.12441
1.12817
1.12939
1.12861
1.12737
1.12763
1.1309
1.13775
1.14773
1.15974
1.17241
1.18458
1.19515
1.20296
1.2065
1.20412
1.19469
1.1784
1.15727
1.13469
1.11421
1.09832
1.088
1.08313
1.08283
1.08585
1.09115
1.09824
1.10698
1.11705
1.12757
1.13731
1.145
1.14959
1.15025
1.14645
1.13822
1.1263
1.11216
1.09777
1.08526
1.07639
1.07203
1.07188
1.07458
1.07813
1.08061
1.08073
1.07794
1.07216
1.06354
1.05256
1.0402
1.02812
1.01822
1.01201
1.00999
1.01176
1.01647
1.02312
1.03024
1.03539
1.03575
1.02952
1.01729
1.00221
0.988783
0.981113
0.981629
0.990836
1.00778
1.0306
1.05677
1.08338
1.10759
1.12705
1.14031
1.14692
1.14748
1.14349
1.13717
1.13099
1.12703
1.12642
1.12901
1.13371
1.13893
1.14305
1.14473
1.14323
1.13856
1.13132
1.12243
1.11276
1.10287
1.09301
1.08319
1.07324
1.06285
1.05171
1.03983
1.02767
1.01612
1.00614
0.998314
0.992507
0.987985
0.983999
0.980575
0.979021
0.981582
0.990369
1.00622
1.02815
1.0538
1.0804
1.10555
1.12768
1.14603
1.16044
1.171
1.17773
1.18056
1.1795
1.17492
1.16782
1.15954
1.15115
1.14287
1.13415
1.12408
1.11207
1.09824
1.08367
1.07015
1.05991
1.0549
1.05616
1.06349
1.07551
1.09006
1.10466
1.11694
1.12515
1.12866
1.1283
1.12593
1.12335
1.12137
1.12014
1.12034
1.12324
1.12906
1.13577
1.13995
1.13876
1.13123
1.11816
1.10143
1.08336
1.06636
1.05251
1.04307
1.03841
1.03822
1.04226
1.05061
1.06346
1.08061
1.10121
1.12383
1.14663
1.16757
1.18458
1.1958
1.19967
1.19516
1.18204
1.16118
1.13473
1.10598
1.07888
1.05715
1.04325
1.03789
1.04
1.04706
1.05578
1.06305
1.06694
1.06727
1.0655
1.06407
1.06528
1.07026
1.07861
1.08878
1.09903
1.10806
1.11517
1.11992
1.12205
1.12153
1.11876
1.11438
1.10895
1.10257
1.0949
1.08552
1.07451
1.06294
1.05287
1.04652
1.04459
1.04549
1.04607
1.04322
1.03483
1.01987
0.998523
0.973028
0.949131
0.935832
0.940676
0.964074
0.999325
1.0372
1.0702
1.09465
1.11032
1.11897
1.12315
1.12545
1.12801
1.13198
1.13744
1.14343
1.14858
1.1518
1.15286
1.15243
1.1511
1.14861
1.14368
1.13474
1.12076
1.10237
1.08283
1.06793
1.06396
1.07419
1.09654
1.12495
1.15272
1.1749
1.18874
1.19325
1.18877
1.17692
1.16079
1.14461
1.13262
1.12699
1.12659
1.12804
1.12816
1.1256
1.12081
1.11517
1.11008
1.10655
1.10531
1.10688
1.1113
1.11773
1.12443
1.12957
1.13208
1.13213
1.13089
1.12983
1.13017
1.13253
1.13706
1.14368
1.15224
1.16246
1.17378
1.18521
1.19538
1.20273
1.20567
1.20277
1.19308
1.17654
1.15446
1.12937
1.1044
1.08218
1.06407
1.05032
1.0408
1.03554
1.03479
1.03872
1.04708
1.059
1.07291
1.08668
1.09804
1.10528
1.10772
1.10572
1.10032
1.0927
1.08398
1.07542
1.06905
1.06816
1.07674
1.09727
1.12818
1.16389
1.19749
1.22329
1.23773
1.23934
1.22854
1.20779
1.18162
1.15583
1.13578
1.12451
1.122
1.12614
1.13433
1.14444
1.15466
1.1631
1.16799
1.16821
1.16392
1.15636
1.14688
1.13589
1.12291
1.10775
1.09158
1.07666
1.06541
1.0599
1.06164
1.07136
1.08828
1.10997
1.13284
1.15359
1.17032
1.18269
1.1911
1.19558
1.19543
1.18966
1.1777
1.15996
1.13811
1.11506
1.09456
1.08022
1.07443
1.0777
1.08854
1.10417
1.12149
1.13781
1.15128
1.16084
1.16619
1.1676
1.1656
1.16069
1.15312
1.14312
1.13106
1.11771
1.10407
1.09132
1.08063
1.07308
1.06945
1.06992
1.07378
1.07963
1.08593
1.09151
1.09563
1.09778
1.09745
1.09421
1.08786
1.07855
1.06678
1.05329
1.03915
1.0257
1.01454
1.00703
1.00387
1.00482
1.00891
1.01493
1.02203
1.03001
1.03952
1.0517
1.0674
1.08648
1.10765
1.12898
1.14861
1.16485
1.1761
1.18111
1.17964
1.17305
1.16405
1.15582
1.15113
1.1515
1.15675
1.16509
1.17373
1.17998
1.18217
1.18036
1.17616
1.17193
1.16927
1.16799
1.16613
1.16146
1.15298
1.14156
1.12966
1.12038
1.11649
1.11968
1.13033
1.14759
1.16974
1.1945
1.21927
1.24152
1.25921
1.27085
1.27554
1.27282
1.26298
1.24744
1.22905
1.21131
1.19685
1.18631
1.17895
1.17401
1.17128
1.17024
1.1694
1.1668
1.16094
1.15101
1.13695
1.11956
1.10092
1.08417
1.07261
1.06857
1.07268
1.08363
1.09849
1.11359
1.12598
1.13431
1.13862
1.13971
1.13846
1.13559
1.13153
1.12644
1.12053
1.11447
1.10982
1.10844
1.11135
1.11752
1.12418
1.1283
1.12786
1.12261
1.11375
1.10346
1.09409
1.08746
1.0843
1.08428
1.08628
1.08876
1.09004
1.08839
1.08238
1.07131
1.05569
1.03734
1.01902
1.00366
0.993641
0.990637
0.995702
1.00914
1.03003
1.05605
1.08396
1.11064
1.13395
1.15294
1.16766
1.17858
1.1861
1.19017
1.19024
1.18539
1.1748
1.15829
1.13678
1.11253
1.08885
1.06924
1.05654
1.05233
1.05662
1.06818
1.08489
1.10431
1.12401
1.14185
1.15596
1.1648
1.16734
1.16326
1.15338
1.13968
1.12495
1.11196
1.10242
1.09635
1.0924
1.0891
1.08605
1.08447
1.08622
1.09224
1.10155
1.11184
1.12105
1.12837
1.13411
1.13902
1.14373
1.14855
1.15343
1.15799
1.1617
1.16413
1.16521
1.16536
1.16546
1.16642
1.1686
1.1713
1.17279
1.17107
1.16464
1.15316
1.13764
1.12014
1.10322
1.08925
1.07987
1.07541
1.07491
1.07654
1.07854
1.07998
1.08091
1.08179
1.08273
1.08345
1.08376
1.08374
1.08342
1.08264
1.08106
1.07839
1.07465
1.07045
1.06717
1.06639
1.06902
1.07464
1.08152
1.08741
1.09025
1.08845
1.08075
1.06609
1.04419
1.01738
0.992588
0.979506
0.983328
0.999945
1.02062
1.0388
1.0519
1.05993
1.06423
1.06694
1.0705
1.07681
1.08666
1.09947
1.11371
1.12764
1.13989
1.14964
1.15637
1.1597
1.1593
1.1549
1.14632
1.13352
1.11691
1.09791
1.0792
1.06427
1.05616
1.05626
1.06398
1.07746
1.09443
1.11263
1.12991
1.14426
1.15403
1.1583
1.15715
1.15176
1.1441
1.13626
1.12968
1.12475
1.12112
1.11821
1.11573
1.11365
1.1121
1.11148
1.11253
1.11612
1.12263
1.13138
1.14056
1.14773
1.15049
1.14703
1.13642
1.11873
1.09514
1.06802
1.0408
1.01747
1.0017
0.995936
1.0006
1.01417
1.03367
1.05567
1.07711
1.09595
1.11129
1.12325
1.13239
1.13924
1.14404
1.14673
1.14706
1.14475
1.13964
1.13176
1.12136
1.10888
1.09481
1.0798
1.06478
1.05093
1.03963
1.0322
1.02969
1.03282
1.0419
1.05681
1.07697
1.10126
1.12825
1.15626
1.18347
1.20791
1.22757
1.24068
1.24599
1.24318
1.23293
1.21687
1.19744
1.17761
1.16043
1.14819
1.1416
1.13965
1.14037
1.14192
1.14322
1.14396
1.14424
1.14433
1.1447
1.14597
1.14876
1.15316
1.15845
1.16313
1.16554
1.16472
1.16078
1.15483
1.14826
1.14214
1.13685
1.13223
1.12806
1.12434
1.12125
1.11876
1.11637
1.11321
1.10854
1.10199
1.09384
1.08499
1.07691
1.07128
1.06959
1.07256
1.08006
1.09127
1.10504
1.12008
1.13505
1.14859
1.15951
1.16698
1.17061
1.17046
1.16697
1.16079
1.15266
1.14334
1.13388
1.12576
1.12038
1.11834
1.119
1.12078
1.12178
1.12057
1.11664
1.11058
1.10365
1.09714
1.09177
1.08755
1.08398
1.08046
1.0765
1.07187
1.06665
1.06127
1.05639
1.05264
1.05055
1.05074
1.05414
1.06189
1.07464
1.09167
1.11098
1.13058
1.14941
1.16714
1.18351
1.19763
1.20803
1.21298
1.21121
1.2025
1.18791
1.16958
1.15005
1.13149
1.11516
1.10125
1.08914
1.0779
1.06688
1.0562
1.04694
1.04079
1.0393
1.04298
1.0508
1.06056
1.06981
1.07691
1.08149
1.08428
1.08643
1.08881
1.09137
1.09318
1.09299
1.0899
1.08417
1.0777
1.07387
1.07619
1.08622
1.10224
1.12017
1.13569
1.1459
1.14972
1.1476
1.14091
1.13154
1.12155
1.1128
1.1067
1.10395
1.10446
1.10747
1.11175
1.11599
1.11924
1.12116
1.12191
1.12176
1.12077
1.11887
1.11601
1.1119
1.10574
1.09639
1.083
1.0656
1.04556
1.02568
1.00966
1.00082
1.00081
1.00928
1.02467
1.04535
1.06985
1.09634
1.12208
1.14365
1.1578
1.16229
1.15648
1.14139
1.11956
1.0946
1.07046
1.05063
1.03775
1.03343
1.03851
1.05284
1.07487
1.10161
1.12925
1.1542
1.17369
1.18594
1.1899
1.1852
1.17243
1.15366
1.13264
1.11409
1.10168
1.09645
1.09719
1.1021
1.10994
1.11998
1.13165
1.14428
1.15711
1.1694
1.18038
1.18924
1.19499
1.19656
1.19321
1.18494
1.17284
1.15882
1.14495
1.13281
1.12327
1.11688
1.11411
1.11523
1.11982
1.12685
1.13497
1.14297
1.1501
1.15589
1.15988
1.16147
1.15998
1.15505
1.14711
1.13747
1.12798
1.1203
1.1154
1.1134
1.11377
1.11545
1.11731
1.11845
1.11845
1.11721
1.11471
1.11079
1.10535
1.09887
1.09282
1.08966
1.09191
1.10081
1.11551
1.13346
1.15162
1.16761
1.18026
1.18939
1.19531
1.19843
1.19899
1.1971
1.19293
1.18657
1.17796
1.16683
1.15282
1.13579
1.11638
1.09646
1.07901
1.06724
1.06318
1.0669
1.07682
1.09062
1.10577
1.11989
1.13095
1.13757
1.13927
1.13636
1.12982
1.12102
1.11173
1.10382
1.09855
1.09611
1.09566
1.09596
1.09602
1.09558
1.0951
1.09557
1.09797
1.1027
1.10932
1.11669
1.12363
1.12932
1.13376
1.13767
1.14203
1.14735
1.15305
1.15748
1.15842
1.15391
1.1428
1.1251
1.10218
1.07664
1.0519
1.03148
1.0181
1.01289
1.01516
1.0228
1.03329
1.04439
1.0545
1.06278
1.06906
1.07364
1.07696
1.07943
1.0814
1.08314
1.08478
1.08618
1.08688
1.08627
1.08386
1.07962
1.07397
1.06771
1.06164
1.05625
1.05156
1.0473
1.04321
1.03925
1.03575
1.03304
1.0312
1.02983
1.02829
1.02621
1.02428
1.02462
1.0303
1.04374
1.06459
1.08933
1.11301
1.13158
1.14283
1.14626
1.14268
1.13386
1.12225
1.11056
1.1012
1.0956
1.09393
1.09513
1.09741
1.09918
1.09969
1.09904
1.0979
1.0971
1.09722
1.09832
1.09977
1.10024
1.09836
1.09366
1.08715
1.0811
1.07784
1.0786
1.08302
1.0896
1.09638
1.10186
1.10541
1.10739
1.10883
1.11069
1.11316
1.11558
1.11703
1.11698
1.11554
1.11316
1.11019
1.10678
1.10288
1.09849
1.09369
1.08859
1.08334
1.07821
1.07376
1.0707
1.06966
1.07095
1.07454
1.08041
1.08864
1.09926
1.11157
1.12398
1.13441
1.14119
1.14362
1.1421
1.13774
1.13166
1.12461
1.11681
1.10834
1.09952
1.09096
1.08351
1.0779
1.07451
1.07325
1.07368
1.07536
1.07798
1.08138
1.08524
1.08904
1.09211
1.09388
1.09404
1.09275
1.09051
1.08816
1.08673
1.08719
1.09032
1.09635
1.10469
1.1139
1.1221
1.12771
1.13
1.12938
1.12713
1.12504
1.12461
1.12654
1.1305
1.13548
1.14057
1.14548
1.15053
1.15608
1.1621
1.16823
1.17375
1.17735
1.17715
1.17129
1.15869
1.1396
1.11587
1.09091
1.06909
1.05442
1.04897
1.05256
1.0635
1.07935
1.09726
1.11438
1.12861
1.13905
1.14596
1.15008
1.15195
1.15147
1.14809
1.14123
1.13086
1.11776
1.10359
1.09078
1.08189
1.07866
1.08133
1.08867
1.09864
1.10922
1.11899
1.12744
1.13483
1.14182
1.14896
1.15628
1.16307
1.16793
1.169
1.16419
1.15163
1.13031
1.10062
1.06485
1.0271
0.992824
0.968686
0.96211
0.977742
1.01219
1.055
1.09571
1.12803
1.14956
1.16021
1.16141
1.15581
1.14689
1.13812
1.13187
1.12875
1.12795
1.1281
1.12805
1.12721
1.12554
1.12329
1.12065
1.11768
1.11435
1.11068
1.10695
1.10358
1.10088
1.09877
1.09688
1.09469
1.09175
1.0875
1.08128
1.07239
1.06041
1.04553
1.02884
1.01211
0.997272
0.985765
0.978532
0.976298
0.979579
0.988164
1.00071
1.01519
1.0297
1.04307
1.05497
1.06552
1.07484
1.08278
1.08882
1.0924
1.09345
1.09269
1.09156
1.09159
1.09382
1.09861
1.10566
1.11404
1.12216
1.12822
1.13096
1.13035
1.12786
1.12587
1.12659
1.13098
1.13846
1.14764
1.15718
1.16598
1.17333
1.17869
1.18148
1.18106
1.17692
1.16901
1.15796
1.14489
1.13109
1.11783
1.10643
1.0984
1.09511
1.09676
1.10165
1.10665
1.10838
1.10434
1.09363
1.07737
1.05867
1.04151
1.0294
1.0242
1.02587
1.03305
1.04382
1.05644
1.06957
1.08226
1.09386
1.1038
1.11148
1.11614
1.11705
1.11383
1.10701
1.09818
1.08961
1.08316
1.0794
1.07789
1.07809
1.08006
1.0842
1.09055
1.09823
1.10559
1.11074
1.11236
1.11049
1.1071
1.10558
1.10834
1.11449
1.12083
1.12488
1.12613
1.12494
1.12122
1.11454
1.10468
1.09195
1.07693
1.06046
1.0438
1.02903
1.0192
1.01768
1.02688
1.04672
1.07421
1.10433
1.1316
1.15157
1.16185
1.16245
1.15556
1.14478
1.13375
1.12505
1.11976
1.11785
1.11879
1.12171
1.12551
1.12887
1.13047
1.12921
1.12429
1.11549
1.10353
1.09008
1.07724
1.06677
1.05936
1.05469
1.05189
1.05012
1.04907
1.04912
1.05127
1.05644
1.06453
1.07398
1.08249
1.08805
1.08968
1.08728
1.08127
1.07253
1.06244
1.05292
1.04614
1.04404
1.04758
1.05619
1.06787
1.07999
1.09032
1.09776
1.10234
1.10485
1.10624
1.10723
1.10811
1.10893
1.10961
1.11006
1.11013
1.10967
1.10858
1.1069
1.1049
1.10275
1.10033
1.09718
1.09272
1.08682
1.08027
1.07484
1.07277
1.07589
1.08476
1.09844
1.11493
1.13178
1.14674
1.15816
1.16541
1.16868
1.16861
1.1658
1.16045
1.15212
1.14
1.12386
1.10552
1.08928
1.08008
1.08001
1.08693
1.09658
1.10529
1.11111
1.11372
1.11387
1.1128
1.11158
1.11073
1.1102
1.10961
1.10859
1.10705
1.10534
1.10412
1.10409
1.10561
1.10871
1.11355
1.12061
1.13031
1.14221
1.15465
1.16516
1.1714
1.17176
1.16564
1.1534
1.13613
1.11527
1.0923
1.0684
1.04489
1.02411
1.01046
1.00958
1.02418
1.05095
1.08262
1.1126
1.13702
1.15414
1.16334
1.16448
1.15793
1.14457
1.1259
1.1038
1.08033
1.0576
1.0377
1.02274
1.01461
1.01449
1.02239
1.03692
1.05589
1.07701
1.09843
1.11878
1.13701
1.1523
1.16404
1.17198
1.17638
1.17771
1.17627
1.17211
1.16525
1.15594
1.14469
1.13223
1.11929
1.10673
1.09547
1.08635
1.07981
1.07583
1.07422
1.0749
1.07781
1.08263
1.08877
1.09553
1.10219
1.10802
1.11223
1.11408
1.11296
1.10864
1.10146
1.09252
1.0836
1.07673
1.0737
1.07606
1.08523
1.102
1.12498
1.15018
1.1728
1.18941
1.19875
1.20131
1.1985
1.19204
1.18351
1.17417
1.16506
1.15706
1.15096
1.14726
1.146
1.14651
1.14756
1.14765
1.14552
1.14069
1.13364
1.12586
1.11951
1.11668
1.1185
1.12448
1.13278
1.14138
1.14888
1.15468
1.15867
1.16091
1.16158
1.16103
1.15977
1.15836
1.15713
1.15602
1.1548
1.15327
1.15151
1.14992
1.14899
1.14906
1.15002
1.15123
1.15162
1.15007
1.14573
1.13828
1.12803
1.11573
1.10242
1.08897
1.07591
1.06342
1.05156
1.04053
1.03098
1.02396
1.0206
1.02136
1.02557
1.03183
1.03857
1.04456
1.04907
1.05199
1.0539
1.05599
1.05968
1.06598
1.07499
1.08561
1.096
1.1046
1.11084
1.11491
1.11708
1.11735
1.11538
1.11075
1.10315
1.0926
1.07971
1.06586
1.0533
1.04491
1.04351
1.05079
1.06609
1.08622
1.10653
1.12284
1.13254
1.13506
1.13146
1.12386
1.11468
1.1062
1.10003
1.09692
1.0967
1.09844
1.1008
1.10258
1.10325
1.10307
1.10284
1.10336
1.10508
1.10812
1.11249
1.11817
1.12509
1.13293
1.14107
1.14867
1.155
1.15982
1.16353
1.16697
1.17075
1.17479
1.17823
1.18003
1.17937
1.1758
1.16938
1.1608
1.15136
1.14256
1.13537
1.12963
1.1238
1.11548
1.10244
1.08368
1.06021
1.03524
1.01411
1.00268
1.00469
1.01981
1.04452
1.07427
1.10478
1.13213
1.15291
1.16469
1.16656
1.15918
1.14461
1.12575
1.10579
1.08782
1.07427
1.0664
1.06403
1.06566
1.06916
1.07255
1.07465
1.0752
1.07453
1.07322
1.07173
1.07022
1.06842
1.06572
1.06129
1.05464
1.04595
1.03639
1.02803
1.02334
1.02419
1.03066
1.04058
1.05058
1.05768
1.06042
1.05922
1.05592
1.05311
1.05315
1.05743
1.06616
1.0786
1.09343
1.10908
1.12377
1.13583
1.14389
1.14715
1.14564
1.14018
1.1323
1.12383
1.11627
1.10988
1.10385
1.09728
1.09004
1.08285
1.0769
1.07353
1.07378
1.07786
1.08486
1.09295
1.10024
1.10555
1.10874
1.11049
1.11166
1.11278
1.11376
1.114
1.1128
1.10986
1.10553
1.10052
1.09535
1.0902
1.08522
1.08109
1.07915
1.08079
1.08673
1.09671
1.10952
1.12315
1.13505
1.14255
1.14337
1.13595
1.11984
1.0959
1.06647
1.0353
1.00693
0.985562
0.974048
0.973288
0.982552
0.999992
1.02308
1.04881
1.074
1.09579
1.11217
1.12224
1.12613
1.12465
1.1191
1.11094
1.10182
1.09333
1.08682
1.08323
1.08307
1.08636
1.09258
1.10057
1.10864
1.11484
1.11741
1.11522
1.10811
1.09699
1.0837
1.07078
1.06104
1.05708
1.06032
1.07007
1.08372
1.09787
1.10957
1.11697
1.11927
1.11659
1.10979
1.10044
1.09056
1.08232
1.07749
1.0771
1.08126
1.08938
1.10035
1.11272
1.12474
1.13437
1.13954
1.13862
1.13101
1.11761
1.1006
1.08254
1.06549
1.05061
1.03844
1.02925
1.02308
1.01964
1.01849
1.01931
1.02219
1.02755
1.03582
1.04731
1.06188
1.0789
1.09738
1.1161
1.13386
1.14963
1.16268
1.17283
1.18069
1.18764
1.19537
1.20469
1.21476
1.22352
1.22896
1.2298
1.22552
1.21616
1.20235
1.18532
1.16666
1.14805
1.1311
1.11745
1.10837
1.1039
1.10258
1.10229
1.10178
1.10139
1.10249
1.10586
1.11052
1.11422
1.11489
1.11185
1.10572
1.09785
1.08941
1.08121
1.07378
1.06781
1.06436
1.06424
1.06737
1.07265
1.07853
1.08374
1.08757
1.08976
1.0904
1.08982
1.08855
1.08724
1.08654
1.08685
1.0883
1.09075
1.09386
1.0972
1.10043
1.10329
1.1056
1.10701
1.10705
1.10533
1.10173
1.09653
1.09046
1.08478
1.08129
1.08197
1.08803
1.09875
1.11111
1.12095
1.12463
1.12048
1.10908
1.09286
1.07521
1.0596
1.04883
1.0445
1.04686
1.05508
1.06775
1.0836
1.10172
1.12116
1.14058
1.15835
1.17322
1.18486
1.19378
1.20084
1.20692
1.21245
1.21743
1.22148
1.22403
1.22443
1.22207
1.21642
1.20725
1.19486
1.18038
1.16559
1.15245
1.14223
1.13495
1.12959
1.1247
1.11907
1.11221
1.10449
1.09711
1.09194
1.09081
1.0947
1.10327
1.11505
1.12806
1.14025
1.14985
1.15563
1.15732
1.15577
1.15256
1.14906
1.14548
1.14076
1.13341
1.12266
1.10913
1.09466
1.08132
1.07039
1.06238
1.05749
1.05603
1.05831
1.06428
1.07332
1.08445
1.09645
1.10808
1.11819
1.12598
1.13113
1.13403
1.13545
1.13638
1.13772
1.1402
1.14445
1.15095
1.15967
1.16972
1.17951
1.18752
1.19296
1.19559
1.19496
1.19001
1.17935
1.16221
1.13925
1.11272
1.08598
1.06243
1.04447
1.03287
1.02665
1.02385
1.02263
1.02244
1.02463
1.03176
1.04576
1.06626
1.0906
1.11519
1.137
1.15414
1.16575
1.17175
1.17253
1.16901
1.16263
1.15526
1.14858
1.14346
1.13979
1.13715
1.13525
1.13378
1.13219
1.12978
1.12607
1.12123
1.11614
1.11192
1.10924
1.10777
1.10612
1.10245
1.09546
1.08512
1.07278
1.06062
1.05071
1.04453
1.04311
1.04733
1.05767
1.07335
1.09214
1.1112
1.12822
1.14184
1.15148
1.15697
1.15836
1.15603
1.15071
1.14336
1.13482
1.12546
1.11527
1.10412
1.0921
1.07995
1.06915
1.06187
1.06017
1.06481
1.07431
1.08539
1.09464
1.10011
1.10185
1.10122
1.09972
1.09814
1.09642
1.09399
1.09031
1.08526
1.0791
1.07196
1.06342
1.05254
1.03852
1.02169
1.0041
0.989223
0.980747
0.980887
0.98948
1.00428
1.02216
1.04036
1.05706
1.07139
1.08312
1.09221
1.09884
1.10349
1.10707
1.11057
1.11462
1.11902
1.12294
1.12539
1.12586
1.12462
1.12273
1.12186
1.1238
1.12999
1.14081
1.15534
1.17138
1.186
1.19637
1.20042
1.19732
1.18747
1.17225
1.15371
1.13414
1.1155
1.09898
1.08498
1.0738
1.06629
1.06374
1.06679
1.0747
1.08584
1.09864
1.11216
1.12593
1.13973
1.15329
1.16579
1.17559
1.1808
1.18018
1.17377
1.16289
1.14967
1.13649
1.12551
1.11863
1.11729
1.12215
1.13224
1.14509
1.15748
1.16649
1.16999
1.16683
1.15689
1.14124
1.12235
1.10385
1.08964
1.0823
1.08191
1.08626
1.09214
1.09665
1.09791
1.09523
1.08898
1.08045
1.07152
1.06404
1.05918
1.0571
1.05702
1.05789
1.05879
1.05906
1.05821
1.05605
1.05267
1.04852
1.04423
1.04037
1.0374
1.03548
1.03461
1.03476
1.03594
1.03815
1.04127
1.04506
1.04921
1.05349
1.05781
1.06225
1.0667
1.07071
1.07347
1.07425
1.07285
1.0697
1.06554
1.06113
1.05721
1.05445
1.05346
1.05459
1.05778
1.06223
1.06641
1.06818
1.06538
1.05668
1.04236
1.02474
1.00772
0.995218
0.989311
0.989344
0.992877
0.99734
1.00109
1.00364
1.0055
1.00787
1.01214
1.01919
1.02887
1.04001
1.05102
1.06092
1.06999
1.07927
1.0892
1.09862
1.10536
1.10753
1.10437
1.09625
1.08441
1.07062
1.05699
1.04571
1.03876
1.03773
1.04352
1.05605
1.07402
1.09499
1.11602
1.13438
1.14833
1.15725
1.16143
1.1615
1.15803
1.15163
1.1434
1.13506
1.12842
1.12442
1.12246
1.1205
1.11612
1.10751
1.09407
1.07652
1.05655
1.03639
1.01835
1.00428
0.995171
0.990858
0.989913
0.990072
0.989232
0.986671
0.983772
0.983686
0.989973
1.00485
1.02814
1.05757
1.08998
1.12237
1.15231
1.17797
1.19826
1.21277
1.2214
1.22404
1.22034
1.2099
1.19281
1.17014
1.14405
1.11728
1.09205
1.06957
1.05054
1.03594
1.02718
1.02527
1.02997
1.03961
1.05192
1.06503
1.07793
1.09027
1.1019
1.11241
1.12114
1.12744
1.1309
1.13155
1.12982
1.12638
1.12206
1.11789
1.11509
1.11469
1.11711
1.12177
1.12765
1.13436
1.14289
1.15465
1.16938
1.18456
1.19703
1.20458
1.20654
1.20349
1.19676
1.18788
1.17798
1.1674
1.15584
1.14305
1.12922
1.11507
1.10155
1.08942
1.0789
1.06968
1.0612
1.0531
1.04565
1.03977
1.03656
1.03688
1.041
1.04857
1.05876
1.07036
1.08201
1.09236
1.10021
1.1046
1.1049
1.10097
1.09321
1.08254
1.07025
1.05789
1.04705
1.03907
1.03464
1.03354
1.03463
1.03644
1.0378
1.03847
1.0394
1.04249
1.04984
1.0628
1.08108
1.10257
1.12398
1.14185
1.15336
1.15665
1.15089
1.13609
1.1129
1.08271
1.04816
1.01362
0.984924
0.967655
0.96507
0.977036
1.00011
1.02863
1.05662
1.07949
1.09478
1.10202
1.10255
1.09932
1.09583
1.09422
1.09382
1.09203
1.08663
1.07727
1.06535
1.05325
1.04356
1.03859
1.0399
1.04799
1.062
1.07984
1.09848
1.11456
1.12508
1.12821
1.12407
1.11505
1.10514
1.09822
1.0963
1.09897
1.10437
1.11054
1.1162
1.12076
1.12392
1.12542
1.12493
1.12223
1.11724
1.11007
1.10086
1.08961
1.07631
1.06141
1.04624
1.03313
1.02478
1.02322
1.02897
1.04082
1.05619
1.07161
1.08369
1.09021
1.0914
1.09022
1.09084
1.09557
1.10295
1.10952
1.11286
1.11264
1.10974
1.10503
1.09883
1.09115
1.08244
1.07413
1.06844
1.06741
1.0719
1.08132
1.09408
1.1084
1.12283
1.13643
1.14849
1.15854
1.16632
1.17193
1.17589
1.17888
1.18143
1.1836
1.18488
1.18428
1.18054
1.17261
1.16013
1.14392
1.12625
1.11015
1.09802
1.09085
1.08847
1.09014
1.09473
1.1007
1.10631
1.10995
1.11049
1.10772
1.10243
1.09592
1.08922
1.08255
1.0761
1.07146
1.07131
1.07714
1.08755
1.09941
1.11
1.11769
1.12164
1.12165
1.11835
1.11323
1.10816
1.10461
1.10286
1.10179
1.09972
1.09563
1.08985
1.08364
1.07844
1.07536
1.07508
1.07775
1.08284
1.08937
1.0962
1.10214
1.10599
1.10681
1.10431
1.09907
1.09221
1.08466
1.07651
1.06713
1.05588
1.04273
1.02877
1.01635
1.00898
1.01043
1.02304
1.04592
1.07474
1.10361
1.12735
1.14271
1.14867
1.14632
1.13831
1.12804
1.11886
1.11327
1.11259
1.11672
1.12423
1.13275
1.13964
1.14267
1.14043
1.1325
1.11963
1.10402
1.08941
1.08029
1.08023
1.09005
1.10761
1.12906
1.15063
1.1696
1.18455
1.19526
1.20216
1.20571
1.20626
1.20432
1.20081
1.19695
1.19361
1.19089
1.18796
1.18346
1.17632
1.16642
1.15489
1.14349
1.13356
1.12498
1.1164
1.10624
1.0938
1.07981
1.06611
1.05504
1.04856
1.04737
1.05063
1.05632
1.06222
1.06668
1.06895
1.06894
1.06692
1.06333
1.05865
1.05341
1.04819
1.04383
1.04124
1.04118
1.04383
1.04875
1.05505
1.06168
1.06731
1.07017
1.0685
1.06134
1.04928
1.03474
1.02136
1.0125
1.00949
1.01116
1.01521
1.02014
1.02597
1.03344
1.04263
1.05237
1.06093
1.06722
1.07139
1.07451
1.07796
1.08279
1.08959
1.09848
1.10918
1.12109
1.13322
1.14438
1.1535
1.16
1.16415
1.16731
1.17179
1.17999
1.19302
1.20938
1.22534
1.23679
1.24085
1.23647
1.22402
1.20478
1.1804
1.15277
1.12403
1.09659
1.07306
1.05568
1.04545
1.04148
1.04081
1.03941
1.03416
1.02447
1.01252
1.00192
0.996115
0.997355
1.00629
1.02194
1.04212
1.06405
1.08516
1.10345
1.11761
1.12685
1.13096
1.1305
1.12678
1.12165
1.11687
1.1136
1.11204
1.11153
1.1109
1.1089
1.10462
1.09772
1.08852
1.07788
1.06703
1.05732
1.04994
1.04568
1.04478
1.047
1.05169
1.05813
1.0657
1.07387
1.08186
1.08838
1.09176
1.09058
1.08442
1.0743
1.06235
1.05099
1.04212
1.03675
1.0352
1.03753
1.04367
1.05311
1.06476
1.07722
1.08922
1.09971
1.1077
1.11224
1.11269
1.10903
1.10202
1.09321
1.08483
1.07939
1.07918
1.08532
1.09728
1.113
1.12975
1.14506
1.15744
1.16644
1.17232
1.17555
1.17637
1.17453
1.16939
1.1603
1.14715
1.13088
1.11359
1.09791
1.08606
1.07913
1.07687
1.07811
1.08129
1.08497
1.08815
1.09039
1.09168
1.09228
1.09233
1.09196
1.09139
1.09126
1.0926
1.09638
1.10271
1.11015
1.11605
1.11766
1.11339
1.10369
1.09208
1.08518
1.08975
1.10691
1.13073
1.15332
1.16929
1.17623
1.17385
1.16367
1.14904
1.13492
1.12658
1.12737
1.13682
1.15132
1.16677
1.18039
1.1909
1.19793
1.20133
1.201
1.19682
1.18874
1.17706
1.16256
1.14657
1.13056
1.11569
1.10257
1.09147
1.083
1.07821
1.07787
1.08118
1.08556
1.08801
1.08674
1.08174
1.07429
1.06633
1.05991
1.05685
1.05831
1.06423
1.0732
1.08295
1.09132
1.09713
1.10043
1.10219
1.10374
1.10603
1.10927
1.11295
1.11621
1.11841
1.11951
1.11997
1.12045
1.12137
1.12295
1.12534
1.12906
1.13493
1.14346
1.15411
1.16495
1.17333
1.17705
1.17515
1.16794
1.15653
1.14255
1.12796
1.11492
1.10548
1.10105
1.1016
1.10543
1.10972
1.1114
1.1082
1.0993
1.08579
1.07067
1.05804
1.0516
1.05312
1.06208
1.07652
1.09431
1.1136
1.1327
1.14986
1.16313
1.17063
1.1708
1.16276
1.14665
1.12383
1.09686
1.06922
1.04478
1.0268
1.01683
1.01425
1.0169
1.02253
1.02969
1.0379
1.04724
1.0579
1.06998
1.08342
1.09808
1.11369
1.12985
1.14588
1.16084
1.17373
1.18378
1.19072
1.19486
1.19699
1.19799
1.19832
1.19768
1.19515
1.18964
1.18047
1.16771
1.15221
1.13535
1.11849
1.10249
1.0876
1.07416
1.06326
1.05639
1.05412
1.05537
1.05785
1.05939
1.05875
1.05603
1.05256
1.04993
1.04876
1.04855
1.04851
1.04853
1.04922
1.05142
1.05522
1.05948
1.06217
1.06124
1.05555
1.0454
1.03235
1.01869
1.00715
1.00092
1.00309
1.0152
1.03634
1.06365
1.09343
1.12213
1.14687
1.16559
1.17711
1.18099
1.17746
1.1676
1.15364
1.13906
1.12769
1.12187
1.12101
1.1222
1.12253
1.12101
1.11881
1.11795
1.11979
1.12441
1.13075
1.13711
1.14164
1.14289
1.14025
1.13415
1.12607
1.11804
1.11202
1.10925
1.10997
1.11363
1.11924
1.12556
1.13114
1.13428
1.13333
1.12732
1.11645
1.1024
1.08815
1.0771
1.07166
1.07244
1.07835
1.08761
1.09853
1.10998
1.12117
1.13121
1.13849
1.14069
1.13583
1.12393
1.10804
1.09289
1.08192
1.07521
1.07053
1.06563
1.05959
1.0527
1.04591
1.04046
1.03775
1.03928
1.04621
1.05878
1.07591
1.09537
1.11448
1.13097
1.14362
1.15266
1.15967
1.16625
1.17246
1.1762
1.17449
1.16569
1.15094
1.13392
1.11901
1.10901
1.10426
1.10361
1.10525
1.10681
1.10568
1.09993
1.08918
1.07474
1.05916
1.04531
1.03556
1.03122
1.03246
1.03856
1.04812
1.05955
1.07157
1.08372
1.09614
1.10871
1.1203
1.12915
1.13412
1.13564
1.13517
1.13413
1.13313
1.13195
1.13028
1.12828
1.12695
1.12784
1.13249
1.14147
1.15355
1.16569
1.17402
1.17565
1.17007
1.15933
1.14703
1.13664
1.13028
1.12842
1.13031
1.13472
1.14037
1.14609
1.15076
1.15327
1.15259
1.14798
1.13926
1.12699
1.11251
1.09796
1.08605
1.07916
1.07818
1.08213
1.08903
1.09732
1.10617
1.11512
1.1237
1.13133
1.13765
1.14271
1.14696
1.15097
1.15519
1.15973
1.16436
1.16847
1.17118
1.17163
1.16942
1.16504
1.15969
1.15477
1.15118
1.14888
1.14716
1.14514
1.14231
1.13884
1.13555
1.13366
1.13434
1.13835
1.14588
1.15667
1.1701
1.18524
1.20087
1.21559
1.22796
1.23685
1.24173
1.24297
1.24189
1.24045
1.24038
1.24215
1.24443
1.24481
1.24134
1.23374
1.22354
1.21297
1.20367
1.19609
1.18969
1.18333
1.17548
1.16444
1.14871
1.12757
1.10171
1.07361
1.04709
1.02582
1.01151
1.00317
0.998261
0.994656
0.992058
0.992044
0.997135
1.00936
1.0289
1.05359
1.07963
1.10312
1.12132
1.13306
1.13858
1.139
1.13576
1.13023
1.12349
1.11626
1.1087
1.10028
1.08989
1.07658
1.06035
1.04264
1.02632
1.01517
1.01244
1.01892
1.03202
1.04729
1.06076
1.07048
