0.9
0.899136
0.896543
0.892166
0.885878
0.877486
0.866754
0.853398
0.837089
0.817495
0.794295
0.76727
0.736376
0.701829
0.66418
0.624382
0.583773
0.544017
0.506907
0.474125
0.447022
0.426397
0.412451
0.404847
0.40281
0.405301
0.411179
0.419287
0.428568
0.438124
0.447235
0.455396
0.462302
0.467844
0.472074
0.475157
0.477313
0.478758
0.479659
0.48009
0.480033
0.479387
0.477994
0.475689
0.472339
0.467896
0.462431
0.456145
0.449346
0.442406
0.683695
0.675101
0.664752
0.653535
0.641982
0.630671
0.620183
0.61102
0.603556
0.597983
0.594256
0.592112
0.5911
0.590759
0.590734
0.590865
0.591135
0.591576
0.592176
0.592815
0.593344
0.593649
0.59372
0.593681
0.593698
0.593909
0.594394
0.595199
0.596345
0.597905
0.600055
0.602994
0.606856
0.611598
0.616953
0.622509
0.627842
0.63262
0.636636
0.639733
0.64175
0.642502
0.641811
0.639545
0.635678
0.630368
0.623998
0.617126
0.610442
0.604624
0.878874
0.874083
0.868161
0.861134
0.852812
0.843172
0.832527
0.821575
0.811259
0.802445
0.79559
0.790518
0.786509
0.782603
0.777867
0.771599
0.763427
0.753315
0.741508
0.728527
0.715091
0.702074
0.690455
0.681274
0.67552
0.673843
0.676202
0.681639
0.688559
0.695422
0.701318
0.706181
0.71063
0.715615
0.722091
0.730722
0.74173
0.754749
0.768784
0.782412
0.794057
0.802315
0.806205
0.805304
0.799875
0.790919
0.779992
0.768795
0.758567
0.749713
0.873786
0.86488
0.85384
0.84122
0.827702
0.81438
0.802602
0.793815
0.789334
0.790053
0.796123
0.806783
0.820458
0.835164
0.848911
0.860078
0.867612
0.871124
0.870849
0.867494
0.86211
0.855878
0.849838
0.844754
0.841003
0.838525
0.836964
0.835882
0.8349
0.833754
0.832249
0.830144
0.827036
0.822438
0.816127
0.808569
0.801036
0.795268
0.792676
0.793616
0.797253
0.80199
0.806154
0.808461
0.808221
0.805365
0.800382
0.794256
0.78843
0.784634
0.855969
0.859669
0.867899
0.879939
0.894268
0.908818
0.92142
0.930291
0.934398
0.93368
0.929096
0.922437
0.91585
0.911221
0.909703
0.911561
0.916301
0.92291
0.930045
0.936202
0.939904
0.939949
0.935635
0.926951
0.914669
0.900405
0.886427
0.875181
0.868637
0.867571
0.871246
0.877726
0.884722
0.890362
0.893499
0.893624
0.890673
0.884793
0.876309
0.86579
0.854122
0.842578
0.832793
0.826534
0.825305
0.829778
0.839472
0.852866
0.86789
0.882567
0.904924
0.91433
0.92189
0.927719
0.932688
0.937333
0.941525
0.944564
0.945627
0.94417
0.940171
0.934146
0.926967
0.919694
0.913506
0.909535
0.908571
0.91075
0.915471
0.921609
0.927849
0.933015
0.936292
0.937343
0.936211
0.933114
0.928259
0.921844
0.914254
0.906115
0.898269
0.891409
0.885842
0.881635
0.878938
0.878219
0.880066
0.8847
0.891699
0.90014
0.909046
0.917615
0.925156
0.930903
0.934021
0.933796
0.929883
0.922371
0.91171
0.898526
0.866781
0.851597
0.836607
0.82444
0.817091
0.815999
0.821314
0.831728
0.845036
0.858924
0.871534
0.881606
0.888337
0.891096
0.889345
0.882775
0.87163
0.856917
0.840612
0.825493
0.814633
0.810546
0.814279
0.824887
0.839746
0.855532
0.869341
0.879307
0.884656
0.885384
0.881876
0.87458
0.863897
0.850272
0.834378
0.81728
0.800565
0.7863
0.776847
0.77436
0.780192
0.794287
0.815073
0.839884
0.865691
0.889673
0.909545
0.923703
0.931367
0.932652
0.983406
0.975092
0.964366
0.95377
0.94487
0.938207
0.933395
0.929623
0.926191
0.922827
0.919693
0.917079
0.915152
0.91384
0.912983
0.912486
0.91235
0.912573
0.913034
0.913522
0.913869
0.914032
0.914007
0.913649
0.912653
0.910669
0.907476
0.90314
0.89815
0.893282
0.8894
0.887205
0.887034
0.88883
0.892259
0.896881
0.902177
0.907569
0.912467
0.916405
0.919108
0.920664
0.921438
0.921949
0.922767
0.924441
0.927406
0.931982
0.938249
0.946044
0.935202
0.943599
0.952322
0.959971
0.965574
0.96834
0.967833
0.963994
0.957122
0.947706
0.936248
0.923137
0.908706
0.893385
0.877934
0.863609
0.851923
0.844219
0.841261
0.843154
0.849545
0.859825
0.873184
0.888538
0.904522
0.919553
0.932006
0.940505
0.944163
0.942826
0.937111
0.928334
0.918253
0.908713
0.901268
0.89685
0.895717
0.897574
0.901751
0.907495
0.914151
0.921301
0.928772
0.936322
0.943289
0.948508
0.95062
0.948624
0.942257
0.93214
0.919674
0.906762
0.895374
0.887112
0.882877
0.882747
0.886148
0.892049
0.899192
0.90631
0.912334
0.916569
0.918693
0.918768
0.917061
0.913934
0.90969
0.904517
0.898618
0.892557
0.887633
0.885659
0.887864
0.893775
0.901204
0.907335
0.909831
0.907511
0.900549
0.890385
0.879352
0.87001
0.864379
0.863405
0.867009
0.874475
0.884667
0.89606
0.906806
0.915117
0.919741
0.920199
0.916822
0.910477
0.902284
0.893272
0.884164
0.875283
0.866503
0.857417
