1.2
1.18755
1.15097
1.09223
1.01385
0.919208
0.813082
0.701625
0.592016
0.491861
0.408208
0.346432
0.309258
0.296417
0.304882
0.329671
0.364899
0.40471
0.444009
0.478841
0.506523
0.525646
0.535926
0.537985
0.533141
0.523225
0.51035
0.496748
0.484621
0.475987
1.2
1.19427
1.17917
1.15781
1.13392
1.11123
1.09242
1.07873
1.06986
1.06437
1.06043
1.05642
1.05113
1.04384
1.03436
1.02275
1.00919
0.994004
0.977629
0.960544
0.943205
0.926094
0.909673
0.894515
0.881461
0.871641
0.866329
0.866669
0.87346
0.886903
1.2
1.22214
1.24186
1.2566
1.26533
1.26749
1.26323
1.25333
1.23915
1.22227
1.20434
1.18659
1.16977
1.15431
1.14029
1.12752
1.11569
1.10478
1.0953
1.08853
1.08605
1.08919
1.09846
1.11344
1.13262
1.15359
1.17332
1.18876
1.19752
1.1985
1.2
1.18693
1.17011
1.1529
1.13739
1.12475
1.11525
1.10872
1.10492
1.10382
1.10532
1.10898
1.11392
1.11868
1.12152
1.12081
1.11549
1.10518
1.09049
1.07314
1.05571
1.0414
1.03345
1.03431
1.04497
1.06471
1.09139
1.12211
1.15387
1.18402
1.2
1.21908
1.23417
1.24436
1.25034
1.2533
1.25463
1.25567
1.25724
1.25935
1.26097
1.26033
1.25572
1.24595
1.23089
1.21135
1.18857
1.16401
1.13921
1.11603
1.09623
1.08137
1.07223
1.06868
1.06968
1.0738
1.07964
1.08595
1.09178
1.09659
1.2
1.20024
1.19838
1.19607
1.19501
1.19598
1.1986
1.20156
1.20364
1.2043
1.20373
1.20245
1.20072
1.19812
1.19387
1.1871
1.17759
1.16588
1.15335
1.14155
1.13208
1.12601
1.12361
1.12437
1.12758
1.13287
1.14039
1.15046
1.16338
1.17901
1.2
1.21573
1.23173
1.24592
1.25735
1.26549
1.2702
1.27122
1.26806
1.26002
1.24703
1.23059
1.2143
1.20323
1.20174
1.21121
1.2297
1.25344
1.27862
1.30206
1.32139
1.33472
1.34081
1.3392
1.3303
1.31535
1.29602
1.2742
1.25178
1.2306
1.2
1.18431
1.17174
1.16257
1.15569
1.14959
1.14251
1.13265
1.11882
1.10121
1.08175
1.06404
1.05227
1.05001
1.05917
1.07951
1.10864
1.14249
1.17618
1.20484
1.22455
1.23278
1.2289
1.21416
1.19162
1.16558
1.14023
1.11861
1.10261
1.09341
1.2
1.20166
1.20679
1.21487
1.22559
1.23849
1.2529
1.26792
1.28238
1.29515
1.30523
1.31238
1.31681
1.31883
1.31848
1.31604
1.31276
1.31066
1.31106
1.31316
1.31402
1.31026
1.29982
1.28321
1.26325
1.24405
1.2295
1.22184
1.22122
1.22609
1.2
1.20703
1.21481
1.22195
1.22818
1.23381
1.2399
1.2478
1.25854
1.27228
1.28798
1.30392
1.31834
1.32979
1.33733
1.34055
1.33926
1.3332
1.32203
1.30536
1.28311
1.25591
1.22527
1.19373
1.16426
1.13976
1.12247
1.11381
1.11468
1.12535
1.2
1.22162
1.24431
1.26307
1.27545
1.28061
1.27876
1.2704
1.25608
1.23661
1.21369
1.19042
1.17118
1.1606
1.16194
1.17575
1.19953
1.22883
1.2589
1.2858
1.30719
1.32238
1.33155
1.33527
1.33392
1.32771
1.3173
1.30435
1.29179
1.2828
1.2
1.19991
1.20452
1.21177
1.22018
1.22915
1.2385
1.24807
1.25764
1.26685
1.2754
1.28289
1.28861
1.29167
1.29105
1.28592
1.2756
1.25973
1.23835
1.21201
1.182
1.15037
1.11989
1.09401
1.07633
1.06984
1.07575
1.09302
1.11859
1.14844
1.2
1.22514
1.24772
1.26585
1.27934
1.28787
1.2908
1.28738
1.27716
1.26029
1.23773
1.21111
1.18245
1.1542
1.12891
1.10942
1.0986
1.09903
1.11204
1.13715
1.17181
1.21224
1.25457
1.29558
1.33276
1.36386
1.38658
1.39876
1.39889
1.38676
1.2
1.17286
1.14508
1.1212
1.10241
1.08808
1.07734
1.07059
1.06945
1.07548
1.08888
1.10851
1.13233
1.15811
1.18355
1.20645
1.22475
1.23706
1.24292
1.24293
1.23825
1.23009
1.21908
1.20521
1.1882
1.16808
1.14583
1.12341
1.10334
1.08801
1.2
1.19357
1.188
1.18166
1.17312
1.16208
1.14931
1.13647
1.12545
1.11789
1.11477
1.11635
1.12227
1.13187
1.14423
1.15838
1.17318
1.1875
1.20028
1.21065
1.218
1.22176
1.2211
1.21515
1.20315
1.18508
1.16201
1.1362
1.11079
1.08938
1.2
1.19317
1.19468
1.20521
1.22323
1.2461
1.27058
1.29342
1.3121
1.32524
1.33289
1.33633
1.33783
1.33978
1.34392
1.35048
1.35793
1.36362
1.36468
1.35911
1.34624
1.32675
1.30228
1.27513
1.24772
1.22243
1.20126
1.18588
1.17725
1.17579
1.2
1.21069
1.22872
1.2534
1.28375
1.31773
1.35194
1.3819
1.40275
1.41027
1.4021
1.37861
1.34296
1.30041
1.25716
1.21892
1.18949
1.17012
1.15968
1.15555
1.15508
1.15649
1.15953
1.16577
1.1781
1.19932
1.23034
1.26895
1.31039
1.34931
1.2
1.22175
1.24117
1.25641
1.2668
1.27166
1.27062
1.26403
1.25327
1.24064
1.22908
1.22153
1.2199
1.22453
1.23411
1.24578
1.25602
1.26162
1.2603
1.2512
1.23489
1.21321
1.18914
1.16628
1.14796
1.13642
1.13235
1.13522
1.14398
1.1577
1.2
1.21806
1.23754
1.25493
1.26782
1.27472
1.27545
1.27089
1.26258
1.25195
1.2397
1.22571
1.20932
1.19006
1.16815
1.14467
1.12144
1.10062
1.08476
1.07674
1.07916
1.09322
1.11737
1.14722
1.17695
1.20125
1.21683
1.22305
1.22172
1.21639
1.2
1.19757
1.20162
1.213
1.23049
1.25153
1.2732
1.29277
1.308
1.31745
1.32027
1.31614
1.30511
1.28784
1.26541
1.23953
1.2124
1.18638
1.16391
1.14708
1.13741
1.13519
1.1393
1.14721
1.1553
1.15954
1.15637
1.14426
1.12522
1.10474
1.08858
1.07853
1.07231
1.06743
1.06395
1.0641
1.07064
1.08537
1.10851
1.1388
1.17383
1.21012
1.24346
1.26944
1.28431
1.28584
1.27399
1.25117
1.22194
1.19187
1.16577
1.14669
1.13597
1.13403
1.14057
1.15456
1.17411
1.19659
1.21903
1.23871
1.25355
1.26223
1.26436
1.26048
1.25191
1.24035
1.22745
1.2143
1.20165
1.19004
1.18028
1.17326
1.16974
1.17027
1.17507
1.18378
1.19557
1.20914
1.22321
1.2366
1.2483
1.25729
1.26258
1.26324
1.25884
1.24961
1.23647
1.22112
1.20556
1.19181
1.18146
1.1754
1.17355
1.17499
1.17839
1.18247
1.18631
1.18941
1.1916
1.19275
1.19291
1.19193
1.18959
1.18582
1.1808
1.17489
1.16807
1.16014
1.15102
1.14107
1.13121
1.12258
1.11635
1.11322
1.11343
1.11704
1.12434
1.13559
1.15038
1.16732
1.18445
1.19988
1.21269
1.22297
1.2314
1.23885
1.24589
1.2524
1.25759
1.26011
1.25866
1.25243
1.24139
1.22626
1.20839
1.18957
1.17175
1.15698
1.14714
1.14353
1.14668
1.15623
1.17108
1.18926
1.20818
1.22504
1.23722
1.24288
1.24135
1.23311
1.21951
1.20245
1.18398
1.16612
1.15085
1.14002
1.13498
1.13613
1.14285
1.15383
1.16738
1.18171
1.19538
1.20779
1.21933
1.2309
1.24292
1.25483
1.26521
1.27225
1.27413
1.26941
1.25746
1.23883
1.21548
1.19071
1.16856
1.15302
1.14696
1.15129
1.16471
1.18382
1.20385
1.21957
1.22641
1.22133
1.20324
1.17356
1.13601
1.09623
1.06113
1.03744
1.02993
1.03928
1.06204
1.09212
1.12352
1.15193
1.17507
1.19217
1.20362
1.21051
1.21447
1.21731
1.22061
1.22505
1.23025
1.23491
1.23774
1.23839
1.23788
1.23823
1.24105
1.24619
1.25132
1.25299
1.24822
1.2359
1.21704
1.19406
1.16989
1.14698
1.12684
1.11034
1.09819
1.09135
1.09105
1.09822
1.11248
1.13171
1.15242
1.17096
1.18523
1.19553
1.20401
1.21286
1.22234
1.23028
1.2338
1.23133
1.22387
1.21446
1.20693
1.20413
1.20665
1.2129
1.22001
1.22532
1.22714
1.22513
1.22014
1.21362
1.20704
1.20154
1.19782
1.19628
1.1974
1.20155
1.20856
1.2172
1.22518
1.23
1.22971
1.22373
1.21305
1.19991
1.18744
1.17891
1.17659
1.18094
1.1907
1.2034
1.21595
1.22524
1.22891
1.2262
1.21852
1.20912
1.20184
1.19939
1.20242
1.20951
1.21824
1.22623
1.23202
1.23541
1.23719
1.23864
1.24075
1.24379
1.24719
1.24984
1.25042
1.24737
1.23939
1.22557
1.20566
1.18052
1.15238
1.12482
1.10238
1.0891
1.08647
1.09251
1.10305
1.11422
1.12398
1.13195
1.13839
1.14348
1.14699
1.14824
1.14652
1.14155
1.13377
1.12473
1.11686
1.11279
1.11426
1.12143
1.13304
1.14743
1.16341
1.18049
1.19846
1.2168
1.2343
1.24912
1.25942
1.26415
1.26353
1.25931
1.25446
1.25194
1.25342
1.25871
1.26596
1.27316
1.27896
1.28322
1.28654
1.28915
1.29007
1.28749
1.28021
1.26909
1.25718
1.24819
1.2444
1.2456
1.24972
1.25381
1.25483
1.24999
1.23737
1.21648
1.18841
1.15553
1.12108
1.08857
1.06118
1.04166
1.03177
1.03178
1.04019
1.05405
1.0702
1.08638
1.10167
1.11605
1.12971
1.14237
1.15328
1.16141
1.16596
1.16671
1.16451
1.16132
1.16005
1.16373
1.17428
1.19166
1.21377
1.23734
1.25903
1.27618
1.28696
1.29029
1.28557
1.27275
1.25253
1.22671
1.19846
1.17193
1.15132
1.13953
1.13733
1.14353
1.15606
1.17277
1.19164
1.21071
1.22809
1.24195
1.25079
1.2539
1.25171
1.24599
1.23945
1.23511
1.23552
1.24179
1.25339
1.26842
1.28429
1.29826
1.30799
1.31156
1.30772
1.29612
1.27728
1.25236
1.22273
1.18974
1.15485
1.12007
1.08835
1.06323
1.0479
1.04414
