1.35
1.3487
1.34481
1.33825
1.32882
1.31623
1.30013
1.2801
1.25563
1.22624
1.19144
1.1509
1.10456
1.05274
0.99627
0.936573
0.875659
0.816026
0.76036
0.711187
0.670533
0.639596
0.618677
0.60727
0.604215
0.607951
0.616768
0.62893
0.642852
0.657186
0.670852
0.683094
0.693453
0.701765
0.70811
0.712735
0.715969
0.718137
0.719488
0.720135
0.720049
0.719081
0.716991
0.713534
0.708509
0.701844
0.693647
0.684217
0.67402
0.663609
0.65358
0.644488
0.636835
0.631013
0.627274
0.625754
0.626464
0.629273
0.63392
0.639994
0.647016
0.654415
0.661613
0.66809
0.673419
0.677349
0.679832
0.680986
0.68107
0.680406
0.679333
0.67814
0.6771
0.676457
0.676429
0.677203
0.678917
0.681589
0.685067
0.689084
0.693304
0.697437
0.701297
0.704842
0.708148
0.711332
0.714495
0.717691
0.720886
0.723977
0.726826
0.72929
0.731241
0.732537
0.733034
0.732591
0.73108
0.728452
0.724769
0.720228
0.715202
0.71019
0.705746
0.702409
0.700545
0.700289
0.701489
0.703741
0.706507
0.70922
0.711421
0.712848
0.713468
0.713425
0.712924
0.712077
0.710843
0.709001
0.706246
0.70225
0.696769
0.68973
0.681247
0.671635
0.661445
0.651398
0.642341
0.63511
0.630385
0.628544
0.629587
0.633168
0.638704
0.645522
0.653006
0.66066
0.66814
0.675197
0.681675
0.687498
0.692671
0.697268
0.701429
0.705315
0.709084
0.712816
0.716484
0.719949
0.723039
0.72561
0.727614
0.729132
0.730351
0.731455
0.732554
0.733637
0.734568
0.735125
0.735098
0.734369
0.732956
0.731026
0.72883
0.726671
0.724855
0.723633
0.723182
0.72361
0.724971
0.727243
0.730384
0.734301
0.738867
0.74391
0.749209
0.754507
0.75953
0.764056
0.767947
0.771196
0.773907
0.776274
0.778499
0.780766
0.783166
0.785676
0.788211
0.790643
0.792874
0.79484
0.796483
0.797698
0.798281
0.797968
0.796505
0.793707
0.789554
0.784199
0.777908
0.771051
0.764019
0.757159
0.75075
0.744979
0.739898
0.735468
0.731596
0.728192
0.725223
0.722735
0.72083
0.719625
0.71917
0.719372
0.719985
0.720653
0.721031
0.720902
0.720249
0.719212
0.717997
0.716691
0.715268
0.713636
0.711748
0.709688
0.707695
0.706133
0.705395
0.705853
0.707806
0.7114
0.716692
0.723629
0.732041
0.74165
0.752086
0.762958
0.773825
0.78429
0.79396
0.802514
0.809672
0.815213
0.818938
0.820652
0.820168
0.817323
0.812
0.804118
0.793703
0.780899
0.766005
0.749486
0.732009
0.714404
0.697592
0.682511
0.66999
0.66067
0.654915
0.652803
0.654119
0.658411
0.66506
0.673344
0.68255
0.692058
0.701381
0.710187
0.718328
0.725801
0.732683
0.73913
0.745295
0.75131
0.757245
0.763109
0.768821
0.77424
0.779139
0.783285
0.786473
0.788521
0.789315
0.788824
0.78709
0.784251
0.780495
0.77603
0.771053
0.765676
0.759971
0.75394
0.747594
0.741035
0.734596
0.728877
0.724712
0.722917
0.723996
0.727924
0.734188
0.741957
0.750377
0.758744
0.766579
0.773605
0.779686
0.78486
0.789241
0.792972
0.796131
0.798722
0.800668
0.801796
0.801914
0.800856
0.798552
0.795051
0.790551
0.785393
0.780057
0.775125
0.771177
0.768743
0.768205
0.769716
0.773167
0.778235
0.784454
0.791247
0.798049
0.804384
0.809888
0.814323
0.817595
0.819695
0.820705
0.820746
0.819985
0.818573
0.816683
0.81451
0.812244
0.810013
0.807792
0.805344
0.802209
0.79779
0.791517
0.783004
0.772228
0.759691
0.746482
0.734172
0.724426
0.718512
0.716777
0.71855
0.722519
0.72727
0.731691
0.735131
0.737271
0.737988
0.737206
0.734834
0.730834
0.725262
0.718367
0.710587
0.702564
0.69512
0.689111
0.685334
0.684402
0.686627
0.692003
0.700196
0.710654
0.722672
0.735492
0.748381
0.760654
0.771706
0.781031
0.78823
0.793048
0.795401
0.795459
0.793658
0.790656
0.787169
0.783765
0.780654
0.777663
0.774397
0.770444
0.765496
0.759435
0.752319
0.744394
0.736028
0.727736
0.720155
0.714017
0.710044
0.708821
0.710646
0.715434
0.722723
0.731759
0.74166
0.751569
0.760736
0.768591
0.774734
0.778881
0.780868
0.780632
0.778191
0.773713
0.767549
0.760203
0.752296
0.744543
0.737611
0.731988
0.727979
0.725688
0.725104
0.726212
0.72898
0.733378
0.73927
0.746371
0.754236
0.762288
0.769901
0.776499
0.781638
0.78502
0.786543
0.78633
0.784674
0.782052
0.779066
0.776392
0.774669
0.774463
0.77617
0.779991
0.785895
0.793656
0.802889
0.813084
0.823658
0.834001
0.843525
0.851721
0.858172
0.862605
0.864928
0.865252
0.863891
0.861318
0.858114
0.854829
0.851907
0.849529
0.847579
0.845669
0.843299
0.84001
0.835583
0.830143
0.824111
0.818089
0.812682
0.80826
0.804864
0.802262
0.800097
0.798079
0.796137
0.794359
0.792896
0.791799
0.790922
0.789923
0.788358
0.785801
0.781967
0.776822
0.770557
0.763547
0.756247
0.749085
0.742366
