1.76816
1.76816
1.76816
1.76816
1.76816
1.76816
1.76816
1.76816
1.76816
1.76816
1.76816
1.76816
1.76816
1.76816
1.76815
1.76815
1.76814
1.76812
1.76811
1.76808
1.76806
1.76804
1.76802
1.768
1.76798
1.76794
1.76792
1.76789
1.76786
1.76783
1.76782
1.76779
1.76777
1.76776
1.76773
1.76771
1.76769
1.76767
1.76766
1.76765
1.76764
1.76764
1.76763
1.76762
1.7676
1.7676
1.76759
1.76758
1.76757
1.76757
1.75826
1.75824
1.75823
1.75823
1.75822
1.7582
1.75819
1.75818
1.75818
1.75817
1.75815
1.75814
1.75814
1.75814
1.75813
1.75812
1.75812
1.75811
1.75811
1.7581
1.7581
1.7581
1.75809
1.7581
1.75808
1.75807
1.75806
1.75806
1.75806
1.75806
1.75807
1.75806
1.75806
1.75805
1.75805
1.75804
1.75804
1.75804
1.75804
1.75803
1.75803
1.75803
1.75802
1.75802
1.75803
1.75802
1.75802
1.75802
1.75802
1.75801
1.68661
1.68645
1.68645
1.68645
1.68643
1.68643
1.68643
1.68642
1.68643
1.68644
1.68643
1.68643
1.68643
1.68642
1.68642
1.68642
1.68642
1.68642
1.68642
1.68642
1.68642
1.68641
1.68641
1.68641
1.68641
1.68641
1.68641
1.68642
1.68641
1.68641
1.68642
1.68642
1.68642
1.68641
1.68641
1.6864
1.68641
1.68641
1.68642
1.68643
1.68644
1.68644
1.68644
1.68644
1.68644
1.68644
1.68642
1.68641
1.68641
1.6864
1.6059
1.60599
1.60598
1.60598
1.60598
1.60598
1.60598
1.60599
1.60599
1.606
1.60599
1.60599
1.60599
1.60599
1.60599
1.606
1.60599
1.60598
1.60598
1.60598
1.60598
1.60598
1.60599
1.60598
1.60598
1.60597
1.60597
1.60596
1.60596
1.60596
1.60596
1.60596
1.60596
1.60596
1.60596
1.60595
1.60595
1.60594
1.60594
1.60594
1.60594
1.60594
1.60594
1.60594
1.60594
1.60594
1.60594
1.60594
1.60594
1.60595
1.5194
1.51937
1.51938
1.51938
1.51939
1.51938
1.51938
1.51938
1.51938
1.51939
1.51938
1.51938
1.51938
1.51938
1.51937
1.51936
1.51937
1.51937
1.51937
1.51937
1.51937
1.51937
1.51937
1.51937
1.51937
1.51938
1.51938
1.51937
1.51938
1.51937
1.51937
1.51936
1.51935
1.51936
1.51936
1.51936
1.51936
1.51937
1.51936
1.51936
1.51936
1.51936
1.51936
1.51936
1.51937
1.51938
1.51938
1.51938
1.51938
1.51937
1.49027
1.48992
1.48992
1.48992
1.48992
1.48992
1.48992
1.48992
1.48992
1.48993
1.48993
1.48993
1.48992
1.48992
1.48992
1.48992
1.48992
1.48992
1.48991
1.48991
1.48991
1.48991
1.48991
1.48991
1.4899
1.4899
1.4899
1.48989
1.4899
1.4899
1.48989
1.48989
1.48989
1.48988
1.48988
1.48989
1.48988
1.48988
1.48988
1.48988
1.48988
1.48988
1.48988
1.48988
1.48988
1.48988
1.48989
1.48989
1.48988
1.48987
1.46419
1.46417
1.46417
1.46418
1.46418
1.46419
1.46418
1.46418
1.46419
1.46419
1.46419
1.46419
1.46419
1.46418
1.46418
1.46419
1.46419
1.46417
1.46417
1.46417
1.46417
1.46416
1.46415
1.46415
1.46415
1.46415
1.46416
1.46415
1.46415
1.46415
1.46415
1.46415
1.46414
1.46415
1.46415
1.46416
1.46416
1.46416
1.46417
1.46417
1.46417
1.46418
1.46418
1.46418
1.46418
1.46417
1.46417
1.46416
1.46416
1.46416
1.48366
1.48355
1.48355
1.48355
1.48355
1.48355
1.48355
1.48356
1.48356
1.48356
1.48357
1.48358
1.48357
1.48357
1.48358
1.48358
1.48357
1.48357
1.48356
1.48355
1.48355
1.48354
1.48355
1.48356
1.48356
1.48357
1.48357
1.48357
1.48357
1.48356
1.48356
1.48355
1.48356
1.48356
1.48357
1.48356
1.48356
1.48357
1.48356
1.48356
1.48355
1.48354
1.48356
1.48355
1.48356
1.48355
1.48355
1.48355
1.48355
1.48354
1.52076
1.52046
1.52047
1.52047
1.52047
1.52048
1.52049
1.52049
1.52049
1.52048
1.52048
1.52049
1.52049
1.52049
1.52049
1.52049
1.52048
1.52048
1.52048
1.52048
1.52048
1.52047
1.52047
1.52048
1.52048
1.52048
1.52046
1.52048
1.52048
1.52048
1.52048
1.52048
1.52049
1.52049
1.52049
1.5205
1.52049
1.52049
1.52048
1.52048
1.52047
1.52048
1.52047
1.52047
1.52048
1.52047
1.52048
1.52048
1.52048
1.52048
1.50061
1.50059
1.50059
1.50058
1.50058
1.50057
1.50057
1.50057
1.50056
1.50057
1.50057
1.50057
1.50058
1.50058
1.50058
1.50059
1.50058
1.50058
1.50059
1.50059
1.50058
1.50058
1.50058
1.50058
1.50057
1.50057
1.50056
1.50056
1.50056
1.50056
1.50056
1.50056
1.50055
1.50055
1.50056
1.50056
1.50056
1.50057
1.50056
1.50056
1.50055
1.50055
1.50055
1.50055
1.50054
1.50054
1.50054
1.50054
1.50054
1.50056
1.52634
1.52644
1.52644
1.52644
1.52644
1.52644
1.52645
1.52645
1.52644
1.52644
1.52645
1.52645
1.52645
1.52645
1.52644
1.52643
1.52643
1.52643
1.52643
1.52643
1.52643
1.52644
1.52644
1.52644
1.52644
1.52645
1.52644
1.52645
1.52645
1.52644
1.52644
1.52645
1.52644
1.52645
1.52646
1.52645
1.52644
1.52644
1.52644
1.52645
1.52645
1.52645
1.52645
1.52645
1.52646
1.52645
1.52645
1.52645
1.52645
1.52645
1.48374
1.48369
1.48368
1.48368
1.48368
1.48369
1.48368
1.48369
1.48369
1.4837
1.4837
1.4837
1.4837
1.4837
1.4837
1.48369
1.48369
1.48369
1.48369
1.48368
1.48368
1.48367
1.48367
1.48367
1.48368
1.48369
1.48369
1.48369
1.4837
1.4837
1.48369
1.48369
1.48369
1.48369
1.48369
1.4837
1.4837
1.4837
1.4837
1.4837
1.4837
1.4837
1.48369
1.48369
1.4837
1.4837
1.4837
1.4837
1.48371
1.48372
1.49049
1.4906
1.49059
1.49059
1.49059
1.4906
1.4906
1.49059
1.49059
1.49058
1.49058
1.49058
1.49058
1.49059
1.49059
1.49059
1.49058
1.49059
1.49059
1.49058
1.49058
1.49058
1.49058
1.49058
1.49059
1.49059
1.49058
1.49059
1.4906
1.4906
1.49061
1.49061
1.49061
1.49061
1.49061
1.49061
1.4906
1.4906
1.4906
1.4906
1.4906
1.4906
1.4906
1.4906
1.4906
1.49059
1.4906
1.4906
1.4906
1.4906
1.48487
1.48481
1.4848
1.4848
1.48481
1.48481
1.48481
1.48481
1.48481
1.4848
1.4848
1.48481
1.48481
1.48481
1.48482
1.48482
1.48481
1.48482
1.48482
1.48482
1.48482
1.48482
1.48481
1.48482
1.48482
1.48482
1.48482
1.48482
1.48482
1.48482
1.48482
1.48482
1.48482
1.48482
1.48482
1.48482
1.48482
1.48481
1.48481
1.48481
1.48481
1.4848
1.4848
1.48479
1.48479
1.48478
1.48478
1.48477
1.48477
1.48478
1.43565
1.43552
1.43552
1.43552
1.43552
1.43552
1.43551
1.4355
1.4355
1.43552
1.43552
1.43552
1.43553
1.43554
1.43554
1.43554
1.43554
1.43554
1.43554
1.43554
1.43555
1.43555
1.43555
1.43555
1.43554
1.43554
1.43554
1.43555
1.43555
1.43556
1.43556
1.43556
1.43556
1.43556
1.43557
1.43557
1.43558
1.43557
1.43557
1.43557
1.43557
1.43558
1.43557
1.43557
1.43557
1.43556
1.43555
1.43556
1.43556
1.43557
1.43362
1.43358
1.43359
1.43359
1.4336
1.4336
1.43359
1.43359
1.43359
1.4336
1.43359
1.43359
1.43359
1.43359
1.43359
1.4336
1.43361
1.43362
1.43362
1.43362
1.43362
1.43363
1.43364
1.43364
1.43365
1.43365
1.43365
1.43365
1.43366
1.43365
1.43366
1.43366
1.43366
1.43365
1.43365
1.43364
1.43364
1.43365
1.43366
1.43366
1.43366
1.43365
1.43366
1.43365
1.43365
1.43366
1.43365
1.43365
1.43364
1.43364
1.47514
1.47501
1.47501
1.47502
1.47502
1.47502
1.47502
1.47503
1.47503
1.47503
1.47502
1.47503
1.47503
1.47503
1.47503
1.47502
1.47503
1.47503
1.47503
1.47503
1.47503
1.47502
1.475
1.475
1.475
1.475
1.475
1.47501
1.47501
1.475
1.475
1.475
1.475
1.47499
1.47499
1.47499
1.47499
1.47499
1.475
1.475
1.47499
1.475
1.47499
1.47499
1.475
1.475
1.475
1.475
1.47501
1.47501
1.51376
1.51394
1.51394
1.51393
1.51393
1.51392
1.51393
1.51394
1.51394
1.51393
1.51392
1.51392
1.51392
1.51392
1.51392
1.51393
1.51393
1.51394
1.51394
1.51394
1.51394
1.51394
1.51394
1.51394
1.51393
1.51393
1.51393
1.51393
1.51392
1.51393
1.51393
1.51393
1.51393
1.51393
1.51393
1.51392
1.51392
1.51393
1.51393
1.51394
1.51394
1.51393
1.51394
1.51393
1.51392
1.51392
1.51392
1.51392
1.51393
1.51393
1.49255
1.49259
1.49259
1.4926
1.4926
1.4926
1.4926
1.4926
1.49261
1.49262
1.49262
1.49262
1.49261
1.49261
1.49261
1.4926
1.4926
1.49261
1.49261
1.4926
1.4926
1.4926
1.4926
1.4926
1.4926
1.4926
1.4926
1.49261
1.49262
1.49262
1.49261
1.49261
1.4926
1.4926
1.4926
1.4926
1.4926
1.49259
1.4926
1.49259
1.49259
1.4926
1.49259
1.49258
1.49257
1.49257
1.49256
1.49256
1.49256
1.49256
1.52274
1.52272
1.52272
1.52271
1.52271
1.5227
1.52271
1.5227
1.52272
1.52272
1.52272
1.52272
1.52272
1.52272
1.52271
1.52271
1.5227
1.52271
1.52271
1.52271
1.52271
1.5227
1.52271
1.5227
1.52271
1.5227
1.52271
1.5227
1.5227
1.5227
1.5227
1.52269
1.52269
1.52268
1.52269
1.52269
1.52269
1.52268
1.52268
1.52269
1.5227
1.5227
1.5227
1.5227
1.5227
1.52271
1.52271
1.5227
1.52271
1.5227
1.521
1.52108
1.52109
1.52108
1.52107
1.52107
1.52107
1.52108
1.52108
1.52107
1.52107
1.52108
1.52108
1.52108
1.52109
1.52108
1.52109
1.52108
1.52108
1.52108
1.52108
1.52108
1.52108
1.52108
1.52107
1.52106
1.52106
1.52107
1.52106
1.52107
1.52107
1.52107
1.52108
1.52108
1.52106
1.52106
1.52106
1.52105
1.52106
1.52106
1.52105
1.52105
1.52105
1.52104
1.52104
1.52105
1.52104
1.52104
1.52103
1.52103
1.49599
1.4963
1.49631
1.49631
1.49632
1.49631
1.49631
1.49631
1.4963
1.49631
1.4963
1.49631
1.49631
1.49631
1.49631
1.49631
1.49631
1.4963
1.49631
1.49631
1.49631
1.49631
1.4963
1.4963
1.49631
1.4963
1.4963
1.49629
1.49629
1.49628
1.49628
1.49627
1.49627
1.49627
1.49627
1.49627
1.49627
1.49627
1.49628
1.49628
1.49628
1.49628
1.49629
1.49628
1.49628
1.49628
1.49628
1.49628
1.49628
1.49629
1.50673
1.50659
1.5066
1.50659
1.50659
1.5066
1.50661
1.5066
1.5066
1.50661
1.5066
1.5066
1.5066
1.50661
1.5066
1.5066
1.5066
1.50659
1.5066
1.5066
1.50659
1.5066
1.50659
1.50659
1.5066
1.5066
1.5066
1.50661
1.5066
1.50659
1.50659
1.50659
1.5066
1.50659
1.50659
1.50658
1.50658
1.50659
1.50659
1.5066
1.5066
1.5066
1.50659
1.5066
1.5066
1.5066
1.5066
1.5066
1.5066
1.5066
1.47896
1.47915
1.47915
1.47915
1.47915
1.47916
1.47915
1.47916
1.47916
1.47916
1.47916
1.47915
1.47915
1.47915
1.47915
1.47915
1.47915
1.47915
1.47915
1.47916
1.47915
1.47915
1.47915
1.47915
1.47913
1.47913
1.47913
1.47913
1.47913
1.47912
1.47913
1.47914
1.47913
1.47913
1.47913
1.47913
1.47912
1.4791
1.4791
1.47909
1.4791
1.4791
1.4791
1.4791
1.47909
1.4791
1.47909
1.47908
1.47908
1.47909
1.49585
1.49576
1.49576
1.49576
1.49577
1.49576
1.49577
1.49576
1.49576
1.49577
1.49576
1.49576
1.49576
1.49576
1.49576
1.49577
1.49576
1.49576
1.49576
1.49577
1.49576
1.49576
1.49578
1.49578
1.49578
1.49578
1.49578
1.49577
1.49578
1.49576
1.49577
1.49576
1.49575
1.49576
1.49575
1.49575
1.49575
1.49574
1.49575
1.49574
1.49574
1.49574
1.49573
1.49574
1.49574
1.49574
1.49573
1.49573
1.49574
1.49574
1.49784
1.4977
1.49769
1.4977
1.4977
1.49771
1.49772
1.49772
1.49772
1.49771
1.49771
1.49771
1.49771
1.4977
1.49771
1.49771
1.49771
1.49771
1.49771
1.49772
1.49772
1.49771
1.49771
1.4977
1.49771
1.49771
1.49771
1.49771
1.49771
1.49771
1.4977
1.4977
1.4977
1.4977
1.4977
1.49769
1.4977
1.4977
1.4977
1.4977
1.4977
1.49769
1.49769
1.4977
1.4977
1.4977
1.4977
1.4977
1.4977
1.4977
1.47959
1.47961
1.47962
1.47962
1.47962
1.47962
1.47961
1.47963
1.47964
1.47965
1.47965
1.47965
1.47965
1.47964
1.47964
1.47963
1.47962
1.47962
1.47962
1.47963
1.47964
1.47964
1.47964
1.47964
1.47964
1.47964
1.47964
1.47965
1.47965
1.47966
1.47965
1.47965
1.47965
1.47965
1.47965
1.47966
1.47967
1.47968
1.47968
1.47968
1.47968
1.47968
1.47968
1.47968
1.47968
1.47968
1.47968
1.47969
1.47969
1.47969
1.47401
1.47424
1.47423
1.47423
1.47424
1.47423
1.47423
1.47424
1.47424
1.47424
1.47425
1.47424
1.47424
1.47424
1.47424
1.47425
1.47425
1.47425
1.47425
1.47424
1.47424
1.47425
1.47425
1.47425
1.47425
1.47426
1.47425
1.47426
1.47425
1.47425
1.47425
1.47426
1.47425
1.47425
1.47426
1.47425
1.47425
1.47425
1.47425
1.47425
1.47425
1.47425
1.47426
1.47425
1.47425
1.47426
1.47427
1.47427
1.47427
1.47426
1.47773
1.47786
1.47786
1.47786
1.47786
1.47786
1.47786
1.47786
1.47786
1.47786
1.47787
1.47787
1.47788
1.47787
1.47786
1.47786
1.47787
1.47787
1.47788
1.47789
1.4779
1.4779
1.4779
1.47791
1.47791
1.47792
1.47792
1.47793
1.47792
1.47792
1.47792
1.47792
1.47792
1.47792
1.47792
1.47792
1.47792
1.47792
1.47793
1.47794
1.47794
1.47793
1.47794
1.47793
1.47793
1.47793
1.47793
1.47793
1.47793
1.47793
1.43219
1.43214
1.43214
1.43214
1.43213
1.43213
1.43213
1.43213
1.43213
1.43214
1.43214
1.43214
1.43215
1.43215
1.43216
1.43215
1.43215
1.43215
1.43216
1.43214
1.43215
1.43216
1.43215
1.43216
1.43216
1.43217
1.43217
1.43217
1.43217
1.43217
1.43218
1.43218
1.43218
1.43218
1.43218
1.43218
1.43218
1.43217
1.43218
1.43219
1.43219
1.43218
1.43218
1.43217
1.43217
1.43216
1.43216
1.43216
1.43216
1.43216
1.44311
1.44337
1.44337
1.44336
1.44336
1.44335
1.44335
1.44335
1.44335
1.44335
1.44335
1.44334
1.44334
1.44334
1.44334
1.44335
1.44336
1.44336
1.44336
1.44336
1.44334
1.44334
1.44335
1.44335
1.44335
1.44334
1.44334
1.44333
1.44335
1.44334
1.44333
1.44333
1.44333
1.44333
1.44333
1.44333
1.44333
1.44333
1.44334
1.44334
1.44334
1.44334
1.44334
1.44333
1.44333
1.44332
1.44332
1.44331
1.44332
1.44332
1.43952
1.43947
1.43948
1.43948
1.43947
1.43947
1.43947
1.43947
1.43947
1.43947
1.43947
1.43947
1.43948
1.43947
1.43948
1.43947
1.43946
1.43946
1.43946
1.43946
1.43946
1.43946
1.43946
1.43945
1.43945
1.43945
1.43945
1.43945
1.43945
1.43946
1.43946
1.43945
1.43944
1.43943
1.43943
1.43943
1.43943
1.43943
1.43943
1.43943
1.43942
1.43943
1.43944
1.43944
1.43944
1.43946
1.43946
1.43946
1.43945
1.43945
1.38965
1.38958
1.38958
1.38958
1.38959
1.38959
1.38958
1.38959
1.38959
1.38959
1.3896
1.3896
1.3896
1.38961
1.38961
1.38962
1.3896
1.38961
1.38961
1.3896
1.38961
1.3896
1.38961
1.3896
1.3896
1.3896
1.38959
1.38959
1.38958
1.38959
1.38958
1.38959
1.3896
1.3896
1.38959
1.38959
1.38959
1.38958
1.38958
1.38958
1.38957
1.38958
1.38958
1.38957
1.38957
1.38958
1.38959
1.38958
1.38958
1.38957
1.43114
1.43115
1.43115
1.43115
1.43114
1.43113
1.43113
1.43113
1.43112
1.43112
1.43111
1.43111
1.43111
1.43111
1.43111
1.43111
1.43111
1.4311
1.43111
1.43111
1.43111
1.43112
1.43113
1.43113
1.43113
1.43112
1.43113
1.43112
1.43112
1.43112
1.43112
1.43113
1.43114
1.43114
1.43114
1.43114
1.43114
1.43113
1.43113
1.43113
1.43115
1.43115
1.43116
1.43115
1.43115
1.43116
1.43115
1.43116
1.43116
1.43117
1.42729
1.42739
1.42739
1.42739
1.42738
1.42738
1.42737
1.42737
1.42737
1.42738
1.42738
1.42738
1.42738
1.42737
1.42737
1.42737
1.42737
1.42737
1.42737
1.42737
1.42736
1.42736
1.42736
1.42735
1.42735
1.42736
1.42737
1.42737
1.42738
1.42737
1.42737
1.42737
1.42737
1.42736
1.42736
1.42736
1.42737
1.42737
1.42736
1.42736
1.42736
1.42735
1.42736
1.42736
1.42736
1.42736
1.42736
1.42737
1.42737
1.42737
1.45087
1.45091
1.45092
1.45091
1.45092
1.45091
1.45091
1.4509
1.4509
1.4509
1.45089
1.45089
1.45087
1.45087
1.45087
1.45086
1.45086
1.45086
1.45087
1.45087
1.45086
1.45086
1.45085
1.45085
1.45084
1.45084
1.45084
1.45084
1.45084
1.45085
1.45085
1.45085
1.45085
1.45085
1.45085
1.45085
1.45085
1.45085
1.45086
1.45086
1.45085
1.45084
1.45085
1.45085
1.45086
1.45085
1.45085
1.45085
1.45085
1.45084
1.49712
1.49738
1.49739
1.49738
1.49739
1.49739
1.49739
1.49739
1.49739
1.4974
1.4974
1.4974
1.4974
1.49741
1.49741
1.49741
1.49741
1.49741
1.49742
1.49742
1.49741
1.49741
1.4974
1.4974
1.4974
1.4974
1.4974
1.4974
1.4974
1.49739
1.49739
1.49739
1.49739
1.49738
1.49738
1.49737
1.49738
1.49739
1.49737
1.49737
1.49737
1.49736
1.49736
1.49736
1.49736
1.49736
1.49736
1.49735
1.49734
1.49735
1.5074
1.50736
1.50736
1.50736
1.50736
1.50735
1.50735
1.50735
1.50735
1.50735
1.50735
1.50735
1.50734
1.50734
1.50735
1.50736
1.50735
1.50735
1.50735
1.50735
1.50735
1.50735
1.50735
1.50736
1.50735
1.50735
1.50736
1.50736
1.50736
1.50736
1.50736
1.50736
1.50736
1.50735
1.50735
1.50735
1.50735
1.50734
1.50734
1.50734
1.50735
1.50735
1.50734
1.50733
1.50733
1.50733
1.50733
1.50733
1.50733
1.50733
1.42752
1.42758
1.42758
1.42758
1.42759
1.42759
1.42758
1.42759
1.4276
1.4276
1.42759
1.42759
1.4276
1.42761
1.42762
1.42762
1.42761
1.4276
1.42761
1.4276
1.4276
1.4276
1.4276
1.4276
1.4276
1.4276
1.42759
1.42759
1.42759
1.42759
1.42759
1.42758
1.42757
1.42758
1.42758
1.42759
1.42759
1.42759
1.42758
1.42759
1.42758
1.42759
1.42758
1.42758
1.42757
1.42757
1.42758
1.42758
1.42758
1.42758
1.43527
1.43537
1.43537
1.43538
1.43539
1.43538
1.43539
1.43539
1.43539
1.43539
1.43539
1.43539
1.43539
1.43539
1.43539
1.43539
1.43539
1.43539
1.43539
1.4354
1.4354
1.4354
1.4354
1.4354
1.4354
1.43538
1.43538
1.43538
1.43538
1.43538
1.43538
1.43538
1.43538
1.43538
1.43539
1.43539
1.43539
1.4354
1.4354
1.43539
1.43539
1.43539
1.43539
1.43538
1.43538
1.43538
1.43538
1.43538
1.43539
1.43539
1.41494
1.41509
1.41509
1.41508
1.41508
1.41508
1.41508
1.41508
1.41508
1.41508
1.41508
1.41508
1.41508
1.41509
1.41508
1.41508
1.41508
1.41509
1.41508
1.41508
1.41508
1.41508
1.41508
1.41508
1.41507
1.41507
1.41507
1.41507
1.41507
1.41507
1.41507
1.41506
1.41507
1.41506
1.41507
1.41506
1.41506
1.41506
1.41504
1.41504
1.41504
1.41504
1.41504
1.41504
1.41504
1.41504
1.41504
1.41504
1.41504
1.41504
1.45791
1.45797
1.45798
1.45798
1.45798
1.45798
1.45798
1.45798
1.45798
1.45798
1.45797
1.45797
1.45797
1.45796
1.45796
1.45796
1.45797
1.45797
1.45796
1.45797
1.45797
1.45798
1.45798
1.45798
1.45798
1.45797
1.45796
1.45797
1.45797
1.45797
1.45797
1.45798
1.45798
1.45797
1.45797
1.45797
1.45797
1.45796
1.45797
1.45796
1.45796
1.45797
1.45797
1.45795
1.45794
1.45794
1.45794
1.45794
1.45794
1.45795
1.46732
1.46728
1.46729
1.46728
1.46728
1.46729
1.4673
1.46729
1.46729
1.46729
1.4673
1.46731
1.46731
1.4673
1.46729
1.46729
1.46729
1.46728
1.46729
1.4673
1.4673
1.4673
1.4673
1.46729
1.46729
1.46729
1.46729
1.46729
1.46729
1.4673
1.46729
1.4673
1.4673
1.46729
1.4673
1.4673
1.46731
1.46731
1.46731
1.46731
1.46731
1.46731
1.4673
1.46729
1.46728
1.46728
1.46729
1.46729
1.46729
1.46729
1.47645
1.47632
1.47631
1.47631
1.47631
1.47631
1.47631
1.47631
1.4763
1.4763
1.4763
1.4763
1.4763
1.47631
1.4763
1.4763
1.4763
1.4763
1.4763
1.47631
1.47631
1.4763
1.4763
1.4763
1.4763
1.47629
1.47629
1.47629
1.47629
1.47629
1.4763
1.4763
1.4763
1.4763
1.47629
1.47629
1.47628
1.47629
1.4763
1.4763
1.47631
1.47631
1.47629
1.47628
1.47629
1.47628
1.47628
1.47629
1.47628
1.47627
1.4141
1.41409
1.4141
1.4141
1.4141
1.4141
1.4141
1.4141
1.41409
1.4141
1.41409
1.4141
1.4141
1.41411
1.41411
1.41411
1.41411
1.41411
1.4141
1.4141
1.41411
1.4141
1.4141
1.41409
1.41409
1.41409
1.41408
1.41409
1.41408
1.41409
1.41409
1.41409
1.41408
1.41409
1.41409
1.41409
1.41409
1.41409
1.41409
1.4141
1.41409
1.4141
1.4141
1.4141
1.41411
1.41411
1.41411
1.41411
1.41411
1.41411
1.396
1.39589
1.39588
1.39589
1.39589
1.3959
1.39591
1.39591
1.3959
1.3959
1.3959
1.3959
1.3959
1.3959
1.3959
1.3959
1.39591
1.39592
1.39592
1.39592
1.39592
1.39592
1.39592
1.39593
1.39593
1.39593
1.39593
1.39593
1.39593
1.39593
1.39592
1.39593
1.39593
1.39593
1.39593
1.39593
1.39592
1.39592
1.39592
1.39594
1.39595
1.39595
1.39595
1.39596
1.39597
1.39597
1.39597
1.39597
1.39597
1.39597
1.41762
1.41749
1.41749
1.41748
1.41748
1.41747
1.41748
1.41747
1.41747
1.41748
1.41747
1.41747
1.41747
1.41747
1.41747
1.41747
1.41748
1.41747
1.41747
1.41748
1.41748
1.41748
1.41748
1.41748
1.41748
1.41748
1.41749
1.41748
1.41749
1.41749
1.41749
1.41748
1.41748
1.41748
1.4175
1.41749
1.41749
1.4175
1.4175
1.41751
1.4175
1.4175
1.4175
1.41749
1.41749
1.41749
1.41749
1.41749
1.41749
1.41749
1.42789
1.4274
1.4274
1.4274
1.42741
1.42741
1.42742
1.42743
1.42743
1.42743
1.42743
1.42743
1.42742
1.42741
1.42741
1.42741
1.42741
1.42742
1.42742
1.42743
1.42743
1.42743
1.42744
1.42745
1.42745
1.42745
1.42744
1.42744
1.42744
1.42743
1.42743
1.42743
1.42744
1.42745
1.42745
1.42745
1.42745
1.42745
1.42745
1.42745
1.42745
1.42744
1.42745
1.42745
1.42745
1.42744
1.42745
1.42746
1.42746
1.42746
1.38439
1.38437
1.38437
1.38437
1.38437
1.38438
1.38438
1.38436
1.38437
1.38438
1.38437
1.38436
1.38435
1.38435
1.38434
1.38434
1.38434
1.38434
1.38434
1.38434
1.38435
1.38436
1.38435
1.38435
1.38435
1.38435
1.38435
1.38435
1.38435
1.38434
1.38433
1.38434
1.38432
1.38433
1.38433
1.38433
1.38433
1.38434
1.38434
1.38435
1.38435
1.38435
1.38435
1.38435
1.38435
1.38435
1.38434
1.38433
1.38434
1.38434
1.40761
1.40788
1.40788
1.40787
1.40786
1.40786
1.40786
1.40786
1.40785
1.40785
1.40784
1.40785
1.40785
1.40784
1.40784
1.40785
1.40786
1.40786
1.40786
1.40786
1.40786
1.40786
1.40787
1.40788
1.40788
1.40788
1.40788
1.40788
1.40788
1.40789
1.40789
1.40789
1.40789
1.40789
1.40789
1.40789
1.4079
1.4079
1.4079
1.4079
1.40791
1.40791
1.4079
1.4079
1.40791
1.40791
1.40792
1.40793
1.40794
1.40793
1.40792
1.40792
1.40792
1.40792
1.40792
1.40793
1.40793
1.40793
1.40793
1.40792
1.40792
1.40792
1.40791
1.40791
1.40791
1.40791
1.40791
1.40791
1.40791
1.40791
1.40791
1.40791
1.40791
1.40791
1.40791
1.40791
1.40791
1.40791
1.40791
1.4079
1.40791
1.40791
1.40791
1.40791
1.40791
1.40791
1.40792
1.40792
1.40792
1.40792
1.40792
1.40792
1.40791
1.40791
1.40791
1.40791
1.4079
1.40791
1.40791
1.40791
1.4079
1.40791
1.4079
1.4079
1.4079
1.4079
1.4079
1.40789
1.4079
1.40791
1.40791
1.4079
1.4079
1.40791
1.4079
1.40789
1.40789
1.40789
1.40787
1.40788
1.40787
1.40788
1.40788
1.40789
1.40789
1.40789
1.40789
1.40789
1.40789
1.40788
1.40789
1.40789
1.40789
1.40789
1.40788
1.40787
1.40787
1.40788
1.40788
1.40788
1.40788
1.40788
1.40787
1.40788
1.40787
1.40787
1.40788
1.40788
1.40788
1.40789
1.40789
1.4079
1.4079
1.4079
1.40789
1.40789
1.4079
1.40789
1.40789
1.40789
1.40789
1.40788
1.40788
1.40789
1.40788
1.40788
1.40788
1.40788
1.40787
1.40786
1.40786
1.40786
1.40786
1.40786
1.40786
1.40785
1.40786
1.40785
1.40786
1.40786
1.40785
1.40785
1.40784
1.40785
1.40785
1.40786
1.40785
1.40785
1.40785
1.40785
1.40785
1.40785
1.40785
1.40784
1.40784
1.40785
1.40786
1.40786
1.40785
1.40785
1.40785
1.40785
1.40785
1.40786
1.40785
1.40785
1.40786
1.40785
1.40784
1.40784
1.40785
1.40785
1.40786
1.40785
1.40785
1.40785
1.40785
1.40784
1.40785
1.40785
1.40784
1.40783
1.40782
1.40782
1.40782
1.40782
1.40781
1.40781
1.40781
1.40781
1.40781
1.40781
1.40782
1.40781
1.40782
1.40781
1.40781
1.40782
1.40781
1.40781
1.40781
1.40781
1.4078
1.4078
1.40779
1.4078
1.4078
1.40779
1.40778
1.40778
1.40777
1.40777
1.40776
1.40777
1.40776
1.40776
1.40777
1.40777
1.40777
1.40777
1.40777
1.40776
1.40776
1.40776
1.40776
1.40777
1.40777
1.40776
1.40776
1.40776
1.40775
1.40775
1.40776
1.40777
1.40777
1.40777
1.40778
1.40778
1.40778
1.40778
1.40779
1.40779
1.40779
1.40779
1.40779
1.40779
1.40779
1.40779
1.40779
1.40778
1.40778
1.40778
1.40778
1.40777
1.40777
1.40777
1.40777
1.40776
1.40776
1.40776
1.40775
1.40776
1.40775
1.40775
1.40775
1.40775
1.40775
1.40775
1.40775
1.40775
1.40775
1.40774
1.40774
1.40774
1.40773
1.40773
1.40773
1.40774
1.40775
1.40775
1.40775
1.40775
1.40775
1.40775
1.40776
1.40776
1.40776
1.40776
1.40775
1.40775
1.40775
1.40775
1.40775
1.40775
1.40775
1.40774
1.40774
1.40774
1.40774
1.40775
1.40776
1.40776
1.40776
1.40776
1.40776
1.40775
1.40775
1.40774
1.40775
1.40776
1.40776
1.40775
1.40775
1.40774
1.40774
1.40773
1.40774
1.40774
1.40774
1.40774
1.40773
1.40773
1.40773
1.40772
1.40772
1.40772
1.40772
1.40772
1.40771
1.40771
1.40771
1.40771
1.40771
1.40771
1.40771
1.40771
1.40772
1.40773
1.40773
1.40773
1.40773
1.40774
1.40773
1.40772
1.40772
1.40771
1.40772
1.40772
1.40772
1.40773
1.40772
1.40772
1.40773
1.40773
1.40773
1.40772
1.40772
1.40773
1.40773
1.40774
1.40775
1.40775
1.40775
1.40775
1.40775
1.40775
1.40775
1.40776
1.40775
1.40776
1.40775
1.40776
1.40777
1.40777
1.40777
1.40776
1.40776
1.40776
1.40777
1.40777
1.40777
1.40777
1.40777
1.40777
1.40777
1.40778
1.40777
1.40778
1.40778
1.40778
1.40778
1.40778
1.40778
1.40777
1.40777
1.40778
1.40778
1.40778
1.40778
1.40778
1.40778
1.40778
1.40778
1.40779
1.40778
1.40778
1.40777
1.40777
1.40777
1.40778
1.40778
1.40779
1.40779
1.4078
1.4078
1.40781
1.4078
1.40781
1.4078
1.40781
1.40781
1.4078
1.4078
1.40781
1.40782
1.40781
1.40781
1.40782
1.40781
1.40782
1.40781
1.40781
1.40782
1.40782
1.40782
1.40782
1.40782
1.40781
1.40781
1.40781
1.40782
1.40781
1.40781
1.40781
1.40781
1.40782
1.40783
1.40783
1.40784
1.40784
1.40784
1.40783
1.40784
1.40784
1.40784
1.40784
1.40783
1.40783
1.40783
1.40783
1.40784
1.40784
1.40783
1.40783
1.40783
1.40783
1.40782
1.40781
1.40781
1.4078
1.40782
1.40782
1.40782
1.40782
1.40782
1.40782
1.40783
1.40783
1.40783
1.40783
1.40783
1.40783
1.40784
1.40784
1.40783
1.40783
1.40783
1.40783
1.40784
1.40783
1.40782
1.40784
1.40784
1.40784
1.40784
1.40783
1.40783
1.40784
1.40784
1.40785
1.40784
1.40784
1.40785
1.40785
1.40786
1.40786
1.40786
1.40787
1.40787
1.40786
