-3.34842
-3.34918
-3.34857
-3.34857
-3.34872
-3.34842
-3.34872
-3.34918
-3.34887
-3.34842
-3.34857
-3.34827
-3.34827
-3.34918
-3.34948
-3.34887
-3.34948
-3.34902
-3.34766
-3.34812
-3.34812
-3.34721
-3.34706
-3.34797
-3.34767
-3.34782
-3.34827
-3.34827
-3.34766
-3.34902
-3.34933
-3.34812
-3.34842
-3.34812
-3.34781
-3.34781
-3.34781
-3.34842
-3.34857
-3.34872
-3.34933
-3.34933
-3.34948
-3.35083
-3.35129
-3.35189
-3.35265
-3.35371
-3.35386
-3.35325
-3.3531
-3.3528
-3.3528
-3.35219
-3.35219
-3.3537
-3.3531
-3.35204
-3.35234
-3.35295
-3.35325
-3.35295
-3.3522
-3.3519
-3.35129
-3.35159
-3.35158
-3.35128
-3.35143
-3.35128
-3.35174
-3.3525
-3.3528
-3.3528
-3.35311
-3.3531
-3.35265
-3.3528
-3.3531
-3.35325
-3.35371
-3.35295
-3.35174
-3.35158
-3.35098
-3.34947
-3.34947
-3.34872
-3.34857
-3.34903
-3.34903
-3.34948
-3.34963
-3.34993
-3.35084
-3.34993
-3.35114
-3.35129
-3.35234
-3.35264
-3.35189
-3.35099
-3.35114
-3.35114
-3.35039
-3.34933
-3.34918
-3.34918
-3.34827
-3.34857
-3.34781
-3.34856
-3.34977
-3.34962
-3.34977
-3.34947
-3.34932
-3.35008
-3.35099
-3.35069
-3.35024
-3.35129
-3.35129
-3.35008
-3.35038
-3.35099
-3.35084
-3.35099
-3.35008
-3.34993
-3.34887
-3.34841
-3.34871
-3.34902
-3.34902
-3.34978
-3.35069
-3.35144
-3.35069
-3.35099
-3.35114
-3.35205
-3.35205
-3.35205
-3.35265
-3.35371
-3.3534
-3.35325
-3.35325
-3.35249
-3.35219
-3.3528
-3.3531
-3.3537
-3.35355
-3.35386
-3.35341
-3.3531
-3.3531
-3.35356
-3.35356
-3.3528
-3.35386
-3.35476
-3.35386
-3.35386
-3.3528
-3.35325
-3.35219
-3.3525
-3.3528
-3.35219
-3.35099
-3.35174
-3.35159
-3.35159
-3.3525
-3.35159
-3.3525
-3.35234
-3.35189
-3.35204
-3.35038
-3.35084
-3.35054
-3.34948
-3.34902
-3.34842
-3.34781
-3.34781
-3.34797
-3.34767
-3.34827
-3.34782
-3.34842
-3.34873
-3.34737
-3.34827
-3.34827
-3.34873
-3.34812
-3.34858
-3.34979
-3.35024
-3.35008
-3.34917
-3.34872
-3.34948
-3.35054
-3.35024
-3.35039
-3.35009
-3.34948
-3.34978
-3.34933
-3.34948
-3.34888
-3.34842
-3.34873
-3.34948
-3.34933
-3.35039
-3.34948
-3.34903
-3.34979
-3.35039
-3.34978
-3.35008
-3.34978
-3.34978
-3.35023
-3.35069
-3.35069
-3.34979
-3.34979
-3.35039
-3.35039
-3.34979
-3.34873
-3.34918
-3.34963
-3.35084
-3.35084
-3.35038
-3.35023
-3.35068
-3.35114
-3.35084
-3.35145
-3.3513
-3.35114
-3.3522
-3.35296
-3.35386
-3.35462
-3.35371
-3.35341
-3.35371
-3.35356
-3.35386
-3.35492
-3.35522
-3.35522
-3.35431
-3.35385
-3.35416
-3.35355
-3.35355
-3.35386
-3.35446
-3.35356
-3.35447
-3.35447
-3.35462
-3.35356
-3.35401
-3.35492
-3.35431
-3.35552
-3.35506
-3.35522
-3.35552
-3.35582
-3.35643
-3.35688
-3.35748
-3.35733
-3.35703
-3.35643
-3.35598
-3.35552
-3.35597
-3.35673
-3.35642
-3.35552
-3.35461
-3.3534
-3.35326
-3.3525
-3.35281
-3.35205
-3.3513
-3.35069
-3.35114
-3.35205
-3.35008
-3.35038
-3.34887
-3.34767
-3.34782
-3.34888
-3.34949
-3.34964
-3.34933
-3.34978
-3.34948
-3.34978
-3.35068
-3.35084
-3.35159
-3.35129
-3.3513
-3.35069
-3.35085
-3.35115
-3.35115
-3.3516
-3.35159
-3.35098
-3.35053
-3.35038
-3.34977
-3.34978
-3.35023
-3.34963
-3.34872
-3.34888
-3.34978
-3.35054
-3.35023
-3.34978
-3.34978
-3.34933
-3.34888
-3.34827
-3.34827
-3.34917
-3.34872
-3.34918
-3.34888
-3.34873
-3.34843
-3.34948
-3.35009
-3.34963
-3.35084
-3.35053
-3.35008
-3.35098
-3.35129
-3.35038
-3.35008
-3.35069
-3.35053
-3.35099
-3.35189
-3.35265
-3.35265
-3.35311
-3.35311
-3.35341
-3.35311
-3.3525
-3.35265
-3.35249
-3.354
-3.35355
-3.3525
-3.35235
-3.35295
-3.35205
-3.3519
-3.3516
-3.35099
-3.35054
-3.35039
-3.35023
-3.34978
-3.34948
-3.34933
-3.34827
-3.34766
-3.34796
-3.34857
-3.34842
-3.34962
-3.34947
-3.34962
-3.35083
-3.35068
-3.35038
-3.35023
-3.34918
-3.34918
-3.34767
-3.34752
-3.34767
-3.34706
-3.34706
-3.34751
-3.34721
-3.34842
-3.34811
-3.34841
-3.34796
-3.34736
-3.34796
-3.34782
-3.34782
-3.34798
-3.34783
-3.34888
-3.34767
-3.34767
-3.34767
-3.34812
-3.34826
-3.34826
-3.34811
-3.34796
-3.34872
-3.34918
-3.34948
-3.34918
-3.34918
-3.34918
-3.34948
-3.35023
-3.34917
-3.34902
-3.34646
-3.34676
-3.34646
-3.34843
-3.34752
-3.34842
-3.34993
-3.34947
-3.35038
-3.34947
-3.35023
-3.35053
-3.35008
-3.34993
-3.34993
-3.35023
-3.34918
-3.34978
-3.35099
-3.35084
-3.35069
-3.34963
-3.35084
-3.35054
-3.35039
-3.3516
-3.35114
-3.3516
-3.3519
-3.3531
-3.3525
-3.3531
-3.3534
-3.3531
-3.35219
-3.35204
-3.35159
-3.35129
-3.35008
-3.35084
-3.35069
-3.34978
-3.34948
-3.35069
-3.35084
-3.35114
-3.35114
-3.35069
-3.3519
-3.35144
-3.35084
-3.35235
-3.35189
-3.35205
-3.35295
-3.35341
-3.35326
-3.35371
-3.35401
-3.35462
-3.35386
-3.3534
-3.3525
-3.35159
-3.35159
-3.3519
-3.35371
-3.35371
-3.35281
-3.35266
-3.35266
-3.35341
-3.35386
-3.35371
-3.35325
-3.3528
-3.35371
-3.35325
-3.3531
-3.35341
-3.35326
-3.35387
-3.35432
-3.35447
-3.35462
-3.35341
-3.35401
-3.35371
-3.35462
-3.35371
-3.35401
-3.35326
-3.35325
-3.35295
-3.3525
-3.35295
-3.3528
-3.3528
-3.35189
-3.35144
-3.35205
-3.3534
-3.35386
-3.35325
-3.3534
-3.3534
-3.3531
-3.35356
-3.35265
-3.3522
-3.35386
-3.35477
-3.35492
-3.35431
-3.35491
-3.35521
-3.35582
-3.35597
-3.35567
-3.35507
-3.35628
-3.35552
-3.35477
-3.35311
-3.35295
-3.3534
-3.3528
-3.35204
-3.35083
-3.35038
-3.35114
-3.35159
-3.35114
-3.35114
-3.3513
-3.35205
-3.35024
-3.34948
-3.34933
-3.34857
-3.34842
-3.34767
-3.34827
-3.34812
-3.34812
-3.34812
-3.34842
-3.34857
-3.34933
-3.34933
-3.34994
-3.35009
-3.35039
-3.34994
-3.34993
-3.34902
-3.34917
-3.35008
-3.35023
-3.34993
-3.34963
-3.35084
-3.35084
-3.35069
-3.35069
-3.35054
-3.35084
-3.35114
-3.35235
-3.3522
-3.3525
-3.35189
-3.35114
-3.35038
-3.35038
-3.35114
-3.35174
-3.35114
-3.35114
-3.35083
-3.35159
-3.35098
-3.35189
-3.35205
-3.35099
-3.35039
-3.35205
-3.3522
-3.3522
-3.3522
-3.35189
-3.3528
-3.35174
-3.35099
-3.34963
-3.35099
-3.35114
-3.35099
-3.35174
-3.35174
-3.35235
-3.3522
-3.35175
-3.35145
-3.3516
-3.3513
-3.35205
-3.35129
-3.3522
-3.35204
-3.35144
-3.35129
-3.35068
-3.34978
-3.34933
-3.34857
-3.34887
-3.34872
-3.35008
-3.34933
-3.35069
-3.34963
-3.34918
-3.34842
-3.34767
-3.34766
-3.34751
-3.34842
-3.34796
-3.34887
-3.34887
-3.34932
-3.34932
-3.34826
-3.34856
-3.34947
-3.35037
-3.35038
-3.35008
-3.35083
-3.35174
-3.35114
-3.35084
-3.35099
-3.35174
-3.35159
-3.35265
-3.3531
-3.35355
-3.3537
-3.3531
-3.35355
-3.3534
-3.35401
-3.35325
-3.35189
-3.35234
-3.35189
-3.35158
-3.35143
-3.35189
-3.35174
-3.35129
-3.35068
-3.35174
-3.35265
-3.35249
-3.35264
-3.35219
-3.35219
-3.35264
-3.35234
-3.35174
-3.35159
-3.35189
-3.35219
-3.35174
-3.35128
-3.35113
-3.35083
-3.35174
-3.35205
-3.3519
-3.35205
-3.35174
-3.35068
-3.34902
-3.34977
-3.35068
-3.34978
-3.35038
-3.35038
-3.35083
-3.35083
-3.35068
-3.34993
-3.35023
-3.34993
-3.34857
-3.34933
-3.34933
-3.35023
-3.35038
-3.35083
-3.35159
-3.35098
-3.35113
-3.35113
-3.34992
-3.35053
-3.35053
-3.34993
-3.35114
-3.35054
-3.35069
-3.35129
-3.35189
-3.35129
-3.35204
-3.35219
-3.35144
-3.35159
-3.35189
-3.35143
-3.35204
-3.35022
-3.35038
-3.35008
-3.34963
-3.34933
-3.34887
-3.34918
-3.34917
-3.34887
-3.34796
-3.34811
-3.3475
-3.3478
-3.34705
-3.34766
-3.34902
-3.34992
-3.34932
-3.34977
-3.35008
-3.35068
-3.35023
-3.34947
-3.35038
-3.35189
-3.35219
-3.35234
-3.35294
-3.35279
-3.35203
-3.35203
-3.35264
-3.35294
-3.3534
-3.35325
-3.3534
-3.35416
-3.35219
-3.35295
-3.354
-3.3534
-3.35415
-3.35324
-3.35233
-3.35309
-3.35203
-3.35173
-3.35204
-3.35265
-3.35204
-3.35189
-3.35234
-3.3525
-3.35249
-3.35234
-3.3534
-3.354
-3.3537
-3.35415
-3.35309
-3.35294
-3.35325
-3.3534
-3.3537
-3.35325
-3.3528
-3.35385
-3.35385
-3.35415
-3.35355
-3.35234
-3.35128
-3.35083
-3.35082
-3.35067
-3.35037
-3.35188
-3.35158
-3.35128
-3.35083
-3.35083
-3.35022
-3.34947
-3.34977
-3.35022
-3.35022
-3.35113
-3.35128
-3.35249
-3.35324
-3.35339
-3.3537
-3.3537
-3.35415
-3.35324
-3.35188
-3.35112
-3.35112
-3.35097
-3.35112
-3.35052
-3.34916
-3.34901
-3.34977
-3.34962
-3.34901
-3.34886
-3.34976
-3.35052
-3.35037
-3.34916
-3.34795
-3.3481
-3.34826
-3.3481
-3.34826
-3.34856
-3.34871
-3.34856
-3.34871
-3.34991
-3.3487
-3.3481
-3.34735
-3.34765
-3.34811
-3.34795
-3.34841
-3.35037
-3.35173
-3.35097
-3.35052
-3.34946
-3.34976
-3.34945
-3.34915
-3.3493
-3.3487
-3.34961
-3.34931
-3.34901
-3.34871
-3.34856
-3.34735
-3.3478
-3.34825
-3.3481
-3.3484
-3.3475
-3.34871
-3.3481
-3.34811
-3.34826
-3.3478
-3.34841
-3.34856
-3.3481
-3.34886
-3.34886
-3.34795
-3.34765
-3.34735
-3.34705
-3.34659
-3.34705
-3.3478
-3.34825
-3.34825
-3.3475
-3.34735
-3.3472
-3.34826
-3.3475
-3.3472
-3.34689
-3.34735
-3.34855
-3.34886
-3.34961
-3.34976
-3.34961
-3.35006
-3.34916
-3.34885
-3.34961
-3.35067
-3.35082
-3.35203
-3.35248
-3.35143
-3.35127
-3.35007
-3.35082
-3.35143
-3.35022
-3.35037
-3.35082
-3.35187
-3.35066
-3.35202
-3.35263
-3.35248
-3.35294
-3.3543
-3.35385
-3.35355
-3.3537
-3.35309
-3.35279
-3.35203
-3.35172
-3.35097
-3.34961
-3.34931
-3.35052
-3.35158
-3.35037
-3.35082
-3.35097
-3.35158
-3.35097
-3.35128
-3.35293
-3.35263
-3.35369
-3.35264
-3.35309
-3.35309
-3.35324
-3.35248
-3.35308
-3.35444
-3.35399
-3.35323
-3.35323
-3.35338
-3.35278
-3.35248
-3.35294
-3.35309
-3.35339
-3.35429
-3.35384
-3.35308
-3.35262
-3.35217
-3.35202
-3.35233
-3.35188
-3.35219
-3.35234
-3.35234
-3.35173
-3.35294
-3.35323
-3.35383
-3.35459
-3.35428
-3.35399
-3.35384
-3.35324
-3.354
-3.35536
-3.3549
-3.35415
-3.35339
-3.35309
-3.35233
-3.35263
-3.35308
-3.35263
-3.35202
-3.35278
-3.35233
-3.35308
-3.35338
-3.35338
-3.35384
-3.35399
-3.35399
-3.35339
-3.35414
-3.35414
-3.35338
-3.35323
-3.35414
-3.35399
-3.35444
-3.35445
-3.3555
-3.35444
-3.3555
-3.3555
-3.35641
-3.35686
-3.35747
-3.35777
-3.35581
-3.35626
-3.35716
-3.35671
-3.35656
-3.3555
-3.35565
-3.35581
-3.35686
-3.35596
-3.35611
-3.35596
-3.3552
-3.35535
-3.35626
-3.35535
-3.35551
-3.35475
-3.35461
-3.35415
-3.35369
-3.35369
-3.35519
-3.35323
-3.35338
-3.35263
-3.35308
-3.35248
-3.35309
-3.35324
-3.35414
-3.35324
-3.35308
-3.35323
-3.35399
-3.35263
-3.35384
-3.35445
-3.35399
-3.35339
-3.35414
-3.3549
-3.35475
-3.3549
-3.35339
-3.35369
-3.35474
-3.3549
-3.35444
-3.35444
-3.35429
-3.35324
-3.35278
-3.35339
-3.35278
-3.35248
-3.35323
-3.35263
-3.35248
-3.35248
-3.35202
-3.35187
-3.35187
-3.35127
-3.35112
-3.35203
-3.35248
-3.35324
-3.35203
-3.35218
-3.35278
-3.35384
-3.35429
-3.35414
-3.35324
-3.35264
-3.35188
-3.35279
-3.35294
-3.35263
-3.35233
-3.35233
-3.35233
-3.35248
-3.35202
-3.35248
-3.35263
-3.35248
-3.35293
-3.35127
-3.35067
-3.34976
-3.34961
-3.34946
-3.34976
-3.35142
-3.35187
-3.35172
-3.35263
-3.35248
-3.35233
-3.35203
-3.35218
-3.35218
-3.35172
-3.35172
-3.35172
-3.35218
-3.35142
-3.35097
-3.35082
-3.35051
-3.35081
-3.35036
-3.35112
-3.35187
-3.35172
-3.35142
-3.35157
-3.35112
-3.35112
-3.35172
-3.35233
-3.35187
-3.35202
-3.35263
-3.35308
-3.35293
-3.35323
-3.35202
-3.35172
-3.35218
-3.35384
-3.35384
-3.35353
-3.35338
-3.35293
-3.35187
-3.35232
-3.35368
-3.35473
-3.35489
-3.35459
-3.35399
-3.35384
-3.35384
-3.3549
-3.3552
-3.35505
-3.35399
-3.35323
-3.35232
-3.35096
-3.35081
-3.35217
-3.35278
-3.35218
-3.35202
-3.35096
-3.35051
-3.35005
-3.35005
-3.35036
-3.35081
-3.35187
-3.35202
-3.35127
-3.35217
-3.35247
-3.35172
-3.35187
-3.35217
-3.35096
-3.35081
-3.34976
-3.3496
-3.34975
-3.35066
-3.35096
-3.35021
-3.35066
-3.35081
-3.35097
-3.35051
-3.35082
-3.35127
-3.35187
-3.35081
-3.34945
-3.35096
-3.35021
-3.35081
-3.34975
-3.349
-3.34975
-3.3496
-3.3493
-3.3496
-3.35051
-3.34976
-3.34991
-3.3493
-3.35036
-3.35036
-3.35081
-3.35066
-3.3493
-3.35006
-3.35021
-3.34975
-3.3496
-3.3493
-3.35066
-3.35021
-3.35051
-3.35005
-3.35005
-3.35005
-3.3499
-3.34975
-3.34975
-3.34975
-3.3496
-3.34945
-3.34854
-3.34885
-3.349
-3.3493
-3.34915
-3.34945
-3.34975
-3.3502
-3.35066
-3.3499
-3.35066
-3.35141
-3.35247
-3.35187
-3.35262
-3.35338
-3.35262
-3.35247
-3.35171
-3.35201
-3.35186
-3.35156
-3.35202
-3.35293
-3.35232
-3.35262
-3.35232
-3.35171
-3.35156
-3.35095
-3.3499
-3.34975
-3.3499
-3.3496
-3.34945
-3.3496
-3.35036
-3.35021
-3.34945
-3.34884
-3.34899
-3.34793
-3.34763
-3.34824
-3.34779
-3.34854
-3.35005
-3.35021
-3.34991
-3.35051
-3.35021
-3.35112
-3.35051
-3.35097
-3.35127
-3.35217
-3.35202
-3.35202
-3.35202
-3.35323
-3.35293
-3.35338
-3.35368
-3.35398
-3.35443
-3.35383
-3.35414
-3.35459
-3.35475
-3.35414
-3.35429
-3.35353
-3.35353
-3.35262
-3.35171
-3.35126
-3.35126
-3.35141
-3.35157
-3.35157
-3.35172
-3.35247
-3.35232
-3.35308
-3.35308
-3.35232
-3.35202
-3.35172
-3.35278
-3.35354
-3.35308
-3.35308
-3.35293
-3.35187
-3.35157
-3.35157
-3.35142
-3.35097
-3.35142
-3.35066
-3.35172
-3.35232
-3.35217
-3.35233
-3.35202
-3.35233
-3.35233
-3.35248
-3.35233
-3.35248
-3.35202
-3.35172
-3.35157
-3.35202
-3.35293
-3.35278
-3.35248
-3.35263
-3.35278
-3.35248
-3.35217
-3.35187
-3.35217
-3.35308
-3.35323
-3.35278
-3.35188
-3.35188
-3.34976
-3.35052
-3.35112
-3.35157
-3.35067
-3.35097
-3.35097
-3.35006
-3.3496
-3.34975
-3.34945
-3.34884
-3.34779
-3.34794
-3.34719
-3.34674
-3.3481
-3.349
-3.34885
-3.35021
-3.35021
-3.35021
-3.35036
-3.35172
-3.35233
-3.35202
-3.35247
-3.35277
-3.35263
-3.35399
-3.35459
-3.3552
-3.3549
-3.35535
-3.3552
-3.35505
-3.35686
-3.35641
-3.35671
-3.35641
-3.35625
-3.3564
-3.35625
-3.35625
-3.35655
-3.357
-3.3567
-3.35474
-3.35565
-3.35474
-3.35429
-3.35444
-3.35278
-3.35218
-3.35248
-3.35263
-3.35293
-3.35323
-3.35398
-3.35368
-3.35413
-3.35458
-3.35398
-3.35262
-3.35278
-3.35278
-3.35353
-3.35233
-3.35187
-3.35217
-3.35278
-3.35262
-3.35292
-3.35353
-3.35247
-3.35323
-3.35368
-3.35383
-3.35323
-3.35383
-3.35337
-3.35292
-3.35367
-3.35428
-3.35368
-3.35413
-3.35474
-3.35564
-3.35504
-3.35489
-3.35519
-3.35429
-3.35444
-3.35504
-3.35398
-3.35459
-3.35549
-3.35579
-3.35579
-3.35549
-3.35488
-3.35428
-3.35458
-3.35322
-3.35322
-3.35428
-3.35444
-3.35383
-3.35233
-3.35097
-3.35112
-3.35112
-3.35157
-3.35277
-3.35277
-3.35216
-3.35231
-3.35276
-3.35231
-3.35141
-3.35156
-3.35126
-3.3502
-3.3499
-3.35066
-3.35111
-3.35126
-3.35036
-3.35006
-3.35036
-3.35005
-3.34929
-3.34959
-3.3496
-3.35005
-3.3499
-3.3502
-3.35141
-3.35141
-3.35232
-3.35262
-3.35277
-3.35413
-3.35458
-3.35534
-3.35564
-3.35625
-3.3558
-3.35504
-3.35474
-3.35398
-3.35337
-3.35231
-3.35247
-3.35277
-3.35232
-3.35262
-3.35277
-3.35217
-3.35338
-3.35384
-3.35353
-3.35353
-3.35292
-3.35338
-3.35368
-3.35413
-3.35383
-3.35398
-3.35414
-3.35368
-3.35323
-3.35489
-3.35519
-3.35504
-3.35519
-3.35685
-3.35685
-3.3558
-3.35519
-3.35534
-3.35549
-3.35534
-3.35609
-3.3564
-3.3567
-3.35625
-3.35564
-3.35473
-3.35473
-3.35398
-3.35504
-3.35488
-3.35473
-3.35398
-3.35428
-3.35458
-3.35504
-3.35504
-3.35564
-3.35489
-3.35443
-3.35413
-3.35277
-3.35261
-3.35367
-3.35413
-3.35428
-3.35443
-3.35413
-3.35458
-3.35489
-3.35579
-3.35504
-3.35609
-3.35549
-3.35458
-3.35428
-3.35473
-3.35473
-3.35579
-3.35609
-3.35609
-3.35609
-3.35609
-3.35594
-3.35534
-3.35549
-3.35534
-3.35504
-3.35489
-3.35413
-3.35216
-3.35231
-3.35292
-3.35383
-3.35322
-3.35338
-3.35322
-3.35201
-3.35292
-3.35141
-3.35141
-3.35065
-3.35126
-3.35156
-3.35307
-3.35337
-3.35232
-3.35156
-3.35201
-3.35247
-3.35292
-3.35368
-3.35292
-3.35338
-3.35307
-3.35186
-3.35156
-3.35081
-3.35035
-3.35156
-3.35171
-3.35322
-3.35247
-3.35141
-3.35065
-3.34975
-3.35066
-3.35036
-3.35156
-3.35217
-3.35232
-3.35292
-3.35292
-3.35126
-3.35171
-3.35141
-3.35035
-3.35111
-3.35081
-3.35051
-3.35006
-3.35021
-3.34945
-3.34869
-3.34839
-3.34899
-3.34929
-3.34899
-3.34869
-3.34884
-3.3496
-3.3502
-3.35066
-3.34991
-3.34991
-3.34961
-3.34991
-3.3496
-3.34915
-3.3496
-3.34945
-3.35005
-3.35035
-3.34975
-3.35081
-3.3499
-3.35156
-3.35247
-3.35368
-3.35322
-3.35262
-3.35352
-3.35261
-3.35261
-3.35337
-3.35352
-3.35413
-3.35489
-3.3561
-3.3561
-3.35579
-3.35549
-3.35473
-3.35382
-3.35307
-3.35277
-3.35247
-3.35307
-3.35217
-3.35277
-3.35171
-3.35201
-3.35277
-3.35367
-3.35443
-3.35397
-3.35382
-3.35352
-3.35322
-3.35352
-3.35398
-3.35519
-3.35549
-3.35549
-3.35549
-3.35579
-3.35519
-3.35549
-3.35549
-3.35579
-3.35488
-3.35457
-3.35608
-3.35533
-3.35443
-3.35337
-3.35337
-3.35232
-3.35217
-3.35156
-3.3505
-3.35051
-3.35111
-3.35171
-3.35201
-3.35232
-3.35202
-3.35217
-3.35292
-3.35353
-3.35232
-3.35277
-3.35337
-3.35322
-3.35367
-3.35368
-3.35232
-3.35201
-3.35247
-3.35216
-3.35217
-3.35338
-3.35353
-3.35293
-3.35323
-3.35278
-3.35277
-3.35368
-3.35247
-3.35231
-3.35201
-3.35111
-3.35202
-3.35066
-3.35036
-3.35006
-3.35035
-3.3505
-3.35095
-3.35141
-3.35156
-3.35081
-3.35096
-3.35201
-3.35276
-3.35261
-3.35292
-3.35292
-3.35231
-3.35217
-3.35307
-3.35217
-3.35142
-3.35157
-3.35066
-3.35142
-3.35232
-3.35186
-3.35277
-3.35246
-3.35156
-3.35231
-3.35096
-3.35217
-3.35202
-3.35186
-3.35186
-3.35171
-3.35247
-3.35307
-3.35247
-3.35247
-3.35216
-3.35186
-3.35186
-3.35126
-3.35187
-3.35081
-3.35096
-3.35141
-3.35187
-3.35156
-3.35186
-3.35141
-3.35156
-3.35171
-3.35141
-3.35216
-3.35201
-3.35231
-3.35231
-3.35231
-3.35111
-3.3505
-3.35005
-3.3499
-3.34945
-3.349
-3.34945
-3.34915
-3.34884
-3.34945
-3.35065
-3.3508
-3.35125
-3.35246
-3.35186
-3.35141
-3.35171
-3.35232
-3.35263
-3.35323
-3.35338
-3.35353
-3.35247
-3.35247
-3.35171
-3.35125
-3.3511
-3.3514
-3.35201
-3.35232
-3.35307
-3.35383
-3.35368
-3.35368
-3.35413
-3.35473
-3.35488
-3.35518
-3.35382
-3.35428
-3.35398
-3.35413
-3.35519
-3.35413
-3.35413
-3.35413
-3.35398
-3.35262
-3.35217
-3.35232
-3.35262
-3.35276
-3.35291
-3.35246
-3.35337
-3.35247
-3.35322
-3.35413
-3.35534
-3.35489
-3.35564
-3.35594
-3.35549
-3.35458
-3.35413
-3.35398
-3.35413
-3.35413
-3.35428
-3.35398
-3.35383
-3.35368
-3.35504
-3.35353
-3.35293
-3.35247
-3.35187
-3.35247
-3.35292
-3.35337
-3.35261
-3.35307
-3.35307
-3.35292
-3.35308
-3.35383
-3.35428
-3.35489
-3.35458
-3.35473
-3.35458
-3.35564
-3.35534
-3.35504
-3.35579
-3.35549
-3.35488
-3.35473
-3.35534
-3.35594
-3.35503
-3.35533
-3.35533
-3.35594
-3.35458
-3.35322
-3.35368
-3.35428
-3.35307
-3.35216
-3.3511
-3.35095
-3.35049
-3.34974
-3.34944
-3.35019
-3.34959
-3.34944
-3.34899
-3.34763
-3.34824
-3.34929
-3.34944
-3.34974
-3.35034
-3.3508
-3.35185
-3.35216
-3.35201
-3.35095
-3.35035
-3.35035
-3.34974
-3.34929
-3.34899
-3.34929
-3.34989
-3.34914
-3.35005
-3.35141
-3.35111
-3.35201
-3.35292
-3.35292
-3.35291
-3.35246
-3.35291
-3.35427
-3.35381
-3.35381
-3.35381
-3.35397
-3.35352
-3.35458
-3.35473
-3.35458
-3.35261
-3.35246
-3.35292
-3.35337
-3.35307
-3.35367
-3.35443
-3.35337
-3.35321
-3.35382
-3.35427
-3.35442
-3.35518
-3.35458
-3.35458
-3.35503
-3.35488
-3.35427
-3.35397
-3.35367
-3.35306
-3.35231
-3.3514
-3.35079
-3.35004
-3.35004
-3.35019
-3.35155
-3.3514
-3.35125
-3.35186
-3.35261
-3.35307
-3.35397
-3.35337
-3.35171
-3.35126
-3.3502
-3.35111
-3.35141
-3.35262
-3.35262
-3.35261
-3.35216
-3.35231
-3.35246
-3.35185
-3.3511
-3.3514
-3.35216
-3.35186
-3.35246
-3.35186
-3.35095
-3.35155
-3.35095
-3.3511
-3.35186
-3.35261
-3.35186
-3.3514
-3.3514
-3.3517
-3.35125
-3.35065
-3.35035
-3.35019
-3.3508
-3.35035
-3.3505
-3.35004
-3.3505
-3.35065
-3.35019
-3.34974
-3.34989
-3.34883
-3.34793
-3.34868
-3.34959
-3.34974
-3.34974
-3.34989
-3.3511
-3.35155
-3.35185
-3.3514
-3.35125
-3.35186
-3.35111
-3.35096
-3.35111
-3.35171
-3.35231
-3.35307
-3.35276
-3.35276
-3.35306
-3.35306
-3.35291
-3.35276
-3.35186
-3.35216
-3.35201
-3.35095
-3.3502
-3.34974
-3.34929
-3.34974
-3.35049
-3.35065
-3.3508
-3.35141
-3.35201
-3.35156
-3.35096
-3.3499
-3.35111
-3.35156
-3.35125
-3.35246
-3.35201
-3.35337
-3.35201
-3.35276
-3.35291
-3.35216
-3.35246
-3.35307
-3.35231
-3.35201
-3.35217
-3.35232
-3.35187
-3.35171
-3.35096
-3.35141
-3.3502
-3.34974
-3.34989
-3.35004
-3.34959
-3.34959
-3.35065
-3.3505
-3.34974
-3.34974
-3.3502
-3.3496
-3.3505
-3.35035
-3.35065
-3.34914
-3.34914
-3.34869
-3.34944
-3.34929
-3.34868
-3.34944
-3.34899
-3.34945
-3.34869
-3.34839
-3.34869
-3.35005
-3.35095
-3.35125
-3.35171
-3.3514
-3.35155
-3.3511
-3.3508
-3.35155
-3.35201
-3.35065
-3.35156
-3.35277
-3.35322
-3.35186
-3.35246
-3.35231
-3.35216
-3.35292
-3.35247
-3.35156
-3.3502
-3.35096
-3.35201
-3.35156
-3.35126
-3.35035
-3.34959
-3.34944
-3.34959
-3.3499
-3.34839
-3.34778
-3.34778
-3.34823
-3.34778
-3.34718
-3.34733
-3.34702
-3.34763
-3.34748
-3.34718
-3.34687
-3.34793
-3.34823
-3.34929
-3.34959
-3.34929
-3.34869
-3.34869
-3.34854
-3.3499
-3.3508
-3.3496
-3.3499
-3.34975
-3.34959
-3.3502
-3.3508
-3.3505
-3.35035
-3.35095
-3.35186
-3.35156
-3.35095
-3.35095
-3.35125
-3.35201
-3.35367
-3.35366
-3.35291
-3.35276
-3.35201
-3.35291
-3.35307
-3.35322
-3.35337
-3.35277
-3.35216
-3.3511
-3.3511
-3.35004
-3.34989
-3.35035
-3.34974
-3.34944
-3.34989
-3.34989
-3.34898
-3.34959
-3.34989
-3.34989
-3.35035
-3.34929
-3.34944
-3.3505
-3.34899
-3.34989
-3.34793
-3.34838
-3.34914
-3.34914
-3.34839
-3.34869
-3.34809
-3.34778
-3.34778
-3.34702
-3.34627
-3.34491
-3.34552
-3.34597
-3.34567
-3.34522
-3.34628
-3.34794
-3.34824
-3.34914
-3.34854
-3.34899
-3.34869
-3.34869
-3.34944
-3.34975
-3.34975
-3.349
-3.349
-3.34885
-3.34975
-3.35126
-3.3505
-3.3502
-3.35111
-3.35066
-3.3493
-3.34945
-3.35035
-3.35066
-3.35096
-3.35096
-3.35142
-3.35142
-3.35021
-3.35036
-3.34945
-3.34915
-3.34869
-3.34869
-3.34824
-3.34899
-3.3496
-3.35005
-3.34915
-3.35051
-3.35111
-3.35051
-3.35111
-3.35096
-3.35096
-3.35157
-3.35262
-3.35292
-3.35292
-3.35322
-3.35383
-3.35277
-3.35308
-3.35413
-3.35353
-3.35323
-3.35368
-3.35504
-3.35414
-3.35383
-3.35308
-3.35278
-3.35277
-3.35383
-3.35322
-3.35292
-3.35322
-3.35277
-3.35217
-3.35217
-3.35248
-3.35233
-3.35157
-3.35217
-3.35247
-3.35308
-3.35308
-3.35353
-3.35277
-3.35277
-3.35353
-3.35398
-3.35383
-3.35444
-3.35399
-3.35399
-3.35429
-3.35444
-3.35444
-3.35489
-3.35398
-3.35368
-3.35383
-3.35308
-3.35202
-3.35157
-3.35172
-3.35172
-3.35217
-3.35126
-3.35157
-3.35111
-3.35142
-3.35157
-3.35217
-3.35232
-3.35232
-3.35353
-3.35413
-3.35413
-3.35308
-3.35247
-3.35308
-3.35338
-3.35414
-3.35414
-3.35338
-3.35368
-3.35504
-3.3555
-3.35459
-3.35353
-3.35368
-3.35383
-3.35353
-3.35277
-3.35232
-3.35247
-3.35202
-3.35171
-3.35216
-3.35277
-3.35292
-3.35232
-3.35202
-3.35172
-3.35142
-3.35278
-3.35429
-3.35414
-3.35535
-3.35565
-3.35595
-3.3561
-3.3567
-3.35534
-3.35459
-3.35383
-3.35459
-3.35459
-3.3549
-3.35444
-3.35595
-3.35565
-3.35594
-3.35625
-3.35565
-3.35641
-3.35641
-3.35641
-3.35686
-3.35611
-3.35595
-3.3561
-3.3564
-3.35565
-3.35459
-3.35399
-3.35489
-3.35399
-3.35444
-3.35535
-3.3543
-3.3549
-3.3555
-3.3555
-3.35641
-3.35641
-3.35535
-3.35429
-3.35324
-3.35369
-3.35444
-3.35474
-3.35505
-3.3555
-3.3561
-3.35595
-3.35459
-3.35474
-3.35505
-3.35474
-3.35474
-3.35535
-3.35459
-3.35459
-3.35504
-3.35474
-3.35323
-3.35278
-3.35187
-3.35082
-3.35067
-3.35052
-3.35052
-3.35067
-3.35082
-3.35067
-3.35112
-3.35142
-3.35157
-3.35248
-3.35293
-3.35308
-3.35309
-3.35384
-3.35384
-3.35369
-3.35369
-3.3546
-3.35369
-3.35354
-3.35293
-3.35535
-3.35535
-3.3546
-3.35505
-3.35581
-3.35611
-3.35565
-3.35671
-3.35701
-3.35626
-3.35596
-3.35626
-3.35596
-3.35551
-3.35656
-3.35702
-3.35686
-3.35565
-3.3558
-3.35505
-3.3561
-3.3558
-3.35656
-3.35611
-3.35596
-3.35536
-3.35536
-3.35566
-3.3552
-3.3549
-3.35384
-3.35399
-3.35384
-3.35429
-3.35308
-3.35278
-3.35157
-3.35188
-3.35203
-3.35188
-3.35097
-3.35112
-3.35173
-3.35218
-3.35172
-3.35112
-3.35082
-3.35142
-3.35127
-3.35127
-3.34931
-3.34901
-3.34916
-3.35067
-3.35052
-3.35067
-3.35082
-3.35097
-3.35052
-3.35127
-3.35172
-3.35127
-3.35097
-3.35233
-3.35233
-3.35143
-3.35264
-3.35203
-3.35188
-3.35158
-3.35067
-3.35142
-3.35142
-3.35066
-3.35006
-3.35082
-3.35022
-3.35022
-3.35188
-3.35294
-3.35218
-3.35264
-3.35309
-3.3546
-3.3552
-3.35474
-3.35383
-3.35307
-3.35338
-3.35399
-3.35324
-3.35324
-3.35263
-3.35248
-3.35233
-3.35248
-3.35323
-3.35353
-3.35369
-3.35429
-3.35489
-3.35489
-3.3555
-3.35475
-3.35445
-3.35429
-3.35429
-3.35444
-3.35293
-3.35353
-3.35232
-3.35232
-3.35263
-3.35338
-3.35429
-3.35444
-3.35596
-3.35535
-3.35505
-3.35369
-3.35354
-3.35354
-3.35278
-3.35263
-3.35429
-3.35293
-3.35263
-3.35187
-3.35218
-3.35143
-3.35112
-3.35188
-3.35203
-3.35279
-3.35203
-3.35218
-3.35127
-3.35021
-3.35021
-3.35097
-3.35067
-3.35037
-3.35022
-3.35037
-3.35127
-3.35157
-3.35218
-3.35173
-3.35158
-3.35173
-3.35263
-3.35279
-3.35233
-3.35188
-3.35188
-3.35127
-3.35157
-3.35021
-3.35067
-3.35112
-3.35082
-3.35006
-3.35067
-3.35082
-3.35188
-3.35172
-3.35142
-3.35218
-3.35248
-3.35218
-3.35308
-3.35354
-3.35369
-3.3552
-3.3546
-3.35445
-3.3546
-3.35521
-3.35581
-3.35641
-3.35611
-3.35671
-3.35656
-3.3564
-3.35535
-3.35535
-3.35429
-3.35399
-3.35414
-3.35445
-3.3549
-3.35475
-3.3549
-3.35505
-3.3549
-3.3546
-3.35445
-3.35414
-3.35308
-3.35308
-3.35203
-3.35384
-3.35399
-3.3543
-3.35445
-3.35414
-3.35339
-3.35339
-3.35339
-3.35415
-3.35475
-3.3549
-3.35445
-3.3543
-3.35399
-3.35399
-3.35368
-3.35293
-3.35218
-3.35158
-3.35143
-3.35188
-3.35188
-3.35294
-3.35234
-3.35264
-3.35294
-3.35294
-3.35354
-3.35384
-3.35369
-3.35354
-3.35354
-3.35339
-3.35399
-3.35384
-3.35445
-3.354
-3.35385
-3.35324
-3.35294
-3.35354
-3.3546
-3.3543
-3.3546
-3.3546
-3.3543
-3.35369
-3.35399
-3.35384
-3.3546
-3.35626
-3.35551
-3.35566
-3.35611
-3.35627
-3.35642
-3.35611
-3.35505
-3.35399
-3.35354
-3.35339
-3.35399
-3.35248
-3.35188
-3.35218
-3.35263
-3.35202
-3.35233
-3.35233
-3.35234
-3.35279
-3.35219
-3.35203
-3.35309
-3.35218
-3.35142
-3.35052
-3.35036
-3.35006
-3.35037
-3.35052
-3.34976
-3.3487
-3.34961
-3.35052
-3.35097
-3.35098
-3.35113
-3.35188
-3.35188
-3.35127
-3.35112
-3.35157
-3.35187
-3.35082
-3.35052
-3.34977
-3.34962
-3.34931
-3.34946
-3.34916
-3.34946
-3.34901
-3.34946
-3.3484
-3.34916
-3.34977
-3.34916
-3.34841
-3.3481
-3.34886
-3.349
-3.34915
-3.35036
-3.35112
-3.35203
-3.35158
-3.35158
-3.35143
-3.35037
-3.34991
-3.35037
-3.34946
-3.34946
-3.34977
-3.34992
-3.34962
-3.34916
-3.35022
-3.35067
-3.35067
-3.35052
-3.35007
-3.35007
-3.34931
-3.34992
-3.34916
-3.35022
-3.35143
-3.35218
-3.35264
-3.3537
-3.35294
-3.35279
-3.3531
-3.35355
-3.35325
-3.35325
-3.35234
-3.35324
-3.35279
-3.35279
-3.35369
-3.3546
-3.354
-3.35309
-3.35264
-3.35204
-3.35174
-3.35249
-3.3528
-3.35234
-3.35355
-3.35355
-3.354
-3.35385
-3.35461
-3.35325
-3.35279
-3.35309
-3.35369
-3.3543
-3.35263
-3.35248
-3.35143
-3.35173
-3.35189
-3.35264
-3.35279
-3.35189
-3.35098
-3.35173
-3.35128
-3.34947
-3.34886
-3.34961
-3.34931
-3.34931
-3.3481
-3.34871
-3.34795
-3.34841
-3.34917
-3.34947
-3.34962
-3.34992
-3.34916
-3.34946
-3.34886
-3.34901
-3.34946
-3.35021
-3.35127
-3.35128
-3.35249
-3.35309
-3.35279
-3.35234
-3.35219
-3.35279
-3.35249
-3.35294
-3.35324
-3.35384
-3.35445
-3.35399
-3.35369
-3.35385
-3.35324
-3.35324
-3.35355
-3.3537
-3.35309
-3.35355
-3.35249
-3.35204
-3.35188
-3.35218
-3.35293
-3.35308
-3.35354
-3.35279
-3.35249
-3.3528
-3.35294
-3.35219
-3.35264
-3.35249
-3.35279
-3.35324
-3.35249
-3.35218
-3.35264
-3.35173
-3.35158
-3.35098
-3.35083
-3.35158
-3.35219
-3.35188
-3.35082
-3.35128
-3.35067
-3.35007
-3.35037
-3.35037
-3.34992
-3.35007
-3.34992
-3.34962
-3.34932
-3.3481
-3.3478
-3.3484
-3.34764
-3.34779
-3.3481
-3.34765
-3.3478
-3.3472
-3.34765
-3.34811
-3.34811
-3.34871
-3.34871
-3.34856
-3.34961
-3.34916
-3.34976
-3.35021
-3.35006
-3.34961
-3.34992
-3.35007
-3.34992
-3.35007
-3.34886
-3.34871
-3.34825
-3.3484
-3.3481
-3.34916
-3.34916
-3.35022
-3.35037
-3.35067
-3.35052
-3.35006
-3.35037
-3.34961
-3.35007
-3.34991
-3.35006
-3.35052
-3.35052
-3.35036
-3.3487
-3.349
-3.34719
-3.34674
-3.34644
-3.34629
-3.34644
-3.34629
-3.3478
-3.34841
-3.34992
-3.35067
-3.35082
-3.35036
-3.35066
-3.34975
-3.34915
-3.3493
-3.34931
-3.34931
-3.34976
-3.34916
-3.34961
-3.34946
-3.34885
-3.3487
-3.3481
-3.3484
-3.34886
-3.34916
-3.34946
-3.349
-3.3481
-3.34794
-3.34734
-3.34794
-3.3487
-3.34885
-3.34825
-3.3484
-3.34825
-3.3478
-3.3481
-3.34931
-3.35037
-3.34976
-3.35022
-3.35021
-3.35051
-3.35127
-3.35172
-3.35187
-3.35202
-3.35263
-3.35278
-3.35369
-3.35324
-3.35309
-3.35324
-3.35324
-3.35172
-3.35187
-3.35247
-3.35292
-3.35398
-3.35413
-3.35489
-3.35398
-3.35444
-3.35504
-3.3561
-3.3558
-3.3558
-3.35504
-3.35504
-3.35459
-3.35429
-3.35398
-3.35459
-3.35534
-3.35413
-3.35413
-3.35428
-3.35323
-3.35338
-3.35338
-3.35323
-3.35444
-3.35428
-3.35353
-3.35368
-3.35293
-3.35262
-3.35277
-3.35232
-3.35096
-3.35096
-3.35081
-3.35005
-3.3505
-3.35035
-3.35065
-3.3508
-3.35065
-3.35111
-3.35005
-3.3502
-3.3508
-3.35035
-3.34884
-3.34899
-3.35081
-3.35111
-3.35066
-3.35051
-3.35126
-3.35066
-3.35156
-3.35035
-3.3505
-3.3499
-3.34914
-3.34868
-3.34823
-3.3502
-3.35126
-3.3505
-3.35081
-3.35081
-3.35186
-3.35201
-3.35276
-3.352
-3.35261
-3.35095
-3.3517
-3.35246
-3.35231
-3.35277
-3.35383
-3.35367
-3.35398
-3.35458
-3.35382
-3.35352
-3.35307
-3.35367
-3.35352
-3.35428
-3.35489
-3.35458
-3.35352
-3.35246
-3.35261
-3.35291
-3.35292
-3.35367
-3.35261
-3.35292
-3.35246
-3.35246
-3.35306
-3.35322
-3.35231
-3.35201
-3.35201
-3.35141
-3.3505
-3.3496
-3.3502
-3.35035
-3.35126
-3.35171
-3.35125
-3.35185
-3.3511
-3.35262
-3.35322
-3.35262
-3.35157
-3.35111
-3.35217
-3.35216
-3.35216
-3.35155
-3.3526
-3.3526
-3.35215
-3.35216
-3.35216
-3.35141
-3.35035
-3.34869
-3.34914
-3.34929
-3.34944
-3.34899
-3.35035
-3.3511
-3.3511
-3.35126
-3.35125
-3.3505
-3.34989
-3.34974
-3.35004
-3.34974
-3.34823
-3.34778
-3.34702
-3.34717
-3.34717
-3.34687
-3.34747
-3.34687
-3.34687
-3.34702
-3.34687
-3.34657
-3.34778
-3.34642
-3.34597
-3.34612
-3.34536
-3.3449
-3.3446
-3.34445
-3.34476
-3.34491
-3.34536
-3.34521
-3.34551
-3.34445
-3.34355
-3.3434
-3.34431
-3.34597
-3.34673
-3.34657
-3.34762
-3.34717
-3.34763
-3.34854
-3.3502
-3.3505
-3.3502
-3.3508
-3.35065
-3.3505
-3.35034
-3.3508
-3.35201
-3.35216
-3.35307
-3.35382
-3.35473
-3.35533
-3.35548
-3.35458
-3.35412
-3.35442
-3.35533
-3.35533
-3.35503
-3.35518
-3.35473
-3.35503
-3.35397
-3.35367
-3.35337
-3.35322
-3.35442
-3.35458
-3.35412
-3.35427
-3.35457
-3.35518
-3.35533
-3.35518
-3.35367
-3.35458
-3.35413
-3.35488
-3.35352
-3.35126
-3.35186
-3.35141
-3.35262
-3.35201
-3.3508
-3.35125
-3.35156
-3.35095
-3.35171
-3.35171
-3.35187
-3.35172
-3.35217
-3.35278
-3.35202
-3.35262
-3.35232
-3.35307
-3.35246
-3.35246
-3.35321
-3.35427
-3.35428
-3.35473
-3.35413
-3.35428
-3.35352
-3.35337
-3.35292
-3.35246
-3.35126
-3.3508
-3.3511
-3.35095
-3.35141
-3.3511
-3.35262
-3.35337
-3.35186
-3.35292
-3.35308
-3.35278
-3.35338
-3.35232
-3.35156
-3.35126
-3.3505
-3.3508
-3.3505
-3.35004
-3.34899
-3.34899
-3.3499
-3.34945
-3.35111
-3.35081
-3.35081
-3.35051
-3.35111
-3.35141
-3.35141
-3.3508
-3.3508
-3.3505
-3.35065
-3.35035
-3.3508
-3.3505
-3.35111
-3.3499
-3.3493
-3.35036
-3.3496
-3.3496
-3.34915
-3.34945
-3.34945
-3.34975
-3.34824
-3.3499
-3.34929
-3.34914
-3.34959
-3.34959
-3.3496
-3.3493
-3.34884
-3.34854
-3.34914
-3.34854
-3.34854
-3.34884
-3.34914
-3.34884
-3.34808
-3.34793
-3.34793
-3.34838
-3.34899
-3.34959
-3.34944
-3.34899
-3.34929
-3.35005
-3.3508
-3.35005
-3.35005
-3.35005
-3.35019
-3.3505
-3.35019
-3.35095
-3.3511
-3.3505
-3.35111
-3.35065
-3.3502
-3.35035
-3.3508
-3.35126
-3.35171
-3.35186
-3.35155
-3.35231
-3.35306
-3.35306
-3.35306
-3.35276
-3.35216
-3.35246
-3.35231
-3.35201
-3.35155
-3.35246
-3.35261
-3.35246
-3.35306
-3.35292
-3.35186
-3.35171
-3.35171
-3.35156
-3.3511
-3.3514
-3.35019
-3.34958
-3.35019
-3.34913
-3.34838
-3.34868
-3.34853
-3.34899
-3.34823
-3.34838
-3.34868
-3.34883
-3.34898
-3.34883
-3.34883
-3.34929
-3.34883
-3.34838
-3.34793
-3.34898
-3.34838
-3.34899
-3.34838
-3.35034
-3.35004
-3.35095
-3.3517
-3.3514
-3.35201
-3.35246
-3.35171
-3.35307
-3.35277
-3.35247
-3.35261
-3.35216
-3.35306
-3.35231
-3.352
-3.35246
-3.35261
-3.35321
-3.35276
-3.35246
-3.35155
-3.3514
-3.35095
-3.35065
-3.3508
-3.35171
-3.35231
-3.35246
-3.35351
-3.35397
-3.35381
-3.35397
-3.35397
-3.35382
-3.35397
-3.35442
-3.35442
-3.35397
-3.35306
-3.35216
-3.35216
-3.35261
-3.35261
-3.35276
-3.35306
-3.35336
-3.35276
-3.35291
-3.35321
-3.35412
-3.35337
-3.35382
-3.35382
-3.35336
-3.35382
-3.35185
-3.35094
-3.35049
-3.35064
-3.35065
-3.34974
-3.35019
-3.35005
-3.35005
-3.34944
-3.34823
-3.34869
-3.34823
-3.34793
-3.34748
-3.34823
-3.34868
-3.34853
-3.34898
-3.34928
-3.34989
-3.3502
-3.3505
-3.3502
-3.35035
-3.35065
-3.35095
-3.3508
-3.35125
-3.3508
-3.35065
-3.3505
-3.3502
-3.35035
-3.3502
-3.3505
-3.35095
-3.35215
-3.35321
-3.35351
-3.35261
-3.35442
-3.35443
-3.35564
-3.35624
-3.35428
-3.35307
-3.35246
-3.35245
-3.35306
-3.35321
-3.35291
-3.35351
-3.35321
-3.35321
-3.35367
-3.35336
-3.35321
-3.35412
-3.35503
-3.35397
-3.35397
-3.35321
-3.35367
-3.35276
-3.35216
-3.3508
-3.3508
-3.3511
-3.3517
-3.3511
-3.35095
-3.35064
-3.35079
-3.35185
-3.35336
-3.35351
-3.35397
-3.35442
-3.35563
-3.35351
-3.35518
-3.35518
-3.35533
-3.35412
-3.35412
-3.35472
-3.35427
-3.35487
-3.35502
-3.35487
-3.35487
-3.35427
-3.35412
-3.35382
-3.35245
-3.35321
-3.35351
-3.35426
-3.35426
-3.35502
-3.35472
-3.35381
-3.35276
-3.35291
-3.35291
-3.35261
-3.35245
-3.35215
-3.35154
-3.35154
-3.35124
-3.35109
-3.352
-3.35155
-3.35155
-3.35155
-3.3523
-3.35291
-3.35366
-3.35442
-3.35487
-3.35517
-3.35457
-3.35487
-3.35366
-3.35321
-3.35321
-3.35411
-3.35487
-3.35517
-3.35442
-3.35396
-3.35381
-3.35426
-3.35487
-3.35517
-3.35578
-3.35593
-3.35669
-3.35608
-3.35593
-3.35699
-3.35548
-3.35442
-3.35502
-3.35471
-3.35471
-3.35441
-3.35381
-3.35457
-3.35487
-3.35382
-3.35367
-3.35367
-3.35352
-3.35351
-3.35261
-3.35306
-3.35306
-3.35441
-3.35562
-3.35578
-3.35487
-3.35427
-3.35382
-3.35321
-3.35291
-3.3517
-3.35231
-3.3517
-3.352
-3.3517
-3.35185
-3.35139
-3.35245
-3.35245
-3.35336
-3.35366
-3.35351
-3.3529
-3.352
-3.3523
-3.35185
-3.35109
-3.35034
-3.34989
-3.34959
-3.34898
-3.34853
-3.34958
-3.34974
-3.34989
-3.34943
-3.34838
-3.34762
-3.34777
-3.34762
-3.34807
-3.34822
-3.34837
-3.34898
-3.34898
-3.34928
-3.35064
-3.35049
-3.35019
-3.3511
-3.35064
-3.35065
-3.35049
-3.35065
-3.3517
-3.3517
-3.35246
-3.35261
-3.35185
-3.3514
-3.35125
-3.3514
-3.35004
-3.35095
-3.35125
-3.3511
-3.35261
-3.35276
-3.35215
-3.35245
-3.352
-3.3526
-3.352
-3.35155
-3.3514
-3.35125
-3.3511
-3.352
-3.35261
-3.35306
-3.35367
-3.35307
-3.35337
-3.35397
-3.35412
-3.35352
-3.35291
-3.35336
-3.35155
-3.35079
-3.3514
-3.35246
-3.35125
-3.3514
-3.35034
-3.34959
-3.34853
-3.34868
-3.34944
-3.34914
-3.34853
-3.34959
-3.34929
-3.34913
-3.34959
-3.34929
-3.34883
-3.34853
-3.34899
-3.34899
-3.34944
-3.34914
-3.34899
-3.34929
-3.34959
-3.34959
-3.34944
-3.34959
-3.35004
-3.35095
-3.35185
-3.35125
-3.3514
-3.3514
-3.3514
-3.35216
-3.35186
-3.3517
-3.35201
-3.35155
-3.3514
-3.3511
-3.35064
-3.35125
-3.3514
-3.3514
-3.35215
-3.35125
-3.35049
-3.35216
-3.35276
-3.35307
-3.35367
-3.35352
-3.35367
-3.35322
-3.35321
-3.35351
-3.35321
-3.35351
-3.35291
-3.35261
-3.3517
-3.35019
-3.35019
-3.35049
-3.35065
-3.3505
-3.34989
-3.3511
-3.3502
-3.3505
-3.3508
-3.35049
-3.34944
-3.35004
-3.35004
-3.34898
-3.34883
-3.34914
-3.34868
-3.35019
-3.3508
-3.35155
-3.35156
-3.35186
-3.35246
-3.35125
-3.3514
-3.3514
-3.35216
-3.3511
-3.3514
-3.35292
-3.35292
-3.35201
-3.35262
-3.35307
-3.35307
-3.35322
-3.35306
-3.35306
-3.35306
-3.35201
-3.35035
-3.3508
-3.35095
-3.35156
-3.35171
-3.3508
-3.35095
-3.35125
-3.35201
-3.35261
-3.35352
-3.35291
-3.35336
-3.35261
-3.35246
-3.3514
-3.3511
-3.35065
-3.35111
-3.35005
-3.34959
-3.34884
-3.34808
-3.34883
-3.34974
-3.34974
-3.35004
-3.34929
-3.34778
-3.34884
-3.34974
-3.34884
-3.34793
-3.34777
-3.34762
-3.34822
-3.34898
-3.34959
-3.35019
-3.34899
-3.34823
-3.34899
-3.34944
-3.34974
-3.3502
-3.35065
-3.35035
-3.35126
-3.35186
-3.35171
-3.35095
-3.3511
-3.3514
-3.35216
-3.35246
-3.35247
-3.35201
-3.35156
-3.35261
-3.35261
-3.35215
-3.35094
-3.35125
-3.35125
-3.35125
-3.3508
-3.3505
-3.3511
-3.35125
-3.35231
-3.3514
-3.35201
-3.3517
-3.3514
-3.35276
-3.35321
-3.35291
-3.35216
-3.35307
-3.35277
-3.35186
-3.35262
-3.35352
-3.35443
-3.35488
-3.35458
-3.35428
-3.35503
-3.35458
-3.35412
-3.35518
-3.35564
-3.35458
-3.35473
-3.35518
-3.35473
-3.35503
-3.35533
-3.35609
-3.35518
-3.35594
-3.35503
-3.35503
-3.35443
-3.35352
-3.35337
-3.35322
-3.35247
-3.35292
-3.35322
-3.35246
-3.35231
-3.35261
-3.35246
-3.352
-3.35215
-3.35276
-3.35307
-3.35261
-3.3511
-3.3511
-3.35171
-3.3511
-3.3511
-3.352
-3.3508
-3.3514
-3.3514
-3.3514
-3.35049
-3.35125
-3.35155
-3.35216
-3.35276
-3.35306
-3.35322
-3.35292
-3.35322
-3.35322
-3.35443
-3.35457
-3.35593
-3.35608
-3.35517
-3.35593
-3.35714
-3.35639
-3.35684
-3.35669
-3.35639
-3.35654
-3.35699
-3.35639
-3.35669
-3.35608
-3.35624
-3.35533
-3.35563
-3.35563
-3.35473
-3.35518
-3.35382
-3.35367
-3.35397
-3.35351
-3.35291
-3.352
-3.35064
-3.3505
-3.35155
-3.3508
-3.3508
-3.3505
-3.3502
-3.34959
-3.34959
-3.34944
-3.3502
-3.35004
-3.35019
-3.3511
-3.35019
-3.3514
-3.35186
-3.35216
-3.35261
-3.35261
-3.35231
-3.35231
-3.35247
-3.35262
-3.35322
-3.35261
-3.35246
-3.35186
-3.35217
-3.35247
-3.35202
-3.35186
-3.35156
-3.3508
-3.3508
-3.3511
-3.3517
-3.35186
-3.35125
-3.35156
-3.35186
-3.35156
-3.35186
-3.35261
-3.35352
-3.35352
-3.35367
-3.35337
-3.35322
-3.35397
-3.35427
-3.35382
-3.35397
-3.35367
-3.35397
-3.35336
-3.35351
-3.35321
-3.352
-3.35306
-3.35216
-3.35261
-3.35155
-3.3514
-3.35095
-3.35065
-3.3514
-3.3514
-3.3511
-3.3514
-3.35261
-3.35472
-3.35533
-3.35578
-3.35669
-3.35714
-3.35759
-3.35759
-3.35623
-3.35608
-3.35442
-3.35306
-3.35276
-3.35381
-3.35518
-3.35593
-3.35578
-3.35518
-3.35397
-3.35502
-3.35472
-3.35517
-3.35532
-3.35517
-3.35381
-3.35366
-3.35351
-3.35306
-3.35185
-3.3514
-3.35125
-3.34989
-3.34913
-3.34989
-3.34974
-3.34928
-3.34868
-3.34913
-3.34973
-3.35049
-3.35109
-3.3511
-3.35125
-3.3514
-3.35155
-3.35155
-3.3523
-3.35124
-3.35199
-3.35169
-3.35154
-3.35169
-3.35185
-3.35215
-3.35291
-3.35215
-3.35049
-3.35064
-3.35139
-3.35078
-3.35033
-3.35048
-3.34973
-3.34958
-3.34898
-3.34898
-3.34973
-3.35049
-3.35154
-3.35049
-3.35033
-3.34988
-3.35018
-3.35003
-3.34988
-3.35063
-3.35093
-3.35124
-3.35229
-3.35229
-3.35229
-3.35244
-3.35153
-3.35259
-3.35305
-3.3532
-3.3535
-3.35472
-3.35472
-3.35426
-3.35441
-3.35396
-3.3532
-3.3538
-3.35305
-3.3526
-3.352
-3.35245
-3.35245
-3.3517
-3.3523
-3.35169
-3.35199
-3.35229
-3.35215
-3.35245
-3.3514
-3.35079
-3.35155
-3.35064
-3.35124
-3.35124
-3.35139
-3.35079
-3.34958
-3.34958
-3.35003
-3.34928
-3.34898
-3.34898
-3.34913
-3.35034
-3.35124
-3.35169
-3.35229
-3.35305
-3.35305
-3.35199
-3.35275
-3.35124
-3.35155
-3.3511
-3.3523
-3.35215
-3.35245
-3.3523
-3.35184
-3.35109
-3.35124
-3.35094
-3.35124
-3.35124
-3.35124
-3.35154
-3.35078
-3.35093
-3.35123
-3.35139
-3.35154
-3.3526
-3.35215
-3.3526
-3.3526
-3.35199
-3.35184
-3.35154
-3.35078
-3.35093
-3.35138
-3.35123
-3.35124
-3.3526
-3.35245
-3.35245
-3.35185
-3.352
-3.35139
-3.35139
-3.35153
-3.35184
-3.35259
-3.35245
-3.35366
-3.35366
-3.35321
-3.35366
-3.35426
-3.35456
-3.35441
-3.35381
-3.35305
-3.35336
-3.35351
-3.35321
-3.35275
-3.3523
-3.35275
-3.35305
-3.3535
-3.3529
-3.35229
-3.3529
-3.35366
-3.35411
-3.35411
-3.35366
-3.35426
-3.35411
-3.35321
-3.352
-3.352
-3.35154
-3.35109
-3.35048
-3.35078
-3.35124
-3.35094
-3.35185
-3.35245
-3.35306
-3.35306
-3.35231
-3.35366
-3.35412
-3.35366
-3.35457
-3.35457
-3.35502
-3.35426
-3.35426
-3.35305
-3.3526
-3.3523
-3.352
-3.35139
-3.35094
-3.35094
-3.35018
-3.35064
-3.35034
-3.35004
-3.35079
-3.35155
-3.35185
-3.3514
-3.35079
-3.35064
-3.35034
-3.35034
-3.35019
-3.35048
-3.35048
-3.35018
-3.35033
-3.35003
-3.35139
-3.35064
-3.35019
-3.35125
-3.35049
-3.35034
-3.35034
-3.35034
-3.3514
-3.35125
-3.35079
-3.3514
-3.35034
-3.35079
-3.34973
-3.34973
-3.35064
-3.35094
-3.35079
-3.35019
-3.35034
-3.35019
-3.34989
-3.34913
-3.34943
-3.34943
-3.34852
-3.34777
-3.34777
-3.34792
-3.34792
-3.34868
-3.35004
-3.35018
-3.34973
-3.34988
-3.34958
-3.35004
-3.34989
-3.35079
-3.35125
-3.35185
-3.3523
-3.35291
-3.35306
-3.3523
-3.3526
-3.35185
-3.35245
-3.35275
-3.3523
-3.35124
-3.35049
-3.35064
-3.35139
-3.35094
-3.35079
-3.35003
-3.35018
-3.35003
-3.35018
-3.34988
-3.34913
-3.34852
-3.34867
-3.34943
-3.35079
-3.35079
-3.35109
-3.35094
-3.35079
-3.35048
-3.35048
-3.35003
-3.34943
-3.34958
-3.35109
-3.35109
-3.3523
-3.35109
-3.35078
-3.35139
-3.35049
-3.35064
-3.35064
-3.35019
-3.35079
-3.35034
-3.35124
-3.35064
-3.35064
-3.35124
-3.35169
-3.35048
-3.35018
-3.34988
-3.35048
-3.35094
-3.35003
-3.34958
-3.34958
-3.35049
-3.35109
-3.35169
-3.35139
-3.35214
-3.35169
-3.3526
-3.35321
-3.35351
-3.35321
-3.35366
-3.35397
-3.35427
-3.35487
-3.35502
-3.35533
-3.35517
-3.35578
-3.35592
-3.35607
-3.35471
-3.35456
-3.35562
-3.35607
-3.35592
-3.35593
-3.35698
-3.35623
-3.35638
-3.35547
-3.35623
-3.35577
-3.35607
-3.35592
-3.35622
-3.35668
-3.35804
-3.35729
-3.35653
-3.35593
-3.35577
-3.35638
-3.35653
-3.35744
-3.35698
-3.35683
-3.35729
-3.35593
-3.35532
-3.35608
-3.35728
-3.35683
-3.35698
-3.35683
-3.35699
-3.35654
-3.35669
-3.35638
-3.35577
-3.35471
-3.3541
-3.35305
-3.3529
-3.3529
-3.3529
-3.35275
-3.3523
-3.35139
-3.35094
-3.35109
-3.35109
-3.35124
-3.35169
-3.35275
-3.35275
-3.35169
-3.35229
-3.35305
-3.3529
-3.3526
-3.3535
-3.35441
-3.35351
-3.3526
-3.35275
-3.35335
-3.35229
-3.35214
-3.35169
-3.3523
-3.35336
-3.35351
-3.35396
-3.35365
-3.35456
-3.3541
-3.35546
-3.35546
-3.35531
-3.35547
-3.35532
-3.35607
-3.35683
-3.35593
-3.35623
-3.35744
-3.35714
-3.35653
-3.35562
-3.35516
-3.35486
-3.35456
-3.35532
-3.35592
-3.35683
-3.35683
-3.35653
-3.35592
-3.35517
-3.35577
-3.35592
-3.35698
-3.35849
-3.35849
-3.36045
-3.35925
-3.3594
-3.35849
-3.35804
-3.35834
-3.35698
-3.35652
-3.35698
-3.35577
-3.35531
-3.35531
-3.35501
-3.35411
-3.35336
-3.35336
-3.35306
-3.35305
-3.35411
-3.3535
-3.35411
-3.35396
-3.35471
-3.35471
-3.35472
-3.35517
-3.35547
-3.35622
-3.35758
-3.35713
-3.35607
-3.35502
-3.35502
-3.35426
-3.35411
-3.35396
-3.3529
-3.35259
-3.35275
-3.3535
-3.35457
-3.35427
-3.35517
-3.35532
-3.35532
-3.35517
-3.35637
-3.35546
-3.35486
-3.35576
-3.35622
-3.35516
-3.35637
-3.35592
-3.35607
-3.35622
-3.35472
-3.35532
-3.35457
-3.35532
-3.35577
-3.35486
-3.35501
-3.35501
-3.35516
-3.35501
-3.35547
-3.35607
-3.35652
-3.35652
-3.35395
-3.35395
-3.35365
-3.35335
-3.35335
-3.35335
-3.35365
-3.35395
-3.3529
-3.35305
-3.35305
-3.35275
-3.3535
-3.35275
-3.35305
-3.35138
-3.35078
-3.35093
-3.35108
-3.35169
-3.35214
-3.35154
-3.35124
-3.35214
-3.35275
-3.35335
-3.35441
-3.35425
-3.3544
-3.3544
-3.35486
-3.35516
-3.35547
-3.35608
-3.35577
-3.35532
-3.35501
-3.35486
-3.35441
-3.35305
-3.35365
-3.35395
-3.35426
-3.35305
-3.35305
-3.35304
-3.35365
-3.35395
-3.35365
-3.35305
-3.35215
-3.35063
-3.34988
-3.34987
-3.34912
-3.34912
-3.34927
-3.34972
-3.35033
-3.35018
-3.35048
-3.35138
-3.35138
-3.35304
-3.3544
-3.35516
-3.35456
-3.35607
-3.35546
-3.35591
-3.35516
-3.35486
-3.35546
-3.35561
-3.35576
-3.35606
-3.35592
-3.35501
-3.35471
-3.3535
-3.35335
-3.3529
-3.35365
-3.35381
-3.35335
-3.35441
-3.3538
-3.35334
-3.35318
-3.35333
-3.35334
-3.3538
-3.3532
-3.35305
-3.35365
-3.3535
-3.35441
-3.3538
-3.35471
-3.35471
-3.35486
-3.35455
-3.3544
-3.35379
-3.35394
-3.35424
-3.35515
-3.35455
-3.35455
-3.3544
-3.35516
-3.3547
-3.35395
-3.3544
-3.355
-3.35545
-3.35575
-3.35591
-3.35576
-3.35606
-3.35621
-3.35667
-3.35682
-3.35591
-3.35425
-3.35501
-3.35486
-3.35561
-3.35621
-3.3553
-3.35515
-3.355
-3.35424
-3.35334
-3.35364
-3.35394
-3.3547
-3.3547
-3.35349
-3.35364
-3.35349
-3.35334
-3.3538
-3.3547
-3.35516
-3.35515
-3.35485
-3.35379
-3.35409
-3.35379
-3.35318
-3.35303
-3.35333
-3.35334
-3.35243
-3.35062
-3.35002
-3.35017
-3.34986
-3.34941
-3.35017
-3.35047
-3.35092
-3.35046
-3.35031
-3.34956
-3.34865
-3.34911
-3.34926
-3.34866
-3.34881
-3.34927
-3.34881
-3.34941
-3.34956
-3.3491
-3.34834
-3.34804
-3.34819
-3.34759
-3.3482
-3.34835
-3.34805
-3.3479
-3.34881
-3.34881
-3.34957
-3.34941
-3.35001
-3.34986
-3.35077
-3.35031
-3.34971
-3.3488
-3.34941
-3.35077
-3.35077
-3.35062
-3.35108
-3.35002
-3.35002
-3.35047
-3.35047
-3.35107
-3.34986
-3.34911
-3.34987
-3.35002
-3.35047
-3.35092
-3.35138
-3.35092
-3.35092
-3.35032
-3.35002
-3.35138
-3.35153
-3.35243
-3.35183
-3.35228
-3.35228
-3.35349
-3.35288
-3.35289
-3.35198
-3.35017
-3.35047
-3.35047
-3.35032
-3.35002
-3.34972
-3.34821
-3.34866
-3.34821
-3.3482
-3.3482
-3.3482
-3.3479
-3.3482
-3.3482
-3.34851
-3.34896
-3.34956
-3.34926
-3.34835
-3.35016
-3.35016
-3.35016
-3.35032
-3.35138
-3.35168
-3.35093
-3.35063
-3.35093
-3.35214
-3.35274
-3.35244
-3.35259
-3.35123
-3.35168
-3.35123
-3.35289
-3.35365
-3.35456
-3.35396
-3.35441
-3.3538
-3.35395
-3.35334
-3.35334
-3.35273
-3.35304
-3.35394
-3.3541
-3.35425
-3.35606
-3.35591
-3.35515
-3.355
-3.35621
-3.35546
-3.35501
-3.35486
-3.35335
-3.35381
-3.35396
-3.35305
-3.35305
-3.35335
-3.3538
-3.35379
-3.35364
-3.35319
-3.35364
-3.35425
-3.35455
-3.35471
-3.35531
-3.35456
-3.35471
-3.3538
-3.3541
-3.35409
-3.35591
-3.35394
-3.35289
-3.35334
-3.35213
-3.35334
-3.35365
-3.3538
-3.3544
-3.35395
-3.3541
-3.3541
-3.35334
-3.35319
-3.35244
-3.35108
-3.35138
-3.35122
-3.35001
-3.34986
-3.34987
-3.34942
-3.35002
-3.35018
-3.34867
-3.34882
-3.34866
-3.3476
-3.34699
-3.34744
-3.34729
-3.34821
-3.34882
-3.34912
-3.34912
-3.34882
-3.34972
-3.35002
-3.35017
-3.35032
-3.34971
-3.35077
-3.35092
-3.35017
-3.35153
-3.35062
-3.35138
-3.35077
-3.35123
-3.35047
-3.35108
-3.35214
-3.35244
-3.35289
-3.35303
-3.35363
-3.35378
-3.35455
-3.35501
-3.35425
-3.35411
-3.35441
-3.3541
-3.35471
-3.35546
-3.3541
-3.35439
-3.35394
-3.35409
-3.35349
-3.35319
-3.35213
-3.35168
-3.35183
-3.35107
-3.35153
-3.35138
-3.35092
-3.35047
-3.35032
-3.35122
-3.35259
-3.35319
-3.35364
-3.35394
-3.35349
-3.35364
-3.35454
-3.35454
-3.35349
-3.35349
-3.35364
-3.35228
-3.35243
-3.35198
-3.35258
-3.35213
-3.35304
-3.35289
-3.35289
-3.35319
-3.35319
-3.35349
-3.35379
-3.35288
-3.35333
-3.35349
-3.35409
-3.35379
-3.35379
-3.35333
-3.35334
-3.35364
-3.35394
-3.35364
-3.35289
-3.3541
-3.3538
-3.35319
-3.35349
-3.35274
-3.35274
-3.35319
-3.35334
-3.35318
-3.35227
-3.35197
-3.35243
-3.35334
-3.3535
-3.3529
-3.3529
-3.35426
-3.35411
-3.35395
-3.35334
-3.35334
-3.35454
-3.35439
-3.35409
-3.35349
-3.35244
-3.35274
-3.35259
-3.3532
-3.3529
-3.3529
-3.3535
-3.3532
-3.35335
-3.35426
-3.35335
-3.3535
-3.35184
-3.35138
-3.35138
-3.35213
-3.35198
-3.35183
-3.35229
-3.3538
-3.35365
-3.35275
-3.35275
-3.3532
-3.3538
-3.35335
-3.3529
-3.3535
-3.3535
-3.35395
-3.3541
-3.35516
-3.35576
-3.35591
-3.35606
-3.35545
-3.35561
-3.35531
-3.35546
-3.35561
-3.35637
-3.35622
-3.35637
-3.35667
-3.35622
-3.35637
-3.35546
-3.35607
-3.35637
-3.35577
-3.35667
-3.35652
-3.35591
-3.35576
-3.35501
-3.3541
-3.35305
-3.3532
-3.35199
-3.35245
-3.35184
-3.35214
-3.35275
-3.35305
-3.3523
-3.35184
-3.35214
-3.35184
-3.35139
-3.35063
-3.35018
-3.35048
-3.35063
-3.34987
-3.34942
-3.34927
-3.34867
-3.34957
-3.34927
-3.34942
-3.34927
-3.34867
-3.34942
-3.35003
-3.35064
-3.35184
-3.35124
-3.35034
-3.35064
-3.35109
-3.35139
-3.35138
-3.35168
-3.35153
-3.35229
-3.3526
-3.35214
-3.3523
-3.35351
-3.3526
-3.3541
-3.35274
-3.35425
-3.35365
-3.35396
-3.35366
-3.35396
-3.35365
-3.35335
-3.35395
-3.35485
-3.35546
-3.3544
-3.3535
-3.3538
-3.35471
-3.35456
-3.35381
-3.35396
-3.35502
-3.35623
-3.35653
-3.35607
-3.35592
-3.35637
-3.35622
-3.35516
-3.35455
-3.35456
-3.35516
-3.35486
-3.35441
-3.35562
-3.35471
-3.35517
-3.35562
-3.35547
-3.35562
-3.35395
-3.35501
-3.3547
-3.35395
-3.35334
-3.3538
-3.3535
-3.35335
-3.35335
-3.35365
-3.3535
-3.35289
-3.3538
-3.3535
-3.3541
-3.3538
-3.35425
-3.35425
-3.35289
-3.35153
-3.35213
-3.35198
-3.35184
-3.35123
-3.35199
-3.35259
-3.35304
-3.35274
-3.35274
-3.35319
-3.35289
-3.35274
-3.35153
-3.35123
-3.35048
-3.35033
-3.35108
-3.35139
-3.35154
-3.35199
-3.35198
-3.35168
-3.35092
-3.35092
-3.35002
-3.34987
-3.35017
-3.34942
-3.34866
-3.34821
-3.34821
-3.34836
-3.34912
-3.34821
-3.34912
-3.34912
-3.35033
-3.35048
-3.35094
-3.35139
-3.35093
-3.35032
-3.35108
-3.35032
-3.35032
-3.35092
-3.35168
-3.35228
-3.35183
-3.35184
-3.35169
-3.35244
-3.35259
-3.35335
-3.35396
-3.35456
-3.35456
-3.35456
-3.35471
-3.35546
-3.35561
-3.35591
-3.35546
-3.35531
-3.35637
-3.35576
-3.35531
-3.3547
-3.35441
-3.35486
-3.35486
-3.35471
-3.3538
-3.3541
-3.3544
-3.35395
-3.35395
-3.3544
-3.35516
-3.35531
-3.35471
-3.3544
-3.35425
-3.35425
-3.3541
-3.3541
-3.3541
-3.35456
-3.35517
-3.35456
-3.35441
-3.35395
-3.35365
-3.35259
-3.35395
-3.35455
-3.35319
-3.35289
-3.35335
-3.35274
-3.35395
-3.3538
-3.35425
-3.35335
-3.35335
-3.35425
-3.35365
-3.35501
-3.35531
-3.35516
-3.35501
-3.35441
-3.3544
-3.35455
-3.35425
-3.3532
-3.3529
-3.35335
-3.3526
-3.35184
-3.3526
-3.35351
-3.35381
-3.35456
-3.35364
-3.35349
-3.35334
-3.35259
-3.35275
-3.35335
-3.35154
-3.35154
-3.35214
-3.35199
-3.35138
-3.35153
-3.35123
-3.35063
-3.35063
-3.34972
-3.34912
-3.34927
-3.34851
-3.34791
-3.34882
-3.34882
-3.34867
-3.34897
-3.34942
-3.34881
-3.34911
-3.34941
-3.3482
-3.34805
-3.34775
-3.34836
-3.34806
-3.34912
-3.34912
-3.35003
-3.34897
-3.35048
-3.35078
-3.35108
-3.35123
-3.35199
-3.35259
-3.35319
-3.35289
-3.35304
-3.3535
-3.3538
-3.35455
-3.35395
-3.35364
-3.35349
-3.35334
-3.35334
-3.35319
-3.3529
-3.3529
-3.3535
-3.35305
-3.3532
-3.35335
-3.35304
-3.35259
-3.35319
-3.35319
-3.35183
-3.35137
-3.35183
-3.35199
-3.35259
-3.35214
-3.35229
-3.35244
-3.35274
-3.3532
-3.3538
-3.3544
-3.35425
-3.35425
-3.3541
-3.3538
-3.35425
-3.35425
-3.3535
-3.35395
-3.35456
-3.35501
-3.3538
-3.35561
-3.35561
-3.35546
-3.35546
-3.35561
-3.35591
-3.35546
-3.35576
-3.35591
-3.35546
-3.35622
-3.35577
-3.35532
-3.35502
-3.35441
-3.35426
-3.35411
-3.35456
-3.35365
-3.35501
-3.35561
-3.35636
-3.35621
-3.35622
-3.35607
-3.35607
-3.35652
-3.35561
-3.35622
-3.35516
-3.35561
-3.35622
-3.35576
-3.35637
-3.35622
-3.35577
-3.35501
-3.35531
-3.35501
-3.35546
-3.35516
-3.35576
-3.35607
-3.35697
-3.35713
-3.35667
-3.35607
-3.35546
-3.35547
-3.35471
-3.35381
-3.35305
-3.35244
-3.35214
-3.35274
-3.35274
-3.35274
-3.35274
-3.35365
-3.3538
-3.35395
-3.35395
-3.35395
-3.35229
-3.35169
-3.35154
-3.35048
-3.35033
-3.35108
-3.35033
-3.35169
-3.35169
-3.35108
-3.35108
-3.35153
-3.35123
-3.35048
-3.35048
-3.35139
-3.35184
-3.3526
-3.35335
-3.3541
-3.35365
-3.35335
-3.35305
-3.35305
-3.35471
-3.35411
-3.35426
-3.35441
-3.3538
-3.35426
-3.3541
-3.35395
-3.35456
-3.35425
-3.3538
-3.35274
-3.35365
-3.35471
-3.35441
-3.35396
-3.35305
-3.3532
-3.3529
-3.3526
-3.35215
-3.35306
-3.35351
-3.35321
-3.35396
-3.35456
-3.35426
-3.35517
-3.35517
-3.35426
-3.35411
-3.35366
-3.3526
-3.35245
-3.35199
-3.35169
-3.35169
-3.35109
-3.352
-3.35064
-3.35034
-3.34973
-3.35094
-3.35124
-3.35064
-3.35109
-3.35064
-3.35003
-3.35064
-3.35094
-3.35063
-3.35138
-3.35048
-3.35108
-3.35169
-3.35064
-3.35125
-3.3517
-3.35215
-3.35411
-3.35381
-3.35381
-3.3532
-3.3529
-3.35245
-3.35199
-3.35154
-3.35169
-3.35124
-3.35049
-3.35185
-3.35215
-3.35305
-3.35305
-3.3526
-3.352
-3.35351
-3.35442
-3.35381
-3.35351
-3.35321
-3.35306
-3.35321
-3.35336
-3.35366
-3.35275
-3.3529
-3.35336
-3.35427
-3.35487
-3.35457
-3.35502
-3.35472
-3.35412
-3.35352
-3.35231
-3.35307
-3.35382
-3.35382
-3.35382
-3.35442
-3.35351
-3.35215
-3.3523
-3.35109
-3.35215
-3.3517
-3.35095
-3.35095
-3.35035
-3.34989
-3.35005
-3.3499
-3.34974
-3.34914
-3.35065
-3.35094
-3.35064
-3.35109
-3.35019
-3.35034
-3.35034
-3.35004
-3.35064
-3.35034
-3.34989
-3.35034
-3.35079
-3.34974
-3.35064
-3.35095
-3.3508
-3.35065
-3.35019
-3.35034
-3.34928
-3.34958
-3.35019
-3.35004
-3.34974
-3.34913
-3.34823
-3.34883
-3.34959
-3.34959
-3.34944
-3.34914
-3.34868
-3.34883
-3.34914
-3.34989
-3.35035
-3.3505
-3.35064
-3.3514
-3.3514
-3.35155
-3.35245
-3.35261
-3.352
-3.35095
-3.35095
-3.34974
-3.35004
-3.3511
-3.35065
-3.35034
-3.35019
-3.35004
-3.34928
-3.35033
-3.35109
-3.35034
-3.35079
-3.35125
-3.35004
-3.35049
-3.35095
-3.35155
-3.352
-3.35321
-3.35397
-3.35351
-3.35351
-3.35261
-3.35351
-3.35336
-3.35276
-3.35275
-3.35275
-3.35305
-3.35335
-3.3538
-3.35335
-3.35245
-3.35305
-3.35366
-3.35457
-3.35427
-3.35517
-3.35547
-3.35593
-3.35532
-3.35547
-3.35502
-3.35532
-3.35532
-3.35547
-3.35562
-3.35487
-3.35457
-3.35441
-3.35517
-3.35456
-3.35411
-3.35487
-3.35532
-3.35502
-3.35396
-3.35336
-3.35381
-3.3529
-3.35215
-3.35305
-3.35321
-3.35517
-3.35472
-3.35518
-3.35518
-3.35427
-3.35442
-3.35305
-3.3523
-3.35093
-3.35093
-3.35169
-3.35094
-3.35124
-3.35124
-3.352
-3.35139
-3.35245
-3.3529
-3.3526
-3.35185
-3.35094
-3.35003
-3.35018
-3.35139
-3.35109
-3.35124
-3.3517
-3.352
-3.3523
-3.3532
-3.3532
-3.35305
-3.35335
-3.3526
-3.3532
-3.35245
-3.35245
-3.35199
-3.35215
-3.35184
-3.35215
-3.3526
-3.3523
-3.35184
-3.35214
-3.35184
-3.35274
-3.35214
-3.35245
-3.3517
-3.35155
-3.3517
-3.352
-3.35321
-3.3526
-3.3529
-3.3535
-3.35365
-3.35335
-3.3526
-3.35366
-3.35305
-3.3523
-3.35305
-3.3532
-3.3529
-3.35426
-3.35502
-3.35562
-3.35547
-3.35593
-3.35578
-3.35623
-3.35638
-3.35668
-3.35577
-3.35547
-3.35472
-3.35427
-3.35427
-3.35397
-3.35382
-3.35457
-3.35547
-3.35578
-3.35547
-3.35563
-3.35608
-3.35457
-3.35441
-3.35487
-3.35502
-3.35487
-3.35517
-3.35502
-3.35487
-3.35457
-3.35502
-3.35623
-3.35623
-3.35532
-3.35502
-3.35411
-3.35487
-3.35517
-3.35487
-3.35547
-3.35593
-3.35623
-3.35517
-3.35457
-3.35532
-3.35487
-3.35532
-3.35502
-3.35562
-3.35547
-3.35592
-3.35607
-3.35607
-3.35577
-3.35637
-3.35622
-3.35637
-3.35683
-3.35638
-3.35668
-3.35683
-3.35683
-3.35547
-3.35426
-3.35502
-3.35547
-3.35578
-3.35608
-3.35502
-3.35592
-3.35623
-3.35532
-3.35366
-3.35396
-3.35366
-3.35396
-3.35427
-3.35336
-3.3517
-3.35245
-3.35305
-3.35411
-3.35426
-3.35396
-3.35336
-3.35396
-3.35336
-3.35351
-3.35381
-3.35351
-3.35366
-3.35381
-3.35321
-3.35337
-3.35367
-3.35488
-3.35563
-3.35563
-3.35578
-3.35623
-3.35638
-3.35638
-3.35638
-3.35532
-3.35472
-3.35457
-3.35412
-3.35337
-3.35306
-3.35231
-3.35336
-3.35442
-3.35442
-3.35306
-3.35276
-3.35276
-3.35321
-3.35351
-3.35305
-3.35109
-3.35154
-3.352
-3.35291
-3.35321
-3.35351
-3.35321
-3.35231
-3.35276
-3.35412
-3.35442
-3.35351
-3.35397
-3.35427
-3.35397
-3.35413
-3.35352
-3.35352
-3.35458
-3.35382
-3.35427
-3.35381
-3.3538
-3.3541
-3.3538
-3.35351
-3.35307
-3.35398
-3.35458
-3.35443
-3.35307
-3.35306
-3.352
-3.352
-3.3523
-3.35185
-3.35109
-3.35124
-3.35064
-3.35079
-3.35064
-3.35049
-3.34958
-3.34973
-3.34913
-3.34868
-3.34852
-3.34837
-3.34913
-3.34943
-3.34973
-3.34973
-3.34928
-3.35049
-3.35049
-3.34974
-3.34898
-3.34943
-3.34913
-3.34958
-3.34928
-3.35064
-3.35018
-3.35109
-3.35154
-3.3523
-3.35245
-3.35321
-3.35381
-3.35336
-3.35351
-3.3523
-3.35185
-3.35124
-3.35064
-3.35064
-3.35019
-3.35049
-3.34988
-3.34973
-3.34973
-3.34958
-3.35003
-3.35064
-3.34989
-3.35034
-3.35034
-3.3508
-3.35246
-3.35215
-3.35215
-3.3517
-3.35049
-3.35094
-3.35124
-3.35049
-3.35019
-3.3517
-3.35215
-3.3511
-3.35216
-3.35185
-3.352
-3.35185
-3.3523
-3.35291
-3.35245
-3.35336
-3.35411
-3.35472
-3.35502
-3.35457
-3.35488
-3.35428
-3.35503
-3.35624
-3.35593
-3.35548
-3.35547
-3.35381
-3.35275
-3.35275
-3.352
-3.35125
-3.35246
-3.352
-3.35246
-3.35261
-3.35306
-3.35291
-3.35216
-3.35231
-3.35201
-3.3514
-3.35019
-3.35034
-3.35125
-3.3523
-3.35336
-3.35336
-3.352
-3.35261
-3.35231
-3.3514
-3.3511
-3.35156
-3.3514
-3.35125
-3.35095
-3.35125
-3.352
-3.3514
-3.35171
-3.35186
-3.3511
-3.35035
-3.3502
-3.35141
-3.35125
-3.35171
-3.35155
-3.35095
-3.34944
-3.35079
-3.35139
-3.35215
-3.35154
-3.35139
-3.3514
-3.35125
-3.3505
-3.34975
-3.3502
-3.34975
-3.35005
-3.3508
-3.35095
-3.35185
-3.35185
-3.35185
-3.35185
-3.35246
-3.35201
-3.35246
-3.35125
-3.35231
-3.35171
-3.35125
-3.35065
-3.34989
-3.35049
-3.35034
-3.35125
-3.35064
-3.352
-3.35185
-3.35336
-3.35382
-3.35351
-3.35351
-3.35351
-3.35352
-3.35412
-3.35397
-3.35412
-3.35488
-3.35458
-3.35367
-3.35367
-3.35291
-3.3517
-3.35124
-3.35064
-3.35019
-3.35019
-3.34974
-3.34959
-3.35034
-3.35034
-3.35049
-3.3517
-3.35155
-3.35125
-3.3514
-3.35125
-3.3517
-3.35155
-3.35186
-3.3511
-3.3508
-3.35261
-3.35337
-3.35337
-3.35292
-3.35216
-3.35292
-3.35367
-3.35473
-3.35518
-3.35608
-3.35563
-3.35503
-3.35488
-3.35413
-3.35534
-3.35413
-3.35383
-3.35503
-3.35503
-3.35428
-3.35398
-3.35428
-3.35368
-3.35368
-3.35292
-3.35352
-3.35366
-3.35518
-3.35548
-3.35579
-3.35624
-3.35564
-3.35609
-3.35654
-3.35699
-3.3576
-3.35714
-3.35684
-3.35639
-3.35624
-3.35548
-3.35457
-3.35563
-3.35578
-3.35563
-3.35623
-3.35563
-3.35533
-3.35593
-3.35473
-3.35518
-3.35428
-3.35473
-3.35503
-3.35458
-3.35443
-3.35397
-3.35518
-3.35548
-3.35624
-3.35548
-3.35548
-3.35457
-3.35441
-3.35442
-3.35457
-3.35382
-3.35292
-3.35262
-3.35337
-3.35322
-3.35458
-3.35473
-3.35382
-3.35443
-3.35473
-3.35412
-3.35321
-3.35276
-3.35276
-3.3523
-3.3517
-3.35155
-3.35064
-3.35034
-3.3508
-3.35095
-3.3505
-3.3502
-3.35095
-3.3511
-3.3508
-3.35095
-3.35095
-3.3508
-3.3508
-3.3514
-3.35231
-3.35276
-3.35231
-3.3517
-3.3517
-3.352
-3.352
-3.3511
-3.35065
-3.34989
-3.34974
-3.35019
-3.3511
-3.35004
-3.35065
-3.34989
-3.34883
-3.34899
-3.34823
-3.34748
-3.34702
-3.34702
-3.34717
-3.34777
-3.34853
-3.34823
-3.34838
-3.34792
-3.34762
-3.34747
-3.34808
-3.34793
-3.34854
-3.34884
-3.34989
-3.35004
-3.35095
-3.35125
-3.35095
-3.3514
-3.35231
-3.35231
-3.35231
-3.35306
-3.35442
-3.35367
-3.35337
-3.35292
-3.35292
-3.35292
-3.35246
-3.35246
-3.35155
-3.35231
-3.35216
-3.35171
-3.35186
-3.3508
-3.3508
-3.35125
-3.35141
-3.35035
-3.3505
-3.3505
-3.34974
-3.34929
-3.34929
-3.34869
-3.34869
-3.34869
-3.34929
-3.3505
-3.35095
-3.35111
-3.35065
-3.35126
-3.35141
-3.35201
-3.35171
-3.35141
-3.35126
-3.35171
-3.3508
-3.3502
-3.3496
-3.35035
-3.34944
-3.34959
-3.34929
-3.34853
-3.34899
-3.34944
-3.34869
-3.34839
-3.34854
-3.34899
-3.3496
-3.34914
-3.3502
-3.35126
-3.35035
-3.3502
-3.3499
-3.3499
-3.35035
-3.34975
-3.35096
-3.35096
-3.35186
-3.35277
-3.35232
-3.35262
-3.35277
-3.35216
-3.35247
-3.35246
-3.3517
-3.35261
-3.35337
-3.35276
-3.35398
-3.35413
-3.35429
-3.35383
-3.35428
-3.35337
-3.35292
-3.35231
-3.35291
-3.35246
-3.352
-3.35155
-3.35322
-3.35276
-3.35292
-3.35201
-3.35216
-3.35201
-3.35155
-3.35155
-3.3511
-3.35186
-3.35186
-3.35201
-3.35261
-3.35291
-3.35231
-3.35216
-3.35186
-3.35261
-3.35307
-3.35216
-3.35231
-3.35292
-3.35247
-3.35262
-3.35232
-3.35262
-3.35262
-3.35277
-3.35397
-3.35352
-3.35277
-3.35217
-3.35187
-3.35292
-3.35202
-3.35156
-3.35231
-3.35215
-3.35276
-3.35245
-3.35412
-3.35413
-3.35428
-3.35398
-3.35398
-3.35444
-3.35459
-3.35519
-3.35565
-3.35564
-3.35609
-3.35745
-3.35654
-3.35684
-3.357
-3.3576
-3.35821
-3.35745
-3.35836
-3.35836
-3.35806
-3.35866
-3.35806
-3.3576
-3.35715
-3.357
-3.35715
-3.35745
-3.35761
-3.35746
-3.3573
-3.3567
-3.3573
-3.35684
-3.35669
-3.357
-3.357
-3.35564
-3.3558
-3.35564
-3.35579
-3.35518
-3.35503
-3.35609
-3.35594
-3.35473
-3.35443
-3.35458
-3.35398
-3.35368
-3.35383
-3.35383
-3.35368
-3.35383
-3.35201
-3.35247
-3.35322
-3.35247
-3.35202
-3.35081
-3.35081
-3.35096
-3.35141
-3.35216
-3.35231
-3.35201
-3.35186
-3.35156
-3.35126
-3.35066
-3.35051
-3.35035
-3.3499
-3.35051
-3.35081
-3.35202
-3.35111
-3.35081
-3.35066
-3.34945
-3.34915
-3.3493
-3.34975
-3.3499
-3.35035
-3.3502
-3.35065
-3.35005
-3.35005
-3.35021
-3.35081
-3.35066
-3.35036
-3.35082
-3.35021
-3.34961
-3.34855
-3.34884
-3.34839
-3.34823
-3.34839
-3.34854
-3.34793
-3.34763
-3.34764
-3.34779
-3.34794
-3.3481
-3.34946
-3.349
-3.34885
-3.34976
-3.34945
-3.34975
-3.3499
-3.35005
-3.35066
-3.35111
-3.35066
-3.35051
-3.35172
-3.35172
-3.35142
-3.35202
-3.35218
-3.35233
-3.35323
-3.35278
-3.35232
-3.35111
-3.3499
-3.34869
-3.34808
-3.34778
-3.34809
-3.34839
-3.34794
-3.34764
-3.34689
-3.34658
-3.34658
-3.34658
-3.34748
-3.34809
-3.34854
-3.34809
-3.34809
-3.34899
-3.34975
-3.3499
-3.35005
-3.34991
-3.34976
-3.35006
-3.34961
-3.34976
-3.35081
-3.35126
-3.3505
-3.35111
-3.35096
-3.35156
-3.35096
-3.34975
-3.3496
-3.3502
-3.35111
-3.35035
-3.34975
-3.35065
-3.35096
-3.35186
-3.35111
-3.35035
-3.3499
-3.3502
-3.35111
-3.3502
-3.35081
-3.35035
-3.3508
-3.35247
-3.35126
-3.35126
-3.35096
-3.35156
-3.35187
-3.35262
-3.35292
-3.35322
-3.35217
-3.35262
-3.35156
-3.3511
-3.35095
-3.35141
-3.35126
-3.35111
-3.35126
-3.35096
-3.35096
-3.35171
-3.35247
-3.35187
-3.35172
-3.35217
-3.35096
-3.35202
-3.35217
-3.35217
-3.35232
-3.3502
-3.35035
-3.3505
-3.35171
-3.35126
-3.35171
-3.35217
-3.35217
-3.35186
-3.35247
-3.35201
-3.35216
-3.35035
-3.3502
-3.3508
-3.3508
-3.3505
-3.3505
-3.3502
-3.3496
-3.3505
-3.35035
-3.35202
-3.35202
-3.35247
-3.35217
-3.35202
-3.35277
-3.35202
-3.35217
-3.35126
-3.35035
-3.35081
-3.35066
-3.35066
-3.35172
-3.35142
-3.35066
-3.35111
-3.35126
-3.35126
-3.35035
-3.35065
-3.3502
-3.3502
-3.3499
-3.35111
-3.35232
-3.35262
-3.35383
-3.35292
-3.35308
-3.35428
-3.35413
-3.35443
-3.35368
-3.35383
-3.35292
-3.35262
-3.35307
-3.35292
-3.35353
-3.35383
-3.35383
-3.35353
-3.35383
-3.35458
-3.35413
-3.35398
-3.35383
-3.35383
-3.35564
-3.3561
-3.35595
-3.35579
-3.35564
-3.35609
-3.35609
-3.35549
-3.35685
-3.3561
-3.35625
-3.3558
-3.3558
-3.3555
-3.35519
-3.35444
-3.35383
-3.35322
-3.35292
-3.35323
-3.35308
-3.35232
-3.35262
-3.35337
-3.35458
-3.35322
-3.35292
-3.35307
-3.35307
-3.35367
-3.35473
-3.35503
-3.35518
-3.35413
-3.35231
-3.35337
-3.35443
-3.35473
-3.35262
-3.35307
-3.35262
-3.35322
-3.35322
-3.35261
-3.35307
-3.35367
-3.35473
-3.35549
-3.35519
-3.35594
-3.3567
-3.3567
-3.35595
-3.35564
-3.35595
-3.35579
-3.35594
-3.35594
-3.35518
-3.35473
-3.35488
-3.35534
-3.35488
-3.35458
-3.35519
-3.35549
-3.35564
-3.35685
-3.35655
-3.35594
-3.35504
-3.35655
-3.35655
-3.35564
-3.3561
-3.35595
-3.35504
-3.35413
-3.35504
-3.35488
-3.35473
-3.35534
-3.35579
-3.35579
-3.35564
-3.35504
-3.35655
-3.35504
-3.35429
-3.35444
-3.35474
-3.35428
-3.35474
-3.35368
-3.35399
-3.35247
-3.35217
-3.35308
-3.35413
-3.35368
-3.35368
-3.35368
-3.35383
-3.35216
-3.35141
-3.35156
-3.35142
-3.35202
-3.35293
-3.35248
-3.35202
-3.35278
-3.35278
-3.35202
-3.35262
-3.35429
-3.35459
-3.35489
-3.35398
-3.35398
-3.35323
-3.35232
-3.35201
-3.35126
-3.35035
-3.3499
-3.35051
-3.35006
-3.34991
-3.35112
-3.35157
-3.35187
-3.35157
-3.35021
-3.35172
-3.35142
-3.35142
-3.35127
-3.35066
-3.35096
-3.35112
-3.35142
-3.35096
-3.35187
-3.35202
-3.35216
-3.35096
-3.35156
-3.35096
-3.35157
-3.35082
-3.35006
-3.35006
-3.35006
-3.34945
-3.349
-3.3487
-3.35036
-3.35081
-3.34945
-3.34991
-3.35081
-3.35066
-3.35081
-3.35277
-3.35307
-3.35262
-3.35352
-3.35383
-3.35428
-3.35413
-3.35368
-3.35248
-3.35323
-3.35384
-3.35354
-3.35399
-3.35384
-3.35474
-3.35534
-3.35504
-3.35579
-3.3567
-3.357
-3.3567
-3.35715
-3.35761
-3.35715
-3.3567
-3.35655
-3.35534
-3.35655
-3.35625
-3.35625
-3.35625
-3.3558
-3.35565
-3.35505
-3.35474
-3.3561
-3.3564
-3.3567
-3.35594
-3.35579
-3.35564
-3.35609
-3.35594
-3.35564
-3.35534
-3.3564
-3.35474
-3.35368
-3.35338
-3.35338
-3.35443
-3.35383
-3.35412
-3.35443
-3.35413
-3.35337
-3.35337
-3.35277
-3.35323
-3.35323
-3.35247
-3.35171
-3.35277
-3.35232
-3.35292
-3.35307
-3.35292
-3.35292
-3.35217
-3.35247
-3.35202
-3.35262
-3.35277
-3.35262
-3.35232
-3.35202
-3.35217
-3.35247
-3.35186
-3.35232
-3.35292
-3.35262
-3.35126
-3.35126
-3.35051
-3.34975
-3.35081
-3.35111
-3.3496
-3.3496
-3.3499
-3.3493
-3.34915
-3.34885
-3.34945
-3.34884
-3.34884
-3.3496
-3.35035
-3.35081
-3.35005
-3.34975
-3.3499
-3.35051
-3.35096
-3.35142
-3.35187
-3.35277
-3.35247
-3.35277
-3.35247
-3.35187
-3.35277
-3.35278
-3.35293
-3.35232
-3.35293
-3.35292
-3.35398
-3.35383
-3.35398
-3.35338
-3.35323
-3.35368
-3.35383
-3.35398
-3.35308
-3.35414
-3.35444
-3.35414
-3.35354
-3.35535
-3.3555
-3.35534
-3.35534
-3.35489
-3.35519
-3.35549
-3.35609
-3.35685
-3.3567
-3.3561
-3.35429
-3.35429
-3.35354
-3.35293
-3.35112
-3.35233
-3.35203
-3.35157
-3.35112
-3.35066
-3.34975
-3.35036
-3.35142
-3.35112
-3.35097
-3.34976
-3.34916
-3.34946
-3.34915
-3.34976
-3.3496
-3.3487
-3.349
-3.34976
-3.34961
-3.34961
-3.35037
-3.35052
-3.35036
-3.35006
-3.3499
-3.3499
-3.35066
-3.35036
-3.35021
-3.34931
-3.34946
-3.34931
-3.34916
-3.35021
-3.35036
-3.35127
-3.35203
-3.35263
-3.35203
-3.35157
-3.35172
-3.35172
-3.35263
-3.35278
-3.35277
-3.35232
-3.35247
-3.35293
-3.35308
-3.35248
-3.35248
-3.35278
-3.35233
-3.35354
-3.35384
-3.35323
-3.35248
-3.35172
-3.35218
-3.35218
-3.35233
-3.35369
-3.35353
-3.35399
-3.35459
-3.3558
-3.35655
-3.35535
-3.3555
-3.35504
-3.35459
-3.35414
-3.35384
-3.35278
-3.35339
-3.35324
-3.35293
-3.35263
-3.35263
-3.35247
-3.35187
-3.35126
-3.35081
-3.35096
-3.35081
-3.35126
-3.35066
-3.35096
-3.35051
-3.34991
-3.34975
-3.35036
-3.35021
-3.34975
-3.34945
-3.34975
-3.34975
-3.34975
-3.3499
-3.35021
-3.35021
-3.35006
-3.349
-3.34885
-3.35021
-3.3496
-3.35006
-3.35051
-3.35081
-3.35096
-3.35187
-3.35171
-3.35187
-3.35187
-3.35232
-3.35278
-3.35338
-3.35414
-3.35338
-3.35262
-3.35126
-3.35141
-3.35126
-3.35187
-3.35142
-3.35097
-3.35157
-3.35188
-3.35263
-3.35339
-3.35309
-3.35278
-3.35293
-3.35262
-3.35428
-3.35382
-3.35564
-3.35579
-3.35459
-3.35414
-3.35339
-3.35309
-3.35354
-3.35369
-3.35369
-3.35308
-3.35323
-3.35323
-3.35263
-3.35217
-3.35233
-3.35096
-3.35051
-3.35081
-3.35111
-3.35111
-3.35186
-3.35277
-3.35368
-3.35428
-3.35444
-3.35399
-3.35263
-3.35308
-3.35202
-3.35187
-3.35202
-3.35307
-3.35247
-3.35186
-3.35172
-3.35187
-3.35217
-3.35202
-3.35247
-3.35262
-3.35247
-3.35202
-3.35111
-3.35081
-3.35247
-3.35142
-3.35126
-3.34975
-3.35081
-3.35096
-3.3502
-3.3499
-3.3502
-3.35096
-3.35081
-3.35126
-3.35081
-3.35172
-3.35142
-3.35171
-3.35126
-3.35126
-3.35292
-3.35247
-3.35262
-3.35262
-3.35232
-3.35172
-3.35217
-3.35262
-3.35156
-3.35171
-3.35156
-3.35352
-3.35337
-3.35352
-3.35368
-3.35368
-3.35292
-3.35277
-3.35413
-3.35504
-3.35413
-3.35368
-3.35368
-3.35413
-3.35307
-3.35292
-3.35307
-3.35308
-3.35353
-3.35414
-3.35459
-3.35459
-3.35489
-3.35443
-3.35428
-3.35383
-3.35398
-3.35383
-3.35443
-3.35595
-3.35595
-3.35686
-3.35776
-3.3561
-3.3564
-3.35685
-3.35655
-3.35595
-3.3558
-3.3561
-3.35685
-3.3564
-3.3564
-3.35595
-3.35505
-3.3549
-3.35474
-3.35459
-3.35504
-3.35504
-3.35565
-3.35474
-3.35399
-3.35263
-3.35293
-3.35263
-3.35293
-3.35262
-3.35202
-3.35202
-3.35126
-3.3496
-3.34945
-3.34945
-3.34885
-3.3493
-3.3484
-3.34825
-3.35006
-3.35157
-3.35142
-3.35112
-3.35263
-3.35278
-3.35308
-3.35323
-3.35354
-3.35323
-3.35353
-3.35428
-3.35413
-3.35232
-3.35278
-3.35233
-3.35279
-3.35249
-3.35324
-3.35278
-3.35323
-3.35323
-3.35323
-3.35277
-3.35277
-3.35308
-3.35353
-3.35293
-3.35308
-3.35218
-3.35173
-3.35339
-3.35354
-3.35278
-3.35202
-3.35156
-3.35111
-3.35172
-3.35247
-3.35369
-3.35414
-3.35414
-3.35309
-3.35399
-3.35369
-3.35324
-3.35308
-3.35127
-3.35066
-3.35172
-3.35157
-3.35081
-3.35127
-3.35142
-3.35218
-3.35233
-3.35278
-3.35353
-3.35353
-3.35293
-3.35339
-3.35414
-3.35324
-3.35278
-3.35217
-3.35232
-3.35187
-3.35202
-3.35187
-3.35157
-3.35263
-3.35323
-3.35339
-3.35308
-3.35218
-3.35142
-3.35127
-3.35172
-3.35082
-3.35066
-3.35127
-3.35051
-3.35021
-3.34961
-3.35067
-3.35052
-3.35037
-3.35037
-3.35052
-3.34992
-3.35097
-3.35021
-3.35006
-3.34975
-3.35021
-3.34976
-3.34901
-3.34946
-3.34976
-3.34991
-3.35021
-3.35173
-3.35067
-3.35142
-3.35203
-3.35187
-3.35066
-3.35051
-3.35066
-3.35081
-3.35097
-3.35097
-3.34991
-3.35036
-3.35036
-3.34976
-3.3493
-3.34885
-3.34945
-3.3496
-3.35036
-3.35021
-3.35006
-3.35097
-3.35082
-3.35082
-3.35097
-3.35006
-3.35097
-3.35127
-3.35082
-3.35217
-3.35142
-3.35278
-3.35202
-3.35233
-3.35339
-3.354
-3.35415
-3.35399
-3.35429
-3.35429
-3.35323
-3.35232
-3.35308
-3.35293
-3.35248
-3.35157
-3.35112
-3.35052
-3.35067
-3.35143
-3.35173
-3.35097
-3.35127
-3.35172
-3.35172
-3.35051
-3.35157
-3.35127
-3.35082
-3.35067
-3.34976
-3.34916
-3.34946
-3.34976
-3.34915
-3.34945
-3.3496
-3.34991
-3.349
-3.34855
-3.34825
-3.34825
-3.34764
-3.34749
-3.3481
-3.3484
-3.3484
-3.34825
-3.3487
-3.3484
-3.3484
-3.34855
-3.34991
-3.34945
-3.34991
-3.35142
-3.35142
-3.35142
-3.35157
-3.35187
-3.35293
-3.35293
-3.35293
-3.35278
-3.35233
-3.35127
-3.35142
-3.34976
-3.35006
-3.35081
-3.35126
-3.35096
-3.35096
-3.35097
-3.35082
-3.35082
-3.35037
-3.34991
-3.34931
-3.34961
-3.35006
-3.35112
-3.35173
-3.35127
-3.35097
-3.35203
-3.35293
-3.35338
-3.35338
-3.35383
-3.35308
-3.35278
-3.35248
-3.35218
-3.35233
-3.35263
-3.35278
-3.35384
-3.35459
-3.35354
-3.35414
-3.35399
-3.35444
-3.35384
-3.35444
-3.35475
-3.35535
-3.35475
-3.3543
-3.35415
-3.35414
-3.35353
-3.35262
-3.35217
-3.35097
-3.35082
-3.35113
-3.35188
-3.35339
-3.35324
-3.35278
-3.35323
-3.35322
-3.35292
-3.35308
-3.35353
-3.35369
-3.35535
-3.35535
-3.35459
-3.35414
-3.35399
-3.35339
-3.35339
-3.35203
-3.35218
-3.35293
-3.35202
-3.35293
-3.35263
-3.35233
-3.35142
-3.35142
-3.35112
-3.35051
-3.35218
-3.35218
-3.35309
-3.35112
-3.35187
-3.35187
-3.35247
-3.35187
-3.35142
-3.35263
-3.35157
-3.35248
-3.35293
-3.35414
-3.35399
-3.35353
-3.35338
-3.35293
-3.35308
-3.35293
-3.35323
-3.35262
-3.35308
-3.35308
-3.35232
-3.35277
-3.35262
-3.35277
-3.35368
-3.35534
-3.35579
-3.35519
-3.35565
-3.35519
-3.35459
-3.35323
-3.35383
-3.35444
-3.35489
-3.35489
-3.35322
-3.35428
-3.35624
-3.35685
-3.35685
-3.3561
-3.35625
-3.35535
-3.35535
-3.35353
-3.35383
-3.35382
-3.35428
-3.35322
-3.35322
-3.35353
-3.35307
-3.35232
-3.35278
-3.35323
-3.35172
-3.35157
-3.35051
-3.34991
-3.34991
-3.3493
-3.34824
-3.34884
-3.34899
-3.34914
-3.34929
-3.3499
-3.3496
-3.35035
-3.35126
-3.35156
-3.35156
-3.35186
-3.35186
-3.35201
-3.35141
-3.35232
-3.35201
-3.35217
-3.35232
-3.35156
-3.35126
-3.35126
-3.35141
-3.35171
-3.35186
-3.3511
-3.35156
-3.35186
-3.35201
-3.35126
-3.35035
-3.35035
-3.3508
-3.35005
-3.34944
-3.35125
-3.34989
-3.34959
-3.34929
-3.34944
-3.3508
-3.3511
-3.3508
-3.3505
-3.3505
-3.34884
-3.34793
-3.34823
-3.34793
-3.34612
-3.34672
-3.34763
-3.34732
-3.34717
-3.34778
-3.34748
-3.34733
-3.34718
-3.34793
-3.34823
-3.34793
-3.34838
-3.34974
-3.35004
-3.3514
-3.35185
-3.3514
-3.35171
-3.35216
-3.35247
-3.35201
-3.35247
-3.35292
-3.35186
-3.35171
-3.35246
-3.35216
-3.352
-3.35261
-3.35261
-3.35276
-3.35322
-3.35261
-3.35186
-3.3514
-3.3511
-3.35231
-3.35201
-3.3511
-3.3511
-3.3505
-3.3505
-3.35005
-3.34974
-3.35004
-3.35004
-3.34989
-3.35064
-3.3508
-3.35034
-3.35035
-3.35125
-3.35065
-3.35065
-3.35171
-3.35141
-3.3511
-3.35095
-3.34898
-3.34944
-3.34913
-3.34929
-3.34959
-3.34959
-3.34914
-3.34869
-3.34808
-3.34824
-3.3493
-3.3493
-3.34854
-3.34823
-3.34838
-3.34898
-3.35065
-3.35186
-3.35337
-3.35322
-3.35503
-3.35397
-3.35322
-3.35503
-3.35397
-3.35337
-3.35291
-3.35292
-3.35383
-3.35428
-3.35428
-3.35413
-3.35458
-3.35443
-3.35488
-3.35564
-3.35489
-3.35429
-3.35398
-3.35368
-3.35397
-3.35412
-3.35382
-3.35382
-3.35307
-3.35307
-3.35368
-3.35398
-3.35368
-3.35428
-3.35413
-3.35382
-3.35397
-3.35261
-3.35261
-3.35367
-3.35397
-3.35428
-3.35428
-3.35443
-3.35458
-3.35473
-3.35504
-3.35549
-3.35474
-3.35383
-3.35292
-3.35367
-3.35322
-3.35292
-3.35322
-3.35443
-3.35413
-3.35458
-3.35367
-3.35352
-3.35277
-3.35247
-3.35232
-3.35278
-3.35323
-3.35368
-3.35307
-3.35292
-3.35261
-3.35231
-3.35276
-3.35261
-3.35231
-3.35247
-3.35383
-3.35428
-3.35564
-3.35489
-3.35489
-3.35428
-3.35398
-3.35383
-3.35322
-3.35322
-3.35261
-3.35246
-3.35246
-3.35292
-3.35292
-3.35307
-3.35186
-3.35186
-3.35156
-3.35111
-3.35247
-3.35292
-3.35307
-3.35382
-3.35337
-3.35201
-3.35201
-3.35141
-3.35247
-3.35247
-3.35171
-3.35125
-3.35125
-3.35186
-3.35201
-3.35171
-3.35156
-3.35246
-3.35276
-3.35412
-3.35397
-3.35322
-3.35367
-3.35397
-3.35427
-3.35382
-3.35307
-3.35262
-3.35247
-3.35277
-3.35307
-3.35383
-3.35458
-3.35534
-3.35579
-3.35594
-3.35685
-3.35594
-3.35474
-3.35549
-3.35519
-3.35504
-3.35473
-3.35549
-3.35534
-3.35504
-3.35458
-3.35413
-3.35444
-3.35489
-3.35413
-3.35474
-3.35473
-3.35473
-3.35473
-3.35428
-3.35383
-3.35323
-3.35398
-3.35398
-3.35337
-3.35397
-3.35428
-3.35488
-3.35504
-3.35444
-3.35444
-3.35368
-3.35444
-3.35474
-3.35428
-3.35368
-3.35368
-3.35443
-3.35443
-3.35413
-3.35428
-3.35534
-3.35595
-3.35474
-3.35458
-3.35443
-3.35488
-3.35488
-3.35428
-3.35443
-3.35459
-3.35444
-3.35429
