0.9
0.899136
0.896543
0.892166
0.885878
0.877486
0.866754
0.853398
0.837089
0.817495
0.794295
0.76727
0.736376
0.701829
0.66418
0.624382
0.583773
0.544017
0.506907
0.474125
0.447022
0.426397
0.412451
0.404847
0.40281
0.405301
0.411179
0.419287
0.428568
0.438124
0.447235
0.455396
0.462302
0.467844
0.472074
0.475157
0.477313
0.478758
0.479659
0.48009
0.480033
0.479387
0.477994
0.475689
0.472339
0.467896
0.462431
0.456145
0.449346
0.442406
0.43572
0.429658
0.424557
0.420675
0.418183
0.417169
0.417642
0.419515
0.422613
0.426663
0.431344
0.436277
0.441075
0.445394
0.448946
0.451566
0.453221
0.453991
0.454047
0.453604
0.452889
0.452093
0.4514
0.450971
0.450953
0.451469
0.452612
0.454393
0.456712
0.45939
0.462203
0.464958
0.467531
0.469895
0.472099
0.474221
0.47633
0.478461
0.480591
0.482651
0.484551
0.486193
0.487494
0.488358
0.488689
0.488394
0.487387
0.485635
0.483179
0.480152
0.476801
0.47346
0.470497
0.468273
0.46703
0.466859
0.467659
0.46916
0.471004
0.472814
0.474281
0.475232
0.475645
0.475617
0.475283
0.474718
0.473895
0.472667
0.47083
0.468167
0.464513
0.45982
0.454165
0.447757
0.440963
0.434265
0.428227
0.423406
0.420257
0.419029
0.419725
0.422112
0.425803
0.430348
0.435337
0.44044
0.445426
0.450131
0.45445
0.458332
0.461781
0.464845
0.467619
0.47021
0.472722
0.475211
0.477656
0.479966
0.482026
0.48374
0.485076
0.486088
0.486901
0.487637
0.488369
0.489091
0.489712
0.490083
0.490066
0.489579
0.488637
0.487351
0.485886
0.484447
0.483237
0.482422
0.482122
0.482407
0.483314
0.484828
0.486923
0.489534
0.492578
0.49594
0.499473
0.503005
0.506353
0.509371
0.511965
0.514131
0.515938
0.517516
0.518999
0.520511
0.522111
0.523784
0.525474
0.527095
0.528582
0.529893
0.530989
0.531799
0.532187
0.531978
0.531003
0.529138
0.52637
0.522799
0.518606
0.514034
0.509346
0.504772
0.5005
0.496653
0.493265
0.490312
0.487731
0.485461
0.483482
0.481823
0.480553
0.47975
0.479447
0.479581
0.47999
0.480435
0.480687
0.480601
0.480166
0.479475
0.478665
0.477794
0.476845
0.475757
0.474499
0.473126
0.471796
0.470756
0.470263
0.470569
0.47187
0.474267
0.477795
0.48242
0.488027
0.494434
0.501391
0.508638
0.515883
0.52286
0.529307
0.535009
0.539781
0.543476
0.545958
0.547101
0.546779
0.544882
0.541333
0.536078
0.529135
0.5206
0.51067
0.499657
0.488006
0.476269
0.465061
0.455007
0.44666
0.440446
0.43661
0.435202
0.436079
0.43894
0.443373
0.448896
0.455034
0.461372
0.467587
0.473458
0.478885
0.483867
0.488455
0.492753
0.496863
0.500873
0.50483
0.50874
0.512547
0.51616
0.519426
0.52219
0.524316
0.525681
0.52621
0.525882
0.524727
0.522834
0.52033
0.517353
0.514035
0.510451
0.506647
0.502626
0.498396
0.494023
0.48973
0.485918
0.483141
0.481945
0.482664
0.485282
0.489458
0.494638
0.500252
0.505829
0.511052
0.515736
0.519791
0.52324
0.52616
0.528648
0.530754
0.532481
0.533779
0.534531
0.534609
0.533904
0.532368
0.530034
0.527034
0.523595
0.520038
0.51675
0.514118
0.512495
0.512136
0.513144
0.515445
0.518823
0.522969
0.527498
0.532033
0.536256
0.539925
0.542882
0.545063
0.546463
0.547137
0.547164
0.546656
0.545715
0.544455
0.543007
0.541496
0.540009
0.538528
0.536896
0.534806
0.53186
0.527678
0.522002
0.514819
0.50646
0.497655
0.489448
0.482951
0.479008
0.477851
0.479033
0.481679
0.484847
0.487794
0.490088
0.491514
0.491992
0.49147
0.489889
0.487223
0.483508
0.478911
0.473724
0.468376
0.463413
0.459407
0.456889
0.456268
0.457752
0.461335
0.466798
0.473769
0.481781
0.490328
0.498921
0.507103
0.514471
0.520688
0.525487
0.528699
0.530267
0.530306
0.529105
0.527104
0.524779
0.52251
0.520436
0.518442
0.516264
0.513629
0.510331
0.50629
0.501546
0.496263
0.490685
0.485157
0.480103
0.476011
0.473363
0.472547
0.473764
0.476956
0.481816
0.48784
0.49444
0.501046
0.507157
0.512394
0.516489
0.519254
0.520578
0.520421
0.518794
0.515809
0.511699
0.506802
0.501531
0.496362
0.491741
0.487992
0.485319
0.483792
0.483403
0.484141
0.485987
0.488919
0.492847
0.497581
0.502824
0.508192
0.513267
0.517666
0.521092
0.523346
0.524362
0.52422
0.523116
0.521368
0.519377
0.517595
0.516446
0.516309
0.517447
0.519994
0.52393
0.529104
0.535259
0.542056
0.549105
0.556001
0.56235
0.567814
0.572115
0.57507
0.576619
0.576835
0.575927
0.574212
0.572076
0.569886
0.567938
0.566353
0.565053
0.563779
0.5622
0.560006
0.557055
0.553428
0.549407
0.545393
0.541788
0.53884
0.536576
0.534842
0.533398
0.532052
0.530758
0.529573
0.528597
0.527866
0.527281
0.526615
0.525572
0.523867
0.521311
0.517881
0.513705
0.509031
0.504165
0.49939
0.494911
