-4.95254
-4.93225
-4.91359
-4.90238
-4.90042
-4.90583
-4.91593
-4.92729
-4.93861
-4.95166
-4.96816
-4.98656
-5.00576
-5.02395
-5.03743
-5.0447
-5.04778
-5.0455
-5.03972
-5.03486
-5.02958
-5.02324
-5.0166
-5.00909
-4.99875
-4.98875
-4.98049
-4.97395
-4.96907
-4.9683
-4.96848
-4.96883
-4.97182
-4.97485
-4.97845
-4.9837
-4.99169
-5.00422
-5.02026
-5.03887
-5.05829
-5.07553
-5.09052
-5.10467
-5.11684
-5.12856
-5.13917
-5.14705
-5.14888
-5.14351
-5.13222
-5.1157
-5.09619
-5.07454
-5.05329
-5.03437
-5.01495
-4.99736
-4.98377
-4.97276
-4.96217
-4.94903
-4.93077
-4.90742
-4.88081
-4.85804
-4.8448
-4.84565
-4.86199
-4.89054
-4.92809
-4.9696
-5.00942
-5.04352
-5.06965
-5.08587
-5.09201
-5.09006
-5.08092
-5.06585
-5.04697
-5.02474
-5.00256
-4.98549
-4.97607
-4.97708
-4.99153
-5.01431
-5.04116
-5.06572
-5.08188
-5.08792
-5.08307
-5.06979
-5.05174
-5.03017
-5.01253
-4.99855
-4.99237
-4.99385
-5.00325
-5.02004
-5.04112
-5.05915
-5.0678
-5.06404
-5.048
-5.01996
-4.9819
-4.94096
-4.90133
-4.87223
-4.8577
-4.8582
-4.87447
-4.90219
-4.93691
-4.97393
-5.00769
-5.03314
-5.04919
-5.0573
-5.05721
-5.05293
-5.05052
-5.04786
-5.03908
-5.02105
-4.99246
-4.95978
-4.92835
-4.9062
-4.89714
-4.90033
-4.9124
-4.93011
-4.94913
-4.96694
-4.98118
-4.99394
-5.00346
-5.00975
-5.01005
-5.00435
-4.99305
-4.97699
-4.95642
-4.93554
-4.91714
-4.90274
-4.89533
-4.89624
-4.90409
-4.91831
-4.93568
-4.95469
-4.97166
-4.98601
-4.99729
-5.00551
-5.0097
-5.00995
-5.00999
-5.00948
-5.00808
-5.00887
-5.0095
-5.01212
-5.01385
-5.01819
-5.02428
-5.03093
-5.03735
-5.04443
-5.04748
-5.04606
-5.04016
-5.02749
-5.01348
-4.9982
-4.98535
-4.97726
-4.97076
-4.96772
-4.96375
-4.95911
-4.95688
-4.95823
-4.964
-4.97385
-4.98532
-4.99568
-5.00458
-5.00894
-5.01016
-5.00636
-4.99611
-4.98389
-4.96757
-4.94937
-4.92791
-4.90475
-4.87934
-4.85185
-4.82698
-4.81076
-4.80887
-4.82173
-4.84354
-4.86623
-4.88672
-4.90197
-4.9126
-4.92206
-4.93142
-4.94388
-4.95824
-4.97403
-4.98992
-5.00423
-5.0152
-5.02525
-5.03144
-5.03588
-5.03874
-5.03856
-5.0355
-5.03418
-5.03584
-5.04313
-5.05635
-5.0736
-5.09179
-5.10739
-5.11963
-5.12695
-5.12841
-5.12506
-5.11788
-5.10882
-5.09622
-5.08168
-5.0659
-5.05345
-5.04811
-5.05105
-5.05999
-5.07091
-5.08174
-5.08788
-5.08859
-5.08536
-5.07812
-5.06894
-5.05842
-5.04513
-5.03118
-5.01705
-5.0026
-4.98896
-4.97548
-4.95977
-4.94303
-4.92729
-4.91749
-4.91694
-4.92508
-4.94216
-4.96494
-4.98979
-5.01159
-5.03124
-5.04466
-5.05263
-5.05444
-5.05407
-5.05207
-5.04816
-5.04724
-5.04683
-5.04913
-5.05233
-5.05403
-5.05296
-5.04913
-5.04559
-5.04444
-5.04707
-5.05157
-5.05598
-5.0588
-5.06122
-5.06397
-5.06745
-5.07366
-5.08393
-5.09743
-5.1136
-5.12766
-5.13766
-5.13813
-5.12801
-5.10746
-5.08002
-5.05026
-5.02168
-5.0059
-5.00168
-5.00828
-5.01994
-5.02949
-5.03195
-5.02703
-5.01705
-5.00705
-4.99989
-5.00055
-5.01105
-5.02965
-5.05511
-5.08157
-5.10542
-5.12086
-5.12514
-5.1151
-5.08992
-5.05269
-5.00752
-4.96119
-4.92152
-4.89371
-4.87852
-4.87517
-4.87962
-4.88596
-4.89144
-4.89554
-4.89777
-4.8982
-4.89727
-4.89706
-4.89864
-4.90053
-4.90166
-4.90011
-4.89675
-4.89602
-4.90228
-4.92043
-4.94352
-4.96393
-4.9761
-4.98068
-4.97735
-4.96792
-4.95809
-4.94787
-4.94132
-4.94122
-4.94521
-4.95122
-4.95927
-4.96821
-4.97558
-4.98264
-4.98954
-4.99574
-4.99971
-5.00065
-4.99534
-4.98319
-4.96391
-4.94061
-4.91887
-4.90268
-4.89825
-4.90395
-4.92004
-4.94421
-4.97126
-4.99458
-5.01397
-5.02794
-5.03683
-5.04175
-5.04337
-5.04173
-5.03688
-5.02957
-5.02008
-5.00773
-4.99459
-4.98246
-4.97268
-4.96642
-4.96761
-4.97452
-4.98869
-5.00965
-5.03288
-5.05668
-5.07795
-5.0924
-5.09952
-5.09541
-5.08274
-5.06119
-5.03112
-4.99567
-4.95662
-4.91481
-4.87491
-4.83729
-4.80869
-4.79289
-4.79393
-4.81278
-4.84297
-4.87856
-4.91266
-4.93925
-4.95638
-4.95944
-4.953
-4.939
-4.92261
-4.9085
-4.90153
-4.90419
-4.91602
-4.93447
-4.95338
-4.96851
-4.97704
-4.98022
-4.98033
-4.98135
-4.98671
-4.99573
-5.01039
-5.02431
-5.03822
-5.04432
-5.04303
-5.02953
-5.01117
-4.99071
-4.96967
-4.95482
-4.9453
-4.94565
-4.9535
-4.96731
-4.9864
-5.00902
-5.03414
-5.05915
-5.0862
-5.11312
-5.13666
-5.15684
-5.17133
-5.18155
-5.18167
-5.1716
-5.15175
-5.1199
-5.08072
-5.03613
-4.99058
-4.94492
-4.9062
-4.87714
-4.86109
-4.85956
-4.87247
-4.89525
-4.92438
-4.95565
-4.98977
-5.02233
-5.052
-5.07854
-5.10123
-5.11633
-5.12462
-5.12615
-5.12194
-5.11584
-5.10652
-5.09746
-5.09254
-5.08858
-5.08799
-5.08963
-5.09013
-5.08704
-5.0799
-5.0676
-5.05192
-5.03399
-5.01899
-5.00937
-5.00715
-5.01227
-5.02094
-5.03021
-5.03302
-5.02762
-5.01439
-4.9928
-4.96476
-4.93171
-4.89665
-4.8636
-4.83661
-4.82049
-4.81539
-4.82457
-4.84749
-4.87968
-4.9166
-4.95144
-4.98016
-5.002
-5.01708
-5.03104
-5.04318
-5.05637
-5.06704
-5.077
-5.08297
-5.08655
-5.0875
-5.08762
-5.08994
-5.0945
-5.10257
-5.1123
-5.12321
-5.13394
-5.1432
-5.15017
-5.15701
-5.16769
-5.18167
-5.19691
-5.21125
-5.21921
-5.21987
-5.21325
-5.19631
-5.1705
-5.13892
-5.10765
-5.07912
-5.05647
-5.03956
-5.02727
-5.01748
-5.00946
-4.99678
-4.97971
-4.95721
-4.9332
-4.9098
-4.88967
-4.87839
-4.87924
-4.89437
-4.92208
-4.9565
-4.99173
-5.02408
-5.04912
-5.06482
-5.06763
-5.0628
-5.05259
-5.03854
-5.02356
-5.00694
-4.99019
-4.97059
-4.94936
-4.92814
-4.91027
-4.89841
-4.8947
-4.89614
-4.89993
-4.90047
-4.89564
-4.88471
-4.87154
-4.85864
-4.85146
-4.85177
-4.85844
-4.87078
-4.88715
-4.9062
-4.92219
-4.9339
-4.94062
-4.94238
-4.94098
-4.93754
-4.93462
-4.93155
-4.93145
-4.93371
-4.93896
-4.94623
-4.95435
-4.96127
-4.9647
-4.96363
-4.96132
-4.95932
-4.96156
-4.96715
-4.97851
-4.99072
-4.99926
-5.00176
-4.99753
-4.9829
-4.96165
-4.93763
-4.91418
-4.89564
-4.88059
-4.87166
-4.86682
-4.86745
-4.86831
-4.87092
-4.87877
-4.89224
-4.9126
-4.93581
-4.95834
-4.97665
-4.98786
-4.98924
-4.98231
-4.96659
-4.94899
-4.93134
-4.91821
-4.9129
-4.91484
-4.92261
-4.93433
-4.94661
-4.95928
-4.97043
-4.9821
-4.99022
-4.99764
-4.9979
-4.99231
-4.97926
-4.95962
-4.9357
-4.90832
-4.88006
-4.84981
-4.8223
-4.79801
-4.78084
-4.77126
-4.76895
-4.77633
-4.79313
-4.81917
-4.85307
-4.89362
-4.93935
-4.98598
-5.02835
-5.06482
-5.09256
-5.10983
-5.11491
-5.11168
-5.10196
-5.09099
-5.08228
-5.07659
-5.07415
-5.07058
-5.06547
-5.05677
-5.04698
-5.0412
-5.03934
-5.04419
-5.05556
-5.07155
-5.08727
-5.09967
-5.10701
-5.11088
-5.11039
-5.10586
-5.09969
-5.09179
-5.08391
-5.07628
-5.06708
-5.05521
-5.03971
-5.02018
-4.99852
-4.97882
-4.96623
-4.96185
-4.9624
-4.96561
-4.96717
-4.96567
-4.96091
-4.95233
-4.94145
-4.93132
-4.92743
-4.92834
-4.93109
-4.93727
-4.94344
-4.95043
-4.95799
-4.96726
-4.978
-4.99125
-5.00407
-5.01446
-5.024
-5.02845
-5.02877
-5.02367
-5.01581
-5.00753
-4.9993
-4.9945
-4.99308
-4.99555
-5.00741
-5.02716
-5.0509
-5.07334
-5.08436
-5.08484
-5.07672
-5.06312
-5.04581
-5.02927
-5.01271
-4.99684
-4.98459
-4.97654
-4.97321
-4.9774
-4.98545
-4.99998
-5.01542
-5.02823
-5.03509
-5.03303
-5.02185
-5.00145
-4.97498
-4.94713
-4.92499
-4.91099
-4.90857
-4.91488
-4.92964
-4.94924
-4.97011
-4.98961
-5.00922
-5.02653
-5.04052
-5.04814
-5.04863
-5.04308
-5.03062
-5.01087
-4.98753
-4.96447
-4.94367
-4.92774
-4.9193
-4.91798
-4.92126
-4.92685
-4.93079
-4.93125
-4.9267
-4.91296
-4.89547
-4.87284
-4.84564
-4.82126
-4.80226
-4.79528
-4.80404
-4.82325
-4.85098
-4.88194
-4.91156
-4.93521
-4.95241
-4.96212
-4.9635
-4.95826
-4.94921
-4.94106
-4.93519
-4.93344
-4.93869
-4.94843
-4.96342
-4.98061
-4.99646
-5.00848
-5.01337
-5.01035
-5.0005
-4.9822
-4.95896
-4.9324
-4.90572
-4.88228
-4.86477
-4.85493
-4.85334
-4.85992
-4.87505
-4.89286
-4.91323
-4.93478
-4.95717
-4.97825
-4.99721
-5.01415
-5.02749
-5.03642
-5.0424
-5.04413
-5.04401
-5.04113
-5.03572
-5.02863
-5.01921
-5.00813
-4.99386
-4.97819
-4.96395
-4.95387
-4.94983
-4.95369
-4.96304
-4.97398
-4.98404
-4.99
-4.98948
-4.98441
-4.9784
-4.97503
-4.97542
-4.97995
-4.98823
-5
-5.01475
-5.02911
-5.04117
-5.05049
-5.05655
-5.05957
-5.06061
-5.06187
-5.06567
-5.06965
-5.07714
-5.08634
-5.09619
-5.10293
-5.10334
-5.09758
-5.08723
-5.07189
-5.05183
-5.03075
-5.00909
-4.99125
-4.97886
-4.97592
-4.98448
-5.00242
-5.02918
-5.05847
-5.08811
-5.11536
-5.13843
-5.15493
-5.16728
-5.17429
-5.17661
-5.17675
-5.17391
-5.1711
-5.16298
-5.15018
-5.13111
-5.10516
-5.07561
-5.04387
-5.01354
-4.98993
-4.97309
-4.96271
-4.95848
-4.95786
-4.95987
-4.96426
-4.97228
-4.98355
-4.99812
-5.01652
-5.03795
-5.06142
-5.08314
-5.10195
-5.11394
-5.12161
-5.12505
-5.12538
-5.12264
-5.11501
-5.10379
-5.08826
-5.06963
-5.05047
-5.03095
-5.01492
-5.00367
-4.99593
-4.98916
-4.98388
-4.97712
-4.96727
-4.95613
-4.94155
-4.92695
-4.91121
-4.89396
-4.87985
-4.86944
-4.86475
-4.86475
-4.87596
-4.89603
-4.92433
-4.95932
-4.99636
-5.02717
-5.04929
-5.06065
-5.05996
-5.0502
-5.03386
-5.01578
-4.99905
-4.9868
-4.98229
-4.98545
-4.99248
-4.99904
-5.00781
-5.01629
-5.02435
-5.02881
-5.03092
-5.03202
-5.03078
-5.03124
-5.02817
-5.02226
-5.00973
-4.99172
-4.96961
-4.94847
-4.92965
-4.91169
-4.89741
-4.89007
-4.89121
-4.90011
-4.91503
-4.93177
-4.94497
-4.95301
-4.95707
-4.95838
-4.96249
-4.97437
-4.99619
-5.02753
-5.06427
-5.09864
-5.12536
-5.13818
-5.13424
-5.11314
-5.08084
-5.04177
-5.00663
-4.98381
-4.97636
-4.98451
-5.00383
-5.02745
-5.05146
-5.07117
-5.08195
-5.08416
-5.07799
-5.06492
-5.0465
-5.02764
-5.01034
-4.99482
-4.98155
-4.97146
-4.96211
-4.95672
-4.95428
-4.95465
-4.95716
-4.95901
-4.95845
-4.9539
-4.94735
-4.93797
-4.92794
-4.92079
-4.91837
-4.91841
-4.92082
-4.92203
-4.92163
-4.91661
-4.91389
-4.9143
-4.92211
-4.93421
-4.94649
-4.95498
-4.95834
-4.96464
-4.97405
-4.98396
-4.99448
-5.00389
-5.01426
-5.02347
-5.03066
-5.03149
-5.02882
-5.02296
-5.01714
-5.01716
-5.02523
-5.03706
-5.05051
-5.05798
-5.05635
-5.04197
-5.01573
-4.98396
-4.95809
-4.94225
-4.94427
-4.95728
-4.978
-4.99971
-5.02168
-5.04059
-5.05714
-5.06906
-5.07961
-5.08919
-5.09861
-5.105
-5.11213
-5.1154
-5.11308
-5.10543
-5.09422
-5.07924
-5.06136
-5.04376
-5.02633
-5.01394
-5.00638
-5.00219
-5.00121
-5.00334
-5.00617
-5.00693
-5.00545
-5.00129
-4.99233
-4.98132
-4.97102
-4.9614
-4.95638
-4.95693
-4.96255
-4.97314
-4.987
-5.00157
-5.01611
-5.02974
-5.03994
-5.04719
-5.04986
-5.05275
-5.05673
-5.06319
-5.07132
-5.07998
-5.08656
-5.08913
-5.08466
-5.07354
-5.05353
-5.02689
-4.99736
-4.96881
-4.94369
-4.92372
-4.90878
-4.90062
-4.89808
-4.90076
-4.90822
-4.91546
-4.92315
-4.9282
-4.93142
-4.93321
-4.9362
-4.94361
-4.95413
-4.96772
-4.9834
-4.99542
-5.00189
-5.00141
-4.99524
-4.98465
-4.97136
-4.95775
-4.94394
-4.93021
-4.91438
-4.89777
-4.88084
-4.86462
-4.85188
-4.8434
-4.8429
-4.85034
-4.86527
-4.88793
-4.91722
-4.94939
-4.98235
-5.01332
-5.03961
-5.05926
-5.07409
-5.08468
-5.09126
-5.0938
-5.09331
-5.08735
-5.07769
-5.06362
-5.04555
-5.02123
-4.99336
-4.96414
-4.93516
-4.90903
-4.89252
-4.89124
-4.9088
-4.94425
-4.99185
-5.04287
-5.09014
-5.1283
-5.15599
-5.17128
-5.17588
-5.17187
-5.16353
-5.15328
-5.14274
-5.13414
-5.12697
-5.11755
-5.10407
-5.08748
-5.06681
-5.04532
-5.02529
-5.01035
-5.00243
-5.00122
-5.00504
-5.00954
-5.01274
-5.01705
-5.02156
-5.02751
-5.03744
-5.04937
-5.05921
-5.06729
-5.07075
-5.07214
-5.07262
-5.07454
-5.07769
-5.08141
-5.08622
-5.08788
-5.0839
-5.0719
-5.05325
-5.02909
-5.00243
-4.97461
-4.94947
-4.93191
-4.9181
-4.91251
-4.91212
-4.9179
-4.92949
-4.94316
-4.95884
-4.97617
-4.99319
-5.00512
-5.01295
-5.01543
-5.01699
-5.01664
-5.01598
-5.01282
-5.00559
-4.99792
-4.98854
-4.97925
-4.97225
-4.96743
-4.9662
-4.96444
-4.96427
-4.96402
-4.96506
-4.96748
-4.97213
-4.98027
-4.99262
-5.00863
-5.02678
-5.04533
-5.06169
-5.07644
-5.08756
-5.09551
-5.10083
-5.10601
-5.11167
-5.11766
-5.12251
-5.12363
-5.12302
-5.11903
-5.11192
-5.09915
-5.08264
-5.05991
-5.02953
-4.99602
-4.96342
-4.94001
-4.92871
-4.92903
-4.93622
-4.94335
-4.94432
-4.94093
-4.93359
-4.92542
-4.91953
-4.91629
-4.91585
-4.91886
-4.9235
-4.92746
-4.92958
-4.92809
-4.92172
-4.90849
-4.89006
-4.87043
-4.85444
-4.84366
-4.84174
-4.84857
-4.86083
-4.87911
-4.90118
-4.92329
-4.94509
-4.96736
-4.98812
-5.00906
-5.02639
-5.04141
-5.05223
-5.05978
-5.06304
-5.06365
-5.06116
-5.05596
-5.04493
-5.03199
-5.02114
-5.01958
-5.03251
-5.05755
-5.0895
-5.11888
-5.13879
-5.14596
-5.14227
-5.12869
-5.11063
-5.09026
-5.07158
-5.05713
-5.0483
-5.04546
-5.0482
-5.05529
-5.06566
-5.07886
-5.09322
-5.111
-5.13067
-5.15112
-5.17101
-5.18672
-5.19694
-5.19855
-5.19057
-5.17601
-5.15702
-5.13636
-5.11856
-5.10397
-5.09108
-5.07835
-5.06658
-5.05419
-5.04489
-5.0368
-5.02958
-5.02394
-5.01824
-5.01189
-5.00191
-4.98703
-4.96642
-4.9421
-4.91612
-4.89289
-4.87538
-4.86541
-4.86266
-4.86476
-4.87171
-4.88324
-4.89796
-4.91462
-4.93334
-4.95428
-4.9785
-5.00612
-5.03481
-5.06243
-5.08607
-5.10431
-5.1124
-5.11471
-5.10846
-5.09434
-5.07205
-5.04542
-5.01471
-4.98208
-4.95305
-4.9334
-4.92736
-4.93683
-4.95817
-4.98634
-5.01298
-5.03539
-5.05353
-5.06524
-5.07082
-5.07374
-5.07142
-5.06484
-5.05354
-5.0387
-5.02007
-5.00106
-4.98776
-4.98238
-4.98438
-4.99248
-5.00027
-5.00534
-5.00537
-5.00192
-4.99406
-4.98265
-4.96965
-4.95083
-4.92949
-4.90495
-4.87924
-4.8546
-4.83333
-4.81923
-4.81526
-4.8224
-4.83886
-4.86107
-4.89003
-4.9173
-4.9416
-4.96
-4.96797
-4.96772
-4.96032
-4.94769
-4.93405
-4.92282
-4.91674
-4.91538
-4.92156
-4.93587
-4.95764
-4.98504
-5.01616
-5.04513
-5.07006
-5.08711
-5.09917
-5.10719
-5.11221
-5.11509
-5.11891
-5.12428
-5.12796
-5.13092
-5.129
-5.12172
-5.10977
-5.09716
-5.08438
-5.07584
-5.07603
-5.08534
-5.10182
-5.12455
-5.14865
-5.17083
-5.18673
-5.1966
-5.19963
-5.19446
-5.1851
-5.17356
-5.16004
-5.14884
-5.13819
-5.12641
-5.11382
-5.10174
-5.0927
-5.09002
-5.09714
-5.11266
-5.13873
-5.1719
-5.20522
-5.23318
-5.25069
-5.25567
-5.24839
-5.22805
-5.19742
-5.15971
-5.11658
-5.07312
-5.03573
-5.00823
-4.99119
-4.98372
-4.98387
-4.98654
-4.98923
-4.99287
-4.99779
-5.00217
-5.00454
-5.00214
-4.99532
-4.98492
-4.97323
-4.96539
-4.96639
-4.97471
-4.98833
-5.00318
-5.01829
-5.03278
-5.04341
-5.05142
-5.05483
-5.05397
-5.0504
-5.04235
-5.0313
-5.01657
-4.99872
-4.9758
-4.94796
-4.91616
-4.8816
-4.84923
-4.82356
-4.80995
-4.80859
-4.81795
-4.83741
-4.86249
-4.88801
-4.9122
-4.92964
-4.93981
-4.94555
-4.94919
-4.95584
-4.96664
-4.98213
-4.99963
-5.01764
-5.0334
-5.04513
-5.05348
-5.06144
-5.06658
-5.07048
-5.07398
-5.07811
-5.07959
-5.0791
-5.07804
-5.07632
-5.07309
-5.06876
-5.06573
-5.0636
-5.06294
-5.06238
-5.06192
-5.06148
-5.063
-5.06546
-5.07125
-5.07688
-5.08387
-5.09279
-5.10626
-5.12292
-5.14102
-5.1571
-5.16941
-5.17418
-5.17287
-5.16676
-5.15716
-5.14886
-5.14344
-5.13933
-5.13587
-5.13184
-5.12519
-5.11592
-5.10236
-5.085
-5.06184
-5.03727
-5.00928
-4.98111
-4.95595
-4.93638
-4.92276
-4.91653
-4.91458
-4.91604
-4.92059
-4.92789
-4.937
-4.94584
-4.95301
-4.955
-4.95109
-4.94327
-4.9349
-4.92991
-4.93398
-4.94442
-4.95796
-4.96965
-4.98011
-4.98868
-4.99667
-5.00982
-5.02516
-5.04606
-5.06774
-5.08899
-5.10554
-5.11806
-5.12489
-5.12733
-5.12802
-5.12779
-5.12433
-5.11609
-5.10231
-5.0813
-5.05718
-5.03027
-5.00272
-4.97791
-4.95492
-4.93404
-4.91594
-4.89776
-4.883
-4.87015
-4.86342
-4.86457
-4.87244
-4.88652
-4.90055
-4.9143
-4.92393
-4.92928
-4.9321
-4.93267
-4.93105
-4.93164
-4.93184
-4.93188
-4.93454
-4.93651
-4.93695
-4.93231
-4.9199
-4.89714
-4.868
-4.83956
-4.81964
-4.81182
-4.81687
-4.83436
-4.86339
-4.90256
-4.94836
-4.99615
-5.03929
-5.07491
-5.09932
-5.11325
-5.11715
-5.11366
-5.10583
-5.09368
-5.0798
-5.06428
-5.04758
-5.03305
-5.01731
-5.00451
-4.9905
-4.97568
-4.95825
-4.94124
-4.92904
-4.92126
-4.9223
-4.93169
-4.94594
-4.96331
-4.9808
-4.99657
-5.00764
-5.0147
-5.01902
-5.02215
-5.02664
-5.03429
-5.04542
-5.05797
-5.07044
-5.07829
-5.0834
-5.08242
-5.07884
-5.07255
-5.0642
-5.05475
-5.04491
-5.03866
-5.03763
-5.04196
-5.04963
-5.0565
-5.06039
-5.0585
-5.05134
-5.03933
-5.02288
-5.00099
-4.97639
-4.94986
-4.92498
-4.90364
-4.89071
-4.8892
-4.89506
-4.90886
-4.92806
-4.95104
-4.97312
-4.99436
-5.01219
-5.02595
-5.0365
-5.04292
-5.04513
-5.04497
-5.04501
-5.04451
-5.04179
-5.03436
-5.02164
-5.00536
-4.99385
-4.98954
-4.99277
-5.00341
-5.01783
-5.03341
-5.05263
-5.07631
-5.10324
-5.13275
-5.16218
-5.18508
-5.19797
-5.19994
-5.18872
-5.16724
-5.14008
-5.10973
-5.08409
-5.06396
-5.04781
-5.03496
-5.01792
-4.9974
-4.97129
-4.94134
-4.91063
-4.88472
-4.86597
-4.85182
-4.83778
-4.82521
-4.81797
-4.8195
-4.83134
-4.85442
-4.88636
-4.92455
-4.9669
-5.01006
-5.04717
-5.07682
-5.09738
-5.10579
-5.10521
-5.09625
-5.08107
-5.06698
-5.05551
-5.04932
-5.04983
-5.05007
-5.05095
-5.04647
-5.03862
-5.03017
-5.02344
-5.0205
-5.01984
-5.01961
-5.02158
-5.02584
-5.03416
-5.04742
-5.06315
-5.07943
-5.08887
-5.09107
-5.08442
-5.07054
-5.05179
-5.03217
-5.0116
-4.99185
-4.97305
-4.95631
-4.9453
-4.94001
-4.94277
-4.95269
-4.96878
-4.98787
-5.00945
-5.03071
-5.04974
-5.06428
-5.07357
-5.07793
-5.07548
-5.06741
-5.05642
-5.04547
-5.03648
-5.03357
-5.03867
-5.04944
-5.06624
-5.08579
-5.10223
-5.11004
-5.10724
-5.0933
-5.07127
-5.04394
-5.01808
-4.99624
-4.98291
-4.97989
-4.98693
-5.0011
-5.01716
-5.0306
-5.03659
-5.03205
-5.01891
-5.00129
-4.98466
-4.97412
-4.97359
-4.98115
-4.99739
-5.01579
-5.034
-5.05031
-5.06104
-5.06986
-5.0763
-5.07999
-5.07878
-5.07366
-5.06428
-5.05214
-5.04079
-5.03453
-5.03482
-5.04251
-5.05152
-5.06286
-5.07383
-5.08428
-5.09229
-5.10082
-5.1083
-5.11473
-5.121
-5.12857
-5.13751
-5.14775
-5.15888
-5.17145
-5.18462
-5.19754
-5.20728
-5.21199
-5.20443
-5.18677
-5.15847
-5.12166
-5.08243
-5.0461
-5.01977
-5.00659
-5.00869
-5.01993
-5.03466
-5.04852
-5.05925
-5.06559
-5.06928
-5.07142
-5.07516
-5.0802
-5.08691
-5.09042
-5.09004
-5.08587
-5.07604
-5.06242
-5.04736
-5.03312
-5.02126
-5.01283
-5.01286
-5.02069
-5.03569
-5.05171
-5.06629
-5.07759
-5.08184
-5.07668
-5.06546
-5.05055
-5.03711
-5.02839
-5.0274
-5.035
-5.04918
-5.06368
-5.07675
-5.08499
-5.0862
-5.08271
-5.07378
-5.06032
-5.04677
-5.03687
-5.03284
-5.03672
-5.04692
-5.06248
-5.08107
-5.10196
-5.12319
-5.14169
-5.15687
-5.16822
-5.17663
-5.18253
-5.18429
-5.18368
-5.17724
-5.16062
-5.1357
-5.10182
-5.06022
-5.01528
-4.97085
-4.93264
-4.90431
-4.88574
-4.88053
-4.88816
-4.90707
-4.93337
-4.96544
-4.99747
-5.02746
-5.05225
-5.07461
-5.09301
-5.10675
-5.11483
-5.11828
-5.11561
-5.10466
-5.08957
-5.07383
-5.06153
-5.05617
-5.05839
-5.06205
-5.06378
-5.05972
-5.04763
-5.02866
-5.00571
-4.98089
-4.95608
-4.93326
-4.91405
-4.90022
-4.89235
-4.892
-4.89888
-4.91356
-4.93185
-4.95308
-4.97576
-4.99767
-5.01777
-5.0372
-5.05471
-5.07089
-5.0869
-5.09853
-5.10539
-5.10233
-5.0896
-5.06599
-5.03591
-5.0036
-4.97491
-4.95275
-4.93805
-4.93128
-4.93201
-4.93739
-4.94366
-4.95114
-4.95676
-4.96119
-4.96651
-4.97038
-4.97494
-4.98007
-4.98515
-4.9888
-4.99286
-4.9973
-5.00141
-5.00365
-5.00447
-5.00461
-5.00423
-5.00389
-5.00143
-4.99811
-4.99248
-4.98607
-4.97778
-4.96764
-4.95702
-4.94795
-4.94038
-4.93702
-4.93993
-4.94738
-4.95795
-4.97199
-4.99004
-5.01359
-5.04124
-5.07301
-5.1063
-5.13883
-5.16725
-5.18608
-5.19514
-5.19342
-5.18161
-5.16073
-5.13315
-5.10056
-5.06769
-5.03832
-5.0152
-5.00051
-4.99445
-4.99438
-4.99912
-5.00353
-5.00433
-5.00145
-4.99554
-4.98873
-4.98517
-4.98707
-4.99471
-5.00773
-5.02373
-5.03849
-5.04746
-5.0493
-5.04306
-5.03233
-5.01609
-4.9969
-4.97986
-4.9645
-4.95659
-4.953
-4.95862
-4.9695
-4.98362
-5.00133
-5.02056
-5.03796
-5.05304
-5.06318
-5.06593
-5.05983
-5.0462
-5.02592
-5.00374
-4.98031
-4.9612
-4.9484
-4.94209
-4.94154
-4.94711
-4.95844
-4.97233
-4.9885
-5.0074
-5.02738
-5.04482
-5.05969
-5.06695
-5.06657
-5.05631
-5.04142
-5.02342
-5.00834
-4.99799
-4.99473
-4.99901
-5.0039
-5.00655
-5.00136
-4.98887
-4.97019
-4.94824
-4.92481
-4.90295
-4.88571
-4.87332
-4.86768
-4.86892
-4.87919
-4.89968
-4.92725
-4.95721
-4.99031
-5.02182
-5.04904
-5.07079
-5.09223
-5.11219
-5.13143
-5.14855
-5.15808
-5.15826
-5.14857
-5.13303
-5.11245
-5.08772
-5.06274
-5.03827
-5.01623
-4.99802
-4.98393
-4.97369
-4.96452
-4.9581
-4.95329
-4.94961
-4.946
-4.94419
-4.94603
-4.95068
-4.95901
-4.96824
-4.97783
-4.98691
-4.99595
-5.00215
-5.00691
-5.00921
-5.0102
-5.01107
-5.0129
-5.01435
-5.01597
-5.01485
-5.00889
-5.00185
-4.99222
-4.98088
-4.9689
-4.9558
-4.94115
-4.92687
-4.91445
-4.90371
-4.89231
-4.87959
-4.86512
-4.84884
-4.83339
-4.82375
-4.82251
-4.83428
-4.86115
-4.89938
-4.94653
-4.99482
-5.04033
-5.07997
-5.11154
-5.13587
-5.15359
-5.16779
-5.17782
-5.18638
-5.19275
-5.19379
-5.18901
-5.17793
-5.16045
-5.1395
-5.12176
-5.10831
-5.09937
-5.094
-5.08805
-5.0827
-5.07696
-5.06749
-5.06025
-5.05141
-5.04768
-5.04755
-5.0493
-5.05101
-5.05232
-5.05011
-5.04622
-5.04289
-5.04176
-5.04525
-5.05255
-5.06438
-5.07605
-5.08457
-5.08874
-5.08909
-5.08432
-5.07268
-5.05701
-5.03673
-5.01655
-4.99712
-4.98161
-4.97165
-4.96581
-4.96273
-4.95967
-4.95594
-4.9494
-4.94195
-4.93594
-4.93222
-4.93594
-4.94755
-4.96238
-4.97945
-5.00133
-5.02768
-5.05596
-5.08372
-5.10711
-5.12439
-5.13367
-5.13454
-5.13069
-5.12121
-5.10945
-5.09626
-5.08357
-5.07122
-5.06114
-5.05203
-5.04398
-5.03576
-5.03074
-5.02529
-5.01818
-5.01106
-5.00139
-4.98998
-4.97776
-4.96571
-4.95424
-4.94545
-4.94113
-4.94158
-4.94429
-4.95114
-4.96019
-4.96774
-4.97448
-4.97972
-4.98271
-4.97969
-4.97341
-4.96331
-4.95161
-4.94048
-4.93384
-4.93251
-4.94093
-4.95928
-4.98312
-5.00815
-5.03037
-5.04615
-5.05328
-5.05175
-5.04472
-5.0325
-5.01806
-5.00295
-4.99037
-4.98011
-4.97465
-4.97381
-4.97587
-4.97956
-4.985
-4.98904
-4.9921
-4.99353
-4.9932
-4.99196
-4.99154
-4.991
-4.99286
-4.99737
-5.00345
-5.01165
-5.02227
-5.03426
-5.04573
-5.05652
-5.06489
-5.07427
-5.08391
-5.09598
-5.10915
-5.12275
-5.13477
-5.14537
-5.15654
-5.16708
-5.17709
-5.18584
-5.19442
-5.20309
-5.20972
-5.21431
-5.21483
-5.21044
-5.20215
-5.18943
-5.17044
-5.14556
-5.11752
-5.08972
-5.06304
-5.03855
-5.01675
-4.99803
-4.98192
-4.96685
-4.95442
-4.9475
-4.94822
-4.9577
-4.97529
-4.99972
-5.02745
-5.05542
-5.08304
-5.10745
-5.12605
-5.14165
-5.15213
-5.15906
-5.16334
-5.16674
-5.16773
-5.16916
-5.17003
-5.17086
-5.16803
-5.16121
-5.14837
-5.13265
-5.11325
-5.09853
-5.09411
-5.10008
-5.11237
-5.12021
-5.11917
-5.10917
-5.09073
-5.06862
-5.04548
-5.0242
-5.00674
-4.99676
-4.99687
-5.00799
-5.02448
-5.04565
-5.0663
-5.08037
-5.08911
-5.09011
-5.08388
-5.0746
-5.06378
-5.05364
-5.04541
-5.03749
-5.0297
-5.02059
-5.01059
-5.00162
-4.99438
-4.98828
-4.98143
-4.97254
-4.96405
-4.95477
-4.94421
-4.93315
-4.92121
-4.90585
-4.88994
-4.87579
-4.86583
-4.86263
-4.86953
-4.88378
-4.90287
-4.92475
-4.94619
-4.96597
-4.98313
-4.99677
-5.00659
-5.01474
-5.0226
-5.03202
-5.04448
-5.05791
-5.07074
-5.08138
-5.08954
-5.09307
-5.0924
-5.08823
-5.08267
-5.0752
-5.07041
-5.06776
-5.06964
-5.06878
-5.0655
-5.06158
-5.05703
-5.05252
-5.04908
-5.04952
-5.05119
-5.0526
-5.05372
-5.05329
-5.0491
-5.04121
-5.03128
-5.01737
-4.99971
-4.97829
-4.95682
-4.9358
-4.9222
-4.91703
-4.92428
-4.93923
-4.95827
-4.97539
-4.98826
-4.99572
-4.99828
-5.00019
-5.00383
-5.01224
-5.02241
-5.03315
-5.04153
-5.05092
-5.06023
-5.07138
-5.08087
-5.0863
-5.08573
-5.08077
-5.07185
-5.05985
-5.04528
-5.02967
-5.01415
-5.00041
-4.98847
-4.98076
-4.9755
-4.9748
-4.97461
-4.97288
-4.96465
-4.95173
-4.93532
-4.91765
-4.90026
-4.88708
-4.87891
-4.87739
-4.8845
-4.9005
-4.91896
-4.93596
-4.9506
-4.95649
-4.95545
-4.94865
-4.93934
-4.93449
-4.93592
-4.94588
-4.96451
-4.98956
-5.01331
-5.0327
-5.04478
-5.04482
-5.03084
-5.00663
-4.97299
-4.93399
-4.8918
-4.85187
-4.82165
-4.8077
-4.81304
-4.83387
-4.86223
-4.89361
-4.92194
-4.94601
-4.96511
-4.98052
-4.99414
-5.00672
-5.02036
-5.03709
-5.05679
-5.07778
-5.09892
-5.11557
-5.12723
-5.13211
-5.1299
-5.12183
-5.10903
-5.09952
-5.09336
-5.09537
-5.10344
-5.11475
-5.12595
-5.13398
-5.13952
-5.13798
-5.13094
-5.11668
-5.09806
-5.07577
-5.05157
-5.02976
-5.01405
-5.00108
-4.9952
-4.99421
-4.99813
-5.0025
-5.00591
-5.00616
-4.9998
-4.98795
-4.97045
-4.95377
-4.94164
-4.94034
-4.95305
-4.9763
-5.00177
-5.02451
-5.04232
-5.05673
-5.07082
-5.08427
-5.09706
-5.1066
-5.11382
-5.11855
-5.12047
-5.1166
-5.10594
-5.08932
-5.06914
-5.04759
-5.02936
-5.01376
-5.00443
-4.99865
-4.99453
-4.99149
-4.99043
-4.98883
-4.98776
-4.98568
-4.98517
-4.98924
-4.99762
-5.01017
-5.02732
-5.04516
-5.06148
-5.07609
-5.08436
-5.08815
-5.08669
-5.07917
-5.06409
-5.04107
-5.01053
-4.97792
-4.94708
-4.92416
-4.91148
-4.91123
-4.91931
-4.93459
-4.95371
-4.97377
-4.99284
-5.00881
-5.02152
-5.02959
-5.03198
-5.02912
-5.02295
-5.01579
-5.00928
-5.00584
-5.00201
-4.99938
-4.99153
-4.9798
-4.96514
-4.94958
-4.93566
-4.92605
-4.91976
-4.91576
-4.91088
-4.90313
-4.89205
-4.87996
-4.86948
-4.86539
-4.87156
-4.89084
-4.92358
-4.96632
-5.01346
-5.05887
-5.09657
-5.12522
-5.14139
-5.14867
-5.14844
-5.14322
-5.1366
-5.12956
-5.12275
-5.11648
-5.11032
-5.10346
-5.09664
-5.08847
-5.08047
-5.07057
-5.05976
-5.04728
-5.03448
-5.02296
-5.01289
-5.00245
-4.99356
-4.98617
-4.98228
-4.98422
-4.99467
-5.01217
-5.03636
-5.06436
-5.08935
-5.11119
-5.12635
-5.13198
-5.12718
-5.1117
-5.08744
-5.05962
-5.03461
-5.0163
-5.00502
-4.99437
-4.98467
-4.97725
-4.97581
-4.9832
-5.00185
-5.02693
-5.05262
-5.0731
-5.08247
-5.08066
-5.06975
-5.05024
-5.02884
-5.00909
-4.99359
-4.98085
-4.97017
-4.96053
-4.95298
-4.95078
-4.95696
-4.96717
-4.97691
-4.98303
-4.98481
-4.98295
-4.97743
-4.9705
-4.96598
-4.96678
-4.97376
-4.98541
-5.00161
-5.01794
-5.0323
-5.0417
-5.04589
-5.04462
-5.0409
-5.03597
-5.03396
-5.0337
-5.03768
-5.04098
-5.03844
-5.02786
-5.00949
-4.98727
-4.96531
-4.9496
-4.94368
-4.94507
-4.95137
-4.95799
-4.96494
-4.9713
-4.97705
-4.98463
-4.99479
-5.00512
-5.01749
-5.03062
-5.04307
-5.05337
-5.061
-5.06756
-5.07143
-5.07342
-5.07424
-5.07385
-5.07296
-5.07042
-5.06881
-5.06646
-5.06793
-5.07273
-5.08069
-5.09122
-5.10336
-5.11217
-5.11745
-5.11714
-5.11033
-5.09677
-5.07904
-5.05773
-5.03736
-5.01675
-5.00023
-4.99103
-4.99064
-4.99865
-5.01519
-5.03777
-5.0614
-5.08255
-5.0992
-5.10834
-5.10907
-5.10352
-5.08874
-5.06649
-5.03636
-5.00124
-4.96021
-4.91886
-4.88005
-4.84667
-4.8218
-4.80566
-4.80278
-4.80926
-4.82386
-4.84057
-4.85607
-4.86695
-4.87314
-4.87797
-4.88542
-4.89345
-4.90138
-4.91103
-4.92238
-4.9335
-4.94667
-4.96135
-4.98089
-5.00088
-5.02082
-5.03593
-5.04245
-5.03983
-5.02964
-5.01339
-4.9966
-4.98105
-4.97235
-4.97348
-4.98613
-5.00923
-5.03808
-5.07078
-5.10176
-5.12779
-5.14767
-5.16105
-5.16882
-5.17065
-5.16988
-5.16718
-5.16466
-5.1639
-5.16544
-5.17057
-5.17783
-5.18318
-5.18514
-5.18131
-5.16991
-5.15005
-5.1243
-5.09175
-5.05672
-5.02163
-4.99111
-4.97269
-4.97284
-4.99247
-5.02035
-5.04626
-5.06359
-5.07073
-5.0694
-5.06497
-5.05842
-5.05289
-5.0498
-5.04927
-5.05353
-5.06184
-5.06947
-5.07541
-5.07605
-5.07127
-5.0618
-5.04769
-5.02998
-5.01124
-4.99675
-4.98674
-4.98352
-4.98704
-4.99325
-4.99823
-4.99918
-4.99222
-4.97605
-4.95158
-4.92108
-4.89158
-4.86945
-4.85828
-4.86377
-4.88484
-4.91692
-4.95601
-4.99527
-5.03165
-5.05998
-5.07683
-5.08198
-5.07522
-5.0604
-5.04382
-5.02798
-5.0193
-5.01791
-5.022
-5.02872
-5.03563
-5.03903
-5.03723
-5.03056
-5.01822
-5.00445
-4.99044
-4.97934
-4.97077
-4.96539
-4.95908
-4.95343
-4.94743
-4.94375
-4.94292
-4.94504
-4.95019
-4.95516
-4.96109
-4.96558
-4.96965
-4.97393
-4.97888
-4.98685
-4.99917
-5.0213
-5.04823
-5.07905
-5.10701
-5.12828
-5.14154
-5.14579
-5.14202
-5.12602
-5.09868
-5.06002
-5.01551
-4.97333
-4.94302
-4.92722
-4.92661
-4.93694
-4.95185
-4.96737
-4.98153
-4.99161
-4.99902
-5.00145
-4.99833
-4.98973
-4.97413
-4.95285
-4.92601
-4.89529
-4.86374
-4.83404
-4.80991
-4.79535
-4.79089
-4.79865
-4.81685
-4.84324
-4.87545
-4.91211
-4.94882
-4.98236
-5.01109
-5.03322
-5.04646
-5.04884
-5.04377
-5.03203
-5.01835
-5.00771
-5.00361
-5.00824
-5.02139
-5.04095
-5.06264
-5.08425
-5.10033
-5.10951
-5.10983
-5.10076
-5.08261
-5.06147
-5.0396
-5.01983
-5.00577
-4.99756
-4.99683
-5.00031
-5.00952
-5.02172
-5.03583
-5.0486
-5.06006
-5.06743
-5.07072
-5.06791
-5.05999
-5.0485
-5.03684
-5.02686
-5.01827
-5.01501
-5.01608
-5.0199
-5.02873
-5.04092
-5.05571
-5.07323
-5.08901
-5.10226
-5.11319
-5.11901
-5.12033
-5.11686
-5.10762
-5.09269
-5.07489
-5.05353
-5.02957
-5.00704
-4.98695
-4.97294
-4.96577
-4.96514
-4.97074
-4.97896
-4.99127
-5.00621
-5.02213
-5.03912
-5.05962
-5.08271
-5.10344
-5.12025
-5.13187
-5.13692
-5.13194
-5.11984
-5.09857
-5.07476
-5.05055
-5.03109
-5.0206
-5.02067
-5.0328
-5.04987
-5.06525
-5.07612
-5.07734
-5.06939
-5.05253
-5.03289
-5.01394
-5.00327
-4.9996
-5.0069
-5.01969
-5.03285
-5.04397
-5.05048
-5.04993
-5.04514
-5.03835
-5.03064
-5.02589
-5.02405
-5.02477
-5.02285
-5.01611
-5.00147
-4.97991
-4.95717
-4.94078
-4.93573
-4.94013
-4.94993
-4.96248
-4.97298
-4.9842
-4.99498
-5.00786
-5.02383
-5.04199
-5.06123
-5.08202
-5.10209
-5.11777
-5.12622
-5.12471
-5.11281
-5.08856
-5.05625
-5.021
-4.99029
-4.97193
-4.96425
-4.96637
-4.96777
-4.96095
-4.94179
-4.90985
-4.86831
-4.82052
-4.77618
-4.74412
-4.73396
-4.74548
-4.77618
-4.82005
-4.86878
-4.91486
-4.95423
-4.98457
-5.00874
-5.02602
-5.03899
-5.04875
-5.0581
-5.06369
-5.06393
-5.05882
-5.04801
-5.03167
-5.01163
-4.98895
-4.96401
-4.93595
-4.9049
-4.87512
-4.8488
-4.83138
-4.825
-4.83029
-4.84666
-4.86856
-4.89388
-4.91864
-4.93952
-4.95436
-4.96316
-4.96097
-4.95183
-4.93783
-4.92143
-4.90772
-4.89852
-4.89359
-4.89192
-4.89181
-4.89316
-4.895
-4.89868
-4.90286
-4.90922
-4.91756
-4.9261
-4.93145
-4.92943
-4.92095
-4.91417
-4.91444
-4.92706
-4.94655
-4.96582
-4.97846
-4.98465
-4.9871
-4.98589
-4.98391
-4.98364
-4.9876
-4.99603
-5.00521
-5.01421
-5.0202
-5.02304
-5.02299
-5.02107
-5.01781
-5.0155
-5.01493
-5.01628
-5.01836
-5.02186
-5.02713
-5.03195
-5.03607
-5.03597
-5.03319
-5.02739
-5.01977
-5.01275
-5.00493
-4.99771
-4.99322
-4.99177
-4.99392
-4.99867
-5.0052
-5.01106
-5.01844
-5.02216
-5.02393
-5.02016
-5.01231
-5.00472
-4.9945
-4.98631
-4.97983
-4.97994
-4.99171
-5.01386
-5.04336
-5.07833
-5.11178
-5.14008
-5.15903
-5.16688
-5.16172
-5.14186
-5.11111
-5.06965
-5.02338
-4.97521
-4.93288
-4.90106
-4.88086
-4.86909
-4.86337
-4.85848
-4.85414
-4.84847
-4.8439
-4.84064
-4.83985
-4.84143
-4.84752
-4.85851
-4.87337
-4.89304
-4.91592
-4.94405
-4.97384
-5.00203
-5.03101
-5.05441
-5.06997
-5.07716
-5.07294
-5.06036
-5.04226
-5.02148
-5.00361
-4.9906
-4.98523
-4.98756
-4.99769
-5.01224
-5.02494
-5.03555
-5.0374
-5.03177
-5.01871
-5.00119
-4.98024
-4.95799
-4.93592
-4.917
-4.90229
-4.89471
-4.89522
-4.90571
-4.92327
-4.94623
-4.96795
-4.9876
-5.00429
-5.01378
-5.01862
-5.01803
-5.01404
-5.00654
-4.99732
-4.98581
-4.97911
-4.9741
-4.97519
-4.98286
-4.99495
-5.00968
-5.02381
-5.03457
-5.04033
-5.04143
-5.03664
-5.02915
-5.01976
-5.00863
-4.99507
-4.97891
-4.96118
-4.94213
-4.92372
-4.90822
-4.89811
-4.89433
-4.89722
-4.90579
-4.91656
-4.92623
-4.93183
-4.93591
-4.93945
-4.94494
-4.95451
-4.96852
-4.98832
-5.01047
-5.03199
-5.0517
-5.06469
-5.07054
-5.06968
-5.06266
-5.05075
-5.03587
-5.01998
-5.00531
-4.99543
-4.99046
-4.98956
-4.99225
-4.99665
-5.00143
-5.00694
-5.01137
-5.01508
-5.0189
-5.02589
-5.03544
-5.04817
-5.06317
-5.07515
-5.07961
-5.07507
-5.05972
-5.0351
-5.00562
-4.97792
-4.95399
-4.93765
-4.92969
-4.92744
-4.93297
-4.94528
-4.95887
-4.9705
-4.9759
-4.97778
-4.97855
-4.98203
-4.99103
-5.00517
-5.02261
-5.04096
-5.05726
-5.07223
-5.08647
-5.10194
-5.11505
-5.12751
-5.13588
-5.1441
-5.14904
-5.15674
-5.16801
-5.18231
-5.19994
-5.21652
-5.22701
-5.23127
-5.22351
-5.20532
-5.17906
-5.14712
-5.11557
-5.0851
-5.06024
-5.04239
-5.03085
-5.02655
-5.02776
-5.03445
-5.04351
-5.05345
-5.06067
-5.06393
-5.06291
-5.05846
-5.05125
-5.04382
-5.04049
-5.04205
-5.04925
-5.0622
-5.07861
-5.09631
-5.11359
-5.1284
-5.13833
-5.1423
-5.13979
-5.13127
-5.11794
-5.10006
-5.07818
-5.05542
-5.03538
-5.02157
-5.01522
-5.01713
-5.02315
-5.02901
-5.02844
-5.02214
-5.00878
-4.99111
-4.97502
-4.96174
-4.95761
-4.96238
-4.97454
-4.99062
-5.00693
-5.02296
-5.03429
-5.03962
-5.03676
-5.02526
-5.00793
-4.98356
-4.9549
-4.92352
-4.89338
-4.86714
-4.85017
-4.849
-4.86491
-4.89542
-4.93308
-4.97027
-5.00039
-5.02186
-5.03495
-5.04199
-5.04545
-5.04866
-5.05128
-5.05477
-5.05823
-5.06024
-5.05966
-5.05415
-5.04409
-5.0312
-5.02071
-5.01704
-5.02245
-5.03516
-5.0549
-5.07213
-5.08548
-5.09004
-5.08249
-5.06696
-5.04658
-5.02669
-5.0128
-5.00726
-5.01005
-5.01987
-5.03136
-5.04294
-5.05352
-5.06208
-5.07027
-5.07947
-5.08836
-5.09438
-5.10041
-5.10523
-5.1113
-5.11512
-5.11632
-5.11282
-5.10805
-5.10327
-5.09949
-5.09444
-5.08894
-5.08285
-5.07816
-5.07663
-5.07851
-5.08244
-5.09041
-5.10214
-5.11745
-5.13028
-5.14536
-5.15539
-5.16135
-5.16198
-5.1608
-5.15834
-5.15368
-5.14896
-5.14194
-5.13163
-5.11746
-5.09824
-5.07534
-5.04921
-5.02061
-4.9948
-4.97167
-4.95466
-4.94451
-4.94314
-4.94714
-4.9537
-4.95945
-4.96265
-4.96055
-4.95353
-4.94432
-4.93611
-4.93274
-4.93847
-4.95361
-4.97679
-5.00503
-5.03205
-5.0572
-5.07897
-5.09774
-5.11212
-5.12179
-5.12604
-5.12434
-5.11687
-5.10291
-5.08429
-5.05892
-5.03018
-4.99958
-4.96959
-4.94076
-4.91371
-4.88868
-4.86847
-4.85515
-4.85096
-4.856
-4.86851
-4.88625
-4.90508
-4.9231
-4.93622
-4.94495
-4.94926
-4.94549
-4.93839
-4.93322
-4.93309
-4.94418
-4.96722
-4.99878
-5.0343
-5.06632
-5.09055
-5.10805
-5.11784
-5.11979
-5.11444
-5.10146
-5.08469
-5.06533
-5.04911
-5.03773
-5.03071
-5.02494
-5.01752
-5.00693
-4.99672
-4.99257
-4.99336
-4.99637
-4.99357
-4.98622
-4.97508
-4.96437
-4.95553
-4.952
-4.95121
-4.95394
-4.95707
-4.95989
-4.96338
-4.97045
-4.98525
-5.00595
-5.03021
-5.05452
-5.07652
-5.09484
-5.10865
-5.11841
-5.12585
-5.12938
-5.13059
-5.12885
-5.12334
-5.11407
-5.10153
-5.08535
-5.06793
-5.05029
-5.03485
-5.02404
-5.0184
-5.01976
-5.02922
-5.04378
-5.0634
-5.08713
-5.10952
-5.12956
-5.14441
-5.15318
-5.15616
-5.15187
-5.14342
-5.13107
-5.11602
-5.1006
-5.08527
-5.0699
-5.0522
-5.03539
-5.01628
-4.99517
-4.97488
-4.95343
-4.93262
-4.91519
-4.90046
-4.89131
-4.88676
-4.88931
-4.89928
-4.91507
-4.93408
-4.95444
-4.97232
-4.98632
-4.99592
-4.99941
-4.99884
-4.9939
-4.98472
-4.9727
-4.96138
-4.95498
-4.95243
-4.957
-4.96697
-4.97899
-4.98894
-5.00037
-5.01136
-5.024
-5.03763
-5.05292
-5.06794
-5.07963
-5.08771
-5.09389
-5.09592
-5.09696
-5.09946
-5.1034
-5.10914
-5.1152
-5.11993
-5.12061
-5.11779
-5.11054
-5.09997
-5.08632
-5.06931
-5.0495
-5.02871
-5.00963
-4.99444
-4.9846
-4.97948
-4.97582
-4.97327
-4.96852
-4.96027
-4.94892
-4.93331
-4.91592
-4.8985
-4.8812
-4.86614
-4.85372
-4.84494
-4.8422
-4.84498
-4.85414
-4.87057
-4.89117
-4.91631
-4.94594
-4.97365
-4.99706
-5.0138
-5.02059
-5.01774
-5.00577
-4.9894
-4.97326
-4.96059
-4.95491
-4.95526
-4.96258
-4.97557
-4.99343
-5.01668
-5.04153
-5.0646
-5.08319
-5.09541
-5.10263
-5.10077
-5.09383
-5.08218
-5.06744
-5.05178
-5.03949
-5.02928
-5.02083
-5.0156
-5.01237
-5.00927
-5.00883
-5.0084
-5.00909
-5.00921
-5.00855
-5.00678
-5.00349
-5.00509
-5.01272
-5.02751
-5.04468
-5.06411
-5.08253
-5.09497
-5.10056
-5.1009
-5.09424
-5.08113
-5.06419
-5.04586
-5.02946
-5.01657
-5.00631
-4.99827
-4.99409
-4.99028
-4.98628
-4.9796
-4.96839
-4.95457
-4.9384
-4.92235
-4.90836
-4.89945
-4.89627
-4.90335
-4.91927
-4.94486
-4.97562
-5.00875
-5.03861
-5.06258
-5.07649
-5.0828
-5.08265
-5.0792
-5.07672
-5.07578
-5.07606
-5.07827
-5.07948
-5.0777
-5.07391
-5.06373
-5.04542
-5.02285
-5.00086
-4.9836
-4.97562
-4.9775
-4.98744
-5.00268
-5.01876
-5.03635
-5.0558
-5.07488
-5.09297
-5.10912
-5.1217
-5.12857
-5.13096
-5.1274
-5.11856
-5.10676
-5.09657
-5.09055
-5.09071
-5.09411
-5.09567
-5.09073
-5.07908
-5.06529
-5.05142
-5.04213
-5.03888
-5.04274
-5.04843
-5.05211
-5.05029
-5.0424
-5.02977
-5.01232
-4.99293
-4.97013
-4.94887
-4.92822
-4.91079
-4.9002
-4.8956
-4.89768
-4.90513
-4.91639
-4.92471
-4.92865
-4.93165
-4.93581
-4.9443
-4.95684
-4.97024
-4.98216
-4.99262
-5.00037
-5.00834
-5.01902
-5.02968
-5.03765
-5.04382
-5.04654
-5.04557
-5.04462
-5.04484
-5.0474
-5.04976
-5.05464
-5.05848
-5.06367
-5.0681
-5.07067
-5.07023
-5.06331
-5.0472
-5.02347
-4.99279
-4.95791
-4.92468
-4.89682
-4.87645
-4.8655
-4.86497
-4.87273
-4.8843
-4.89507
-4.9019
-4.90679
-4.91032
-4.91278
-4.91761
-4.92586
-4.93451
-4.94707
-4.96035
-4.97395
-4.98597
-4.99833
-5.00886
-5.01856
-5.02722
-5.03407
-5.03821
-5.03808
-5.03379
-5.02444
-5.01337
-5.00246
-4.99936
-5.00605
-5.02427
-5.05507
-5.09315
-5.13114
-5.16767
-5.19777
-5.22019
-5.23523
-5.24342
-5.24471
-5.24241
-5.2355
-5.22565
-5.21041
-5.19117
-5.1661
-5.13515
-5.10208
-5.06599
-5.03266
-5.00434
-4.98282
-4.9711
-4.9701
-4.97883
-4.99631
-5.01897
-5.04036
-5.0605
-5.07668
-5.08839
-5.095
-5.09745
-5.09533
-5.09042
-5.08191
-5.07215
-5.06279
-5.05235
-5.04586
-5.04157
-5.04102
-5.04486
-5.0516
-5.05894
-5.06423
-5.06463
-5.05908
-5.04929
-5.03623
-5.02385
-5.01165
-4.99917
-4.9825
-4.95859
-4.92851
-4.89474
-4.86226
-4.83824
-4.82685
-4.82969
-4.84436
-4.86682
-4.8949
-4.92505
-4.95502
-4.98462
-5.01232
-5.03678
-5.0563
-5.0715
-5.08119
-5.08546
-5.08498
-5.07921
-5.06953
-5.05952
-5.05052
-5.04572
-5.04505
-5.05049
-5.0598
-5.07053
-5.08362
-5.09303
-5.10122
-5.10532
-5.10823
-5.10886
-5.10725
-5.10372
-5.09642
-5.08657
-5.07631
-5.06701
-5.05901
-5.04931
-5.03832
-5.02608
-5.01186
-4.99693
-4.98199
-4.96722
-4.95603
-4.94626
-4.93993
-4.93749
-4.93848
-4.94094
-4.94318
-4.94419
-4.94365
-4.94066
-4.93791
-4.9328
-4.92941
-4.92864
-4.93173
-4.93795
-4.94922
-4.96379
-4.98114
-5.00051
-5.02231
-5.0439
-5.06091
-5.07279
-5.07952
-5.07924
-5.07403
-5.06622
-5.06001
-5.05713
-5.05781
-5.05928
-5.05788
-5.0525
-5.0427
-5.02888
-5.01145
-4.99242
-4.97159
-4.95628
-4.94744
-4.94807
-4.95684
-4.96922
-4.98036
-4.98674
-4.98461
-4.97495
-4.96299
-4.95186
-4.94481
-4.94717
-4.95989
-4.97859
-5.00041
-5.02044
-5.03743
-5.05063
-5.05916
-5.06353
-5.06199
-5.05857
-5.05318
-5.04763
-5.04085
-5.03306
-5.02496
-5.01525
-5.00459
-4.99432
-4.98405
-4.97709
-4.9758
-4.97997
-4.99192
-5.00692
-5.02245
-5.03621
-5.04679
-5.05091
-5.0494
-5.04465
-5.0379
-5.03229
-5.03164
-5.03363
-5.03807
-5.04105
-5.04003
-5.03086
-5.01316
-4.99253
-4.97309
-4.96315
-4.96281
-4.96695
-4.97029
-4.96659
-4.95579
-4.9393
-4.91713
-4.89738
-4.88267
-4.87637
-4.87813
-4.88785
-4.90658
-4.93132
-4.95586
-4.97619
-4.98776
-4.98887
-4.98184
-4.96867
-4.95333
-4.94043
-4.93365
-4.93541
-4.9476
-4.97237
-5.00091
-5.03017
-5.05124
-5.06331
-5.06355
-5.05632
-5.04431
-5.03109
-5.0189
-5.00939
-5.00006
-4.99012
-4.9777
-4.96424
-4.95337
-4.94793
-4.95276
-4.96727
-4.98887
-5.01435
-5.04147
-5.0652
-5.08567
-5.09972
-5.1063
-5.10698
-5.10313
-5.09738
-5.09406
-5.09469
-5.099
-5.10655
-5.11592
-5.12105
-5.12086
-5.11297
-5.09893
-5.0796
-5.06111
-5.04913
-5.04845
-5.06017
-5.07958
-5.10386
-5.12618
-5.14471
-5.15958
-5.16961
-5.17441
-5.1743
-5.1701
-5.16297
-5.1545
-5.14307
-5.12773
-5.10865
-5.08677
-5.06454
-5.04291
-5.02459
-5.01077
-5.00414
-5.0058
-5.01285
-5.02201
-5.03053
-5.03683
-5.0417
-5.04306
-5.04076
-5.03526
-5.02855
-5.02018
-5.01271
-5.0085
-5.01075
-5.01955
-5.03294
-5.05009
-5.06579
-5.07674
-5.07979
-5.07379
-5.06254
-5.04546
-5.02571
-5.0083
-4.99265
-4.98121
-4.97369
-4.97332
-4.97833
-4.98894
-5.00185
-5.01509
-5.02872
-5.0453
-5.06708
-5.09259
-5.12092
-5.14597
-5.16505
-5.17744
-5.18189
-5.17865
-5.16844
-5.15255
-5.13162
-5.10464
-5.07212
-5.03534
-4.99903
-4.96839
-4.94922
-4.94545
-4.95544
-4.97716
-5.00096
-5.0237
-5.04257
-5.05218
-5.05471
-5.05071
-5.04172
-5.03029
-5.01477
-4.99565
-4.97374
-4.94746
-4.92437
-4.90789
-4.90463
-4.91282
-4.9257
-4.93864
-4.94933
-4.9585
-4.96529
-4.96986
-4.97153
-4.97142
-4.96813
-4.96161
-4.95381
-4.94585
-4.937
-4.92624
-4.91428
-4.90247
-4.89231
-4.88812
-4.89301
-4.9051
-4.92268
-4.94084
-4.95832
-4.97208
-4.98248
-4.98982
-4.99515
-4.99827
-4.99889
-4.99913
-4.99726
-4.99624
-4.99509
-4.99386
-4.99276
-4.99231
-4.9923
-4.99154
-4.98769
-4.98248
-4.97602
-4.9712
-4.96796
-4.96748
-4.96906
-4.97243
-4.97741
-4.98302
-4.9869
-4.98684
-4.97954
-4.96678
-4.94966
-4.93188
-4.91697
-4.90795
-4.90441
-4.90472
-4.90712
-4.9107
-4.91327
-4.91991
-4.92947
-4.94618
-4.9689
-4.99269
-5.01722
-5.03876
-5.05521
-5.06692
-5.07128
-5.07075
-5.06304
-5.05152
-5.03817
-5.02453
-5.01108
-5.00178
-4.99639
-4.99572
-4.9977
-4.99924
-4.99989
-4.99806
-4.99422
-4.98933
-4.98771
-4.99302
-5.01001
-5.03545
-5.06757
-5.09944
-5.12705
-5.14794
-5.16266
-5.17021
-5.17057
-5.16364
-5.14802
-5.12399
-5.09164
-5.05445
-5.01525
-4.97952
-4.95058
-4.93405
-4.93011
-4.93491
-4.94527
-4.95865
-4.97284
-4.98221
-4.9874
-4.98559
-4.98026
-4.97088
-4.96263
-4.95723
-4.95706
-4.96135
-4.96898
-4.97464
-4.97907
-4.98237
-4.98592
-4.99136
-4.99852
-5.0092
-5.02161
-5.03744
-5.05648
-5.07517
-5.09476
-5.11494
-5.13456
-5.15151
-5.1675
-5.18013
-5.18776
-5.18714
-5.17833
-5.16114
-5.13907
-5.11751
-5.10339
-5.10018
-5.11037
-5.13086
-5.15698
-5.18353
-5.20635
-5.22279
-5.23269
-5.23593
-5.23191
-5.22135
-5.20523
-5.18526
-5.16163
-5.13646
-5.11441
-5.09552
-5.07961
-5.06748
-5.05962
-5.05321
-5.04442
-5.03346
-5.02103
-5.00804
-4.99537
-4.98808
-4.98463
-4.98277
-4.97715
-4.96365
-4.94438
-4.92251
-4.90575
-4.89647
-4.90023
-4.91345
-4.935
-4.96227
-4.99151
-5.02086
-5.04619
-5.06267
-5.07035
-5.0674
-5.05207
-5.02879
-5.0028
-4.98007
-4.96329
-4.95249
-4.9472
-4.94446
-4.94323
-4.94083
-4.93676
-4.93106
-4.92526
-4.92312
-4.92501
-4.93361
-4.94856
-4.96678
-4.98975
-5.01012
-5.03047
-5.04702
-5.06056
-5.07118
-5.07695
-5.08175
-5.0877
-5.09478
-5.10756
-5.12642
-5.14926
-5.17264
-5.19335
-5.20838
-5.21456
-5.21245
-5.20481
-5.19206
-5.18004
-5.16848
-5.15937
-5.15026
-5.14058
-5.12952
-5.11634
-5.10343
-5.0941
-5.08838
-5.08715
-5.08771
-5.0871
-5.08115
-5.07164
-5.06094
-5.05248
-5.05169
-5.05934
-5.07305
-5.08762
-5.09627
-5.09807
-5.08994
-5.07335
-5.05066
-5.02664
-5.00148
-4.98113
-4.96967
-4.96704
-4.97293
-4.99089
-5.01582
-5.04784
-5.08304
-5.11569
-5.14528
-5.16493
-5.17575
-5.17615
-5.1669
-5.15325
-5.13666
-5.11924
-5.10128
-5.08387
-5.06691
-5.05104
-5.03735
-5.02487
-5.01911
-5.01685
-5.01798
-5.02262
-5.03055
-5.04204
-5.0562
-5.07035
-5.08525
-5.09764
-5.10588
-5.11076
-5.11053
-5.11003
-5.10896
-5.11189
-5.1182
-5.12544
-5.13213
-5.13626
-5.1361
-5.1326
-5.12647
-5.11632
-5.1031
-5.08863
-5.07329
-5.06089
-5.05267
-5.04943
-5.0489
-5.04802
-5.0436
-5.03248
-5.01669
-5.00102
-4.99035
-4.98595
-4.98538
-4.98889
-4.99297
-4.99758
-5.00034
-5.00303
-5.00632
-5.01709
-5.0395
-5.06925
-5.09604
-5.11185
-5.1149
-5.10947
-5.09959
-5.08709
-5.07543
-5.06454
-5.05421
-5.04348
-5.0308
-5.01742
-5.00474
-4.99356
-4.98899
-4.99055
-4.99748
-5.0071
-5.0206
-5.03218
-5.04442
-5.05519
-5.0666
-5.0798
-5.09416
-5.11053
-5.1287
-5.14669
-5.16226
-5.17493
-5.1817
-5.18314
-5.17646
-5.16167
-5.13599
-5.09946
-5.05606
-5.00731
-4.96348
-4.93585
-4.93293
-4.95403
-4.99068
-5.02985
-5.06508
-5.09354
-5.11348
-5.12716
-5.13174
-5.1295
-5.11768
-5.09858
-5.07464
-5.05072
-5.03032
-5.01755
-5.01293
-5.01619
-5.023
-5.03251
-5.04101
-5.04742
-5.04878
-5.04686
-5.04546
-5.04644
-5.05181
-5.06239
-5.07751
-5.09536
-5.11468
-5.13308
-5.14939
-5.16126
-5.16566
-5.16043
-5.14704
-5.12246
-5.09152
-5.05825
-5.02662
-5.00263
-4.987
-4.97894
-4.97758
-4.98241
-4.99067
-5.00206
-5.01517
-5.02907
-5.045
-5.05945
-5.07084
-5.07818
-5.08008
-5.07483
-5.06249
-5.04431
-5.02203
-5.00074
-4.98168
-4.96776
-4.96107
-4.96116
-4.96521
-4.96962
-4.97153
-4.97112
-4.96708
-4.95811
-4.94473
-4.92901
-4.91077
-4.8931
-4.87779
-4.86833
-4.86454
-4.86629
-4.87382
-4.88394
-4.89401
-4.90189
-4.90289
-4.8931
-4.87535
-4.85288
-4.83228
-4.82001
-4.82048
-4.83445
-4.85926
-4.8941
-4.9335
-4.97312
-5.00929
-5.03939
-5.05927
-5.06994
-5.07063
-5.06525
-5.05562
-5.04725
-5.04086
-5.03933
-5.04232
-5.04997
-5.05917
-5.06535
-5.06772
-5.06592
-5.05785
-5.04699
-5.03412
-5.01961
-5.00538
-4.98938
-4.9739
-4.95972
-4.94429
-4.92803
-4.91067
-4.89289
-4.8751
-4.86014
-4.84779
-4.83878
-4.83335
-4.82753
-4.8233
-4.82036
-4.82465
-4.83783
-4.86282
-4.8951
-4.93359
-4.97259
-5.0085
-5.04199
-5.06952
-5.09099
-5.10651
-5.11631
-5.11905
-5.11791
-5.11059
-5.09993
-5.08752
-5.07493
-5.06221
-5.04943
-5.03432
-5.01661
-4.99633
-4.97507
-4.95449
-4.93821
-4.93251
-4.9344
-4.9454
-4.96358
-4.98647
-5.00867
-5.02634
-5.03835
-5.04392
-5.04459
-5.04164
-5.03746
-5.03464
-5.03144
-5.03219
-5.03608
-5.04648
-5.05731
-5.06448
-5.06209
-5.05125
-5.03104
-5.00609
-4.97839
-4.95289
-4.93149
-4.91765
-4.91156
-4.91142
-4.91763
-4.93197
-4.9511
-4.97607
-5.00681
-5.04196
-5.07541
-5.10636
-5.13173
-5.14705
-5.15331
-5.14669
-5.12611
-5.09482
-5.05544
-5.01276
-4.97212
-4.93937
-4.91806
-4.91047
-4.91424
-4.92515
-4.93838
-4.94989
-4.95497
-4.95561
-4.95205
-4.9502
-4.95201
-4.9613
-4.97186
-4.98606
-5.00188
-5.01423
-5.0261
-5.03353
-5.03687
-5.03669
-5.03209
-5.02567
-5.01752
-5.0072
-4.99555
-4.98071
-4.96284
-4.94579
-4.93054
-4.91979
-4.91675
-4.9181
-4.91852
-4.91485
-4.90242
-4.87847
-4.8466
-4.8082
-4.77129
-4.75073
-4.75845
-4.7934
-4.84719
-4.90461
-4.95441
-4.9911
-5.0143
-5.02817
-5.03474
-5.03834
-5.04232
-5.04769
-5.05692
-5.06606
-5.07304
-5.07922
-5.07992
-5.08003
-5.07743
-5.07414
-5.066
-5.05319
-5.03327
-5.00599
-4.97713
-4.95493
-4.94958
-4.96507
-4.99936
-5.04243
-5.08333
-5.11645
-5.13752
-5.14398
-5.13786
-5.12084
-5.09528
-5.07132
-5.05288
-5.04458
-5.04337
-5.04525
-5.04437
-5.04008
-5.03305
-5.02383
-5.01664
-5.0112
-5.00888
-5.01079
-5.01727
-5.02782
-5.03923
-5.04755
-5.05177
-5.05215
-5.04982
-5.04839
-5.0498
-5.05334
-5.05908
-5.06901
-5.08199
-5.09596
-5.1131
-5.12979
-5.14565
-5.15623
-5.16154
-5.15705
-5.1425
-5.11801
-5.08488
-5.04755
-5.01039
-4.97614
-4.94944
-4.92897
-4.91529
-4.90709
-4.90597
-4.91141
-4.92395
-4.94214
-4.96331
-4.98367
-4.99995
-5.01202
-5.01537
-5.01178
-5.00397
-4.99179
-4.97871
-4.96632
-4.95691
-4.95542
-4.96738
-4.99787
-5.0447
-5.09918
-5.14973
-5.18783
-5.2095
-5.21327
-5.19692
-5.16563
-5.12577
-5.08708
-5.05821
-5.04116
-5.0371
-5.0427
-5.05393
-5.0694
-5.08458
-5.09786
-5.10488
-5.10522
-5.09937
-5.08774
-5.07367
-5.0581
-5.03771
-5.01513
-4.9892
-4.96636
-4.9495
-4.94198
-4.94445
-4.95886
-4.98471
-5.01875
-5.05292
-5.08314
-5.10822
-5.12724
-5.14046
-5.14672
-5.14604
-5.13799
-5.12005
-5.0939
-5.06127
-5.02775
-4.9976
-4.97623
-4.96771
-4.972
-4.98842
-5.01156
-5.03769
-5.06233
-5.08328
-5.09748
-5.10565
-5.10807
-5.10463
-5.0974
-5.08515
-5.07074
-5.05297
-5.03233
-5.01278
-4.9935
-4.97686
-4.96539
-4.95918
-4.95899
-4.96371
-4.97264
-4.98089
-4.98971
-4.99529
-4.99882
-4.99893
-4.99437
-4.98409
-4.96967
-4.95232
-4.93178
-4.91011
-4.88919
-4.87198
-4.86102
-4.85644
-4.85711
-4.86278
-4.87167
-4.88171
-4.89459
-4.90856
-4.92697
-4.95036
-4.97839
-5.0109
-5.04349
-5.07355
-5.09912
-5.1154
-5.12199
-5.12009
-5.11066
-5.09746
-5.08512
-5.07839
-5.07878
-5.08741
-5.10022
-5.11275
-5.12226
-5.12676
-5.12314
-5.11835
-5.11063
-5.10816
-5.10563
-5.10315
-5.09584
-5.08342
-5.066
-5.04784
-5.03452
-5.02958
-5.03498
-5.0499
-5.07488
-5.10841
-5.14646
-5.18346
-5.21609
-5.24277
-5.2613
-5.26953
-5.26575
-5.25054
-5.22708
-5.19994
-5.17318
-5.15043
-5.13402
-5.12297
-5.11618
-5.11178
-5.10977
-5.10972
-5.10492
-5.09657
-5.08213
-5.0609
-5.03496
-5.00533
-4.98126
-4.96362
-4.9568
-4.96236
-4.97925
-5.00123
-5.02373
-5.04233
-5.05511
-5.06143
-5.06246
-5.06149
-5.05688
-5.05139
-5.04346
-5.03504
-5.02596
-5.01762
-5.01419
-5.01916
-5.02826
-5.03811
-5.04368
-5.04379
-5.03651
-5.02367
-5.00793
-4.99388
-4.98438
-4.97934
-4.97916
-4.98095
-4.98438
-4.98554
-4.98291
-4.97466
-4.95836
-4.93507
-4.908
-4.88051
-4.85717
-4.84138
-4.83688
-4.84357
-4.86357
-4.89521
-4.9335
-4.9746
-5.01418
-5.04914
-5.07778
-5.10061
-5.11609
-5.12827
-5.13438
-5.13568
-5.12856
-5.11314
-5.08882
-5.0561
-5.01912
-4.98435
-4.95418
-4.93513
-4.92941
-4.93661
-4.95456
-4.97917
-5.0083
-5.03771
-5.06522
-5.08653
-5.10055
-5.10496
-5.09946
-5.08462
-5.06408
-5.04213
-5.0234
-5.00924
-5.00044
-4.99407
-4.98896
-4.98545
-4.98247
-4.98464
-4.99306
-5.00672
-5.02262
-5.03643
-5.04726
-5.05497
-5.06263
-5.06999
-5.07678
-5.0841
-5.09139
-5.09771
-5.10151
-5.10252
-5.10245
-5.10244
-5.10389
-5.10701
-5.11105
-5.11329
-5.11116
-5.10212
-5.08429
-5.06086
-5.03416
-5.00847
-4.98647
-4.97375
-4.96767
-4.96555
-4.9677
-4.97116
-4.97271
-4.97531
-4.97649
-4.97835
-4.97852
-4.97899
-4.97986
-4.97878
-4.97896
-4.9769
-4.97275
-4.96699
-4.96009
-4.95516
-4.95414
-4.95778
-4.96515
-4.97517
-4.98447
-4.98798
-4.98452
-4.97373
-4.95265
-4.9201
-4.88064
-4.84252
-4.82274
-4.82833
-4.85251
-4.88367
-4.91156
-4.9294
-4.94143
-4.94848
-4.9524
-4.95713
-4.96675
-4.98122
-4.99983
-5.02119
-5.04118
-5.05896
-5.07373
-5.08307
-5.08746
-5.08777
-5.08117
-5.06814
-5.04924
-5.02479
-4.99569
-4.96792
-4.94581
-4.93244
-4.93244
-4.94373
-4.96455
-4.9897
-5.01806
-5.04398
-5.06641
-5.08002
-5.08794
-5.08651
-5.07872
-5.06738
-5.05638
-5.04711
-5.04032
-5.03457
-5.03035
-5.02709
-5.02427
-5.02271
-5.02117
-5.02244
-5.02767
-5.03729
-5.05041
-5.06404
-5.07449
-5.07864
-5.07405
-5.05767
-5.03129
-4.99605
-4.95508
-4.91379
-4.87939
-4.85574
-4.84573
-4.85228
-4.87308
-4.90249
-4.9361
-4.96781
-4.99621
-5.01938
-5.03762
-5.05178
-5.06266
-5.07047
-5.07435
-5.07484
-5.07123
-5.06327
-5.0519
-5.0363
-5.01681
-4.99617
-4.97426
-4.95217
-4.93019
-4.91506
-4.90391
-4.9
-4.90468
-4.91845
-4.94112
-4.97091
-5.00766
-5.04829
-5.08985
-5.13142
-5.16763
-5.19668
-5.21603
-5.2234
-5.21903
-5.2035
-5.17986
-5.1498
-5.12142
-5.09625
-5.07864
-5.06861
-5.06569
-5.06663
-5.06896
-5.07135
-5.07156
-5.07258
-5.07165
-5.07266
-5.07517
-5.0789
-5.08611
-5.0939
-5.10046
-5.10333
-5.10239
-5.09618
-5.08771
-5.07755
-5.06898
-5.06134
-5.05532
-5.04921
-5.04318
-5.03794
-5.03361
-5.03001
-5.02453
-5.01661
-5.00603
-4.9932
-4.97963
-4.9681
-4.95966
-4.95712
-4.96158
-4.97374
-4.9907
-5.0115
-5.03408
-5.05653
-5.07518
-5.09096
-5.10201
-5.10639
-5.10602
-5.10153
-5.09152
-5.08068
-5.06669
-5.0519
-5.03972
-5.0321
-5.02874
-5.02898
-5.03164
-5.03405
-5.03269
-5.02756
-5.01922
-5.00958
-4.99936
-4.99101
-4.98437
-4.97902
-4.97539
-4.96885
-4.96207
-4.95439
-4.94571
-4.93884
-4.93306
-4.92978
-4.93066
-4.93546
-4.94663
-4.9647
-4.99115
-5.02118
-5.05029
-5.07806
-5.10377
-5.12846
-5.14934
-5.16464
-5.17162
-5.16988
-5.15726
-5.13507
-5.10833
-5.07964
-5.0515
-5.0279
-5.00704
-4.98797
-4.97097
-4.95398
-4.93691
-4.92286
-4.91317
-4.91064
-4.91616
-4.92729
-4.94283
-4.95536
-4.96571
-4.97197
-4.97736
-4.98089
-4.98386
-4.98814
-4.99041
-4.98952
-4.98548
-4.97719
-4.96718
-4.96219
-4.96476
-4.98041
-5.00504
-5.03089
-5.05478
-5.07054
-5.07674
-5.07551
-5.06517
-5.05112
-5.03553
-5.0221
-5.0125
-5.00792
-5.00822
-5.01289
-5.01887
-5.02448
-5.03071
-5.03388
-5.03592
-5.0357
-5.03376
-5.03031
-5.02753
-5.02226
-5.01242
-4.9981
-4.97772
-4.95146
-4.92155
-4.89188
-4.86815
-4.85398
-4.85412
-4.86728
-4.89127
-4.92289
-4.95934
-4.99953
-5.03784
-5.06961
-5.09022
-5.09576
-5.08779
-5.0659
-5.03316
-4.99572
-4.9601
-4.92946
-4.90877
-4.90245
-4.90886
-4.9314
-4.964
-5.00336
-5.04483
-5.08164
-5.11043
-5.12895
-5.13474
-5.12755
-5.10779
-5.08113
-5.04991
-5.02177
-5.00361
-4.99486
-4.99613
-5.00349
-5.01495
-5.03061
-5.04782
-5.0663
-5.086
-5.10489
-5.1203
-5.1345
-5.14343
-5.14564
-5.14046
-5.12761
-5.1096
-5.08751
-5.06702
-5.04941
-5.03494
-5.02505
-5.0203
-5.02107
-5.02856
-5.03987
-5.05204
-5.06389
-5.07429
-5.08251
-5.08866
-5.09134
-5.08986
-5.08293
-5.07116
-5.05685
-5.04337
-5.03185
-5.02464
-5.02256
-5.02326
-5.02519
-5.02691
-5.02862
-5.02741
-5.02586
-5.02316
-5.01683
-5.00837
-4.99849
-4.98927
-4.98377
-4.9882
-5.0023
-5.0236
-5.05098
-5.07868
-5.10146
-5.12088
-5.13502
-5.14451
-5.14965
-5.15169
-5.14962
-5.14291
-5.13337
-5.11955
-5.10375
-5.08258
-5.05644
-5.02733
-4.99744
-4.97156
-4.95421
-4.94857
-4.9537
-4.96768
-4.98899
-5.01232
-5.0344
-5.05069
-5.06153
-5.06437
-5.06047
-5.05005
-5.03699
-5.02262
-5.01104
-5.00314
-4.99963
-4.99912
-4.9988
-4.9986
-4.99778
-4.99782
-4.99792
-5.00106
-5.00892
-5.0193
-5.03006
-5.0394
-5.04734
-5.05445
-5.05941
-5.0652
-5.07408
-5.08279
-5.09139
-5.09235
-5.08604
-5.06938
-5.04192
-5.00768
-4.96802
-4.93015
-4.89816
-4.87808
-4.87103
-4.87367
-4.88544
-4.90118
-4.91858
-4.93315
-4.94663
-4.9565
-4.96306
-4.96729
-4.97009
-4.97213
-4.97489
-4.97857
-4.98036
-4.98156
-4.98109
-4.97779
-4.97172
-4.96416
-4.95477
-4.94552
-4.93773
-4.92994
-4.92415
-4.91726
-4.91133
-4.90561
-4.9017
-4.89864
-4.89689
-4.89503
-4.89162
-4.88827
-4.88907
-4.89729
-4.91835
-4.94903
-4.98644
-5.02122
-5.04892
-5.06595
-5.0714
-5.06723
-5.05339
-5.03628
-5.01935
-5.00545
-4.99675
-4.9935
-4.99635
-4.99917
-5.00108
-5.00259
-5.00176
-4.99976
-4.99992
-5.00085
-5.00311
-5.00513
-5.00629
-5.00332
-4.99672
-4.98711
-4.97834
-4.97254
-4.97337
-4.97925
-4.98866
-4.99884
-5.00676
-5.01193
-5.01566
-5.01873
-5.02181
-5.02521
-5.02899
-5.03162
-5.03004
-5.02773
-5.0246
-5.02031
-5.01504
-5.0095
-5.00275
-4.9954
-4.98745
-4.98002
-4.97353
-4.96686
-4.96137
-4.95951
-4.96053
-4.96668
-4.97578
-4.98783
-5.00435
-5.02328
-5.0422
-5.05679
-5.06635
-5.07075
-5.06803
-5.06193
-5.05251
-5.04254
-5.03068
-5.01844
-5.00535
-4.99252
-4.98103
-4.97322
-4.96799
-4.96624
-4.96735
-4.96941
-4.97365
-4.97889
-4.98469
-4.98903
-4.99243
-4.99583
-4.99654
-4.9949
-4.99184
-4.98727
-4.98601
-4.98702
-4.9908
-4.99819
-5.01099
-5.0245
-5.03711
-5.04583
-5.04837
-5.04576
-5.04315
-5.04061
-5.04103
-5.04407
-5.04971
-5.05658
-5.06482
-5.07159
-5.0793
-5.08793
-5.09667
-5.10601
-5.11444
-5.11924
-5.11909
-5.1106
-5.09291
-5.06504
-5.02944
-4.99214
-4.95987
-4.938
-4.92983
-4.93522
-4.95056
-4.97374
-5.00046
-5.02569
-5.04628
-5.06164
-5.07124
-5.07848
-5.08235
-5.08163
-5.07519
-5.0646
-5.04905
-5.02985
-5.0089
-4.98923
-4.97392
-4.96953
-4.974
-4.98591
-5.00117
-5.01734
-5.0317
-5.04347
-5.055
-5.06685
-5.07786
-5.08793
-5.09857
-5.10617
-5.10748
-5.1004
-5.08097
-5.04898
-5.00551
-4.9511
-4.89492
-4.84305
-4.80683
-4.79727
-4.82042
-4.87179
-4.93557
-4.99754
-5.04663
-5.07877
-5.09338
-5.09518
-5.08571
-5.07233
-5.05948
-5.04965
-5.04421
-5.04316
-5.04279
-5.04287
-5.04145
-5.0388
-5.03451
-5.03071
-5.02565
-5.0202
-5.01455
-5.00879
-5.00449
-5.00075
-4.99789
-4.99505
-4.99132
-4.98811
-4.98174
-4.97166
-4.95757
-4.94004
-4.91743
-4.89284
-4.86744
-4.84655
-4.82883
-4.81889
-4.81599
-4.82167
-4.83469
-4.85427
-4.8766
-4.8979
-4.91812
-4.93476
-4.95012
-4.96351
-4.97481
-4.98387
-4.98879
-4.99067
-4.98893
-4.98707
-4.98711
-4.99031
-4.99794
-5.00913
-5.02094
-5.03358
-5.04268
-5.04723
-5.04799
-5.04393
-5.04095
-5.04158
-5.04696
-5.05862
-5.07271
-5.08626
-5.09915
-5.11169
-5.12019
-5.12332
-5.12375
-5.11723
-5.10552
-5.08879
-5.06963
-5.04954
-5.02921
-5.01301
-5.00172
-4.99738
-5.00016
-5.00704
-5.01485
-5.01685
-5.01154
-4.99668
-4.97199
-4.94348
-4.91774
-4.89791
-4.88904
-4.89155
-4.90157
-4.91698
-4.93712
-4.95636
-4.97585
-4.99339
-5.00877
-5.02013
-5.02637
-5.02788
-5.02276
-5.01191
-4.99746
-4.98476
-4.97598
-4.9714
-4.97019
-4.9705
-4.9721
-4.97891
-4.98812
-4.99875
-5.00948
-5.01766
-5.01995
-5.01699
-5.0116
-5.00962
-5.01451
-5.02313
-5.03295
-5.03917
-5.0403
-5.03776
-5.03203
-5.02322
-5.00827
-4.98963
-4.96695
-4.94164
-4.91513
-4.89434
-4.8802
-4.87867
-4.89185
-4.92147
-4.96272
-5.00775
-5.0479
-5.0771
-5.09298
-5.09342
-5.08339
-5.06797
-5.05158
-5.03943
-5.03148
-5.02863
-5.03003
-5.03503
-5.04027
-5.04577
-5.04696
-5.04613
-5.03814
-5.02449
-5.00594
-4.985
-4.96636
-4.9505
-4.94029
-4.93268
-4.92984
-4.92704
-4.92697
-4.9275
-4.93042
-4.93818
-4.95031
-4.96449
-4.97785
-4.98605
-4.98865
-4.98579
-4.97647
-4.96246
-4.94733
-4.93229
-4.9209
-4.9173
-4.922
-4.93448
-4.952
-4.96972
-4.98507
-4.99699
-5.00386
-5.00777
-5.01107
-5.01239
-5.01342
-5.01479
-5.01567
-5.01679
-5.01675
-5.01637
-5.01397
-5.01115
-5.00996
-5.00748
-5.00386
-4.99869
-4.99125
-4.98315
-4.97407
-4.96698
-4.96433
-4.96992
-4.98277
-5.00268
-5.02727
-5.0518
-5.07545
-5.09138
-5.10194
-5.10805
-5.10795
-5.10298
-5.09465
-5.08246
-5.06367
-5.03947
-5.0112
-4.98744
-4.97379
-4.97519
-4.98588
-5.00066
-5.01418
-5.02231
-5.02667
-5.02735
-5.02619
-5.02497
-5.02324
-5.02215
-5.02081
-5.01912
-5.01606
-5.01258
-5.01181
-5.01192
-5.01404
-5.0193
-5.02596
-5.03624
-5.05139
-5.06804
-5.08715
-5.10202
-5.11182
-5.11267
-5.10303
-5.08453
-5.05816
-5.02809
-4.99393
-4.95884
-4.92282
-4.89164
-4.87026
-4.86877
-4.89069
-4.931
-4.97775
-5.02182
-5.05814
-5.08459
-5.09823
-5.1013
-5.09162
-5.07068
-5.04328
-5.01042
-4.97462
-4.93961
-4.90931
-4.88687
-4.87421
-4.87344
-4.88513
-4.90603
-4.93418
-4.96631
-4.99859
-5.02867
-5.05571
-5.0794
-5.09716
-5.10877
-5.11552
-5.11752
-5.11521
-5.10897
-5.09928
-5.08621
-5.0698
-5.05065
-5.03064
-5.0118
-4.99521
-4.98152
-4.97081
-4.96439
-4.96122
-4.96208
-4.9669
-4.97504
-4.98319
-4.99394
-5.00318
-5.01087
-5.01734
-5.01935
-5.01692
-5.00998
-4.99921
-4.98596
-4.97318
-4.96362
-4.95878
-4.96246
-4.97577
-5.00062
-5.03493
-5.07335
-5.10713
-5.13265
-5.14696
-5.15186
-5.1478
-5.13902
-5.12652
-5.11221
-5.09899
-5.0879
-5.07874
-5.0732
-5.07206
-5.07419
-5.07501
-5.07484
-5.0712
-5.06395
-5.05337
-5.04126
-5.03172
-5.02657
-5.03006
-5.03887
-5.05088
-5.06393
-5.07412
-5.08283
-5.08927
-5.09278
-5.09272
-5.09204
-5.09015
-5.08729
-5.08498
-5.08332
-5.08088
-5.07859
-5.07596
-5.07417
-5.07398
-5.07454
-5.07614
-5.07749
-5.07869
-5.07651
-5.07061
-5.05914
-5.04345
-5.02486
-5.00534
-4.98425
-4.96406
-4.94473
-4.92769
-4.91024
-4.89607
-4.88523
-4.87944
-4.88102
-4.8878
-4.89643
-4.90624
-4.91538
-4.9226
-4.92758
-4.92999
-4.93418
-4.94077
-4.94931
-4.96269
-4.97832
-4.9939
-5.00726
-5.01601
-5.02332
-5.02658
-5.02788
-5.02584
-5.01845
-5.00734
-4.99168
-4.97172
-4.95125
-4.93241
-4.91907
-4.91788
-4.92955
-4.95191
-4.9833
-5.01393
-5.03854
-5.05264
-5.05687
-5.05057
-5.0387
-5.02434
-5.01222
-5.0025
-4.99738
-4.9966
-5.00087
-5.00396
-5.00679
-5.00688
-5.00676
-5.00627
-5.0066
-5.00918
-5.01329
-5.02058
-5.02911
-5.03964
-5.052
-5.06452
-5.07532
-5.08466
-5.09159
-5.09791
-5.10352
-5.10829
-5.11449
-5.12026
-5.1225
-5.12167
-5.11601
-5.10668
-5.09382
-5.07981
-5.06781
-5.05658
-5.04721
-5.03787
-5.02508
-5.00658
-4.97754
-4.94187
-4.90517
-4.87331
-4.85678
-4.85948
-4.88384
-4.9209
-4.96569
-5.01116
-5.05218
-5.0838
-5.10163
-5.10503
-5.09442
-5.07257
-5.04472
-5.01613
-4.98828
-4.96825
-4.95659
-4.95364
-4.9567
-4.9612
-4.96718
-4.97034
-4.97085
-4.97046
-4.96789
-4.96521
-4.96248
-4.95964
-4.95573
-4.94939
-4.93956
-4.92638
-4.91189
-4.89874
-4.8923
-4.89314
-4.90268
-4.91787
-4.93288
-4.94217
-4.94643
-4.94447
-4.93968
-4.93485
-4.93476
-4.94223
-4.95518
-4.97263
-4.99458
-5.0182
-5.03964
-5.05743
-5.06966
-5.07455
-5.07214
-5.06411
-5.05046
-5.03822
-5.02763
-5.01729
-5.00779
-4.99672
-4.98587
-4.97523
-4.96676
-4.96245
-4.96298
-4.9688
-4.97915
-4.99099
-5.00162
-5.00898
-5.01361
-5.01608
-5.01739
-5.01968
-5.02146
-5.02302
-5.02031
-5.0156
-5.00896
-5.00022
-4.99218
-4.9846
-4.97757
-4.97154
-4.96908
-4.97139
-4.98075
-4.99512
-5.01434
-5.03493
-5.05339
-5.06449
-5.06541
-5.05474
-5.02998
-4.99346
-4.94825
-4.9018
-4.85878
-4.82658
-4.80946
-4.80847
-4.82176
-4.84762
-4.88226
-4.921
-4.95895
-4.99178
-5.01771
-5.03236
-5.03804
-5.03674
-5.0281
-5.01617
-5.00263
-4.99004
-4.98088
-4.97595
-4.97526
-4.98004
-4.99059
-5.00258
-5.01438
-5.02428
-5.02829
-5.02516
-5.0154
-4.99826
-4.97788
-4.95728
-4.94145
-4.9343
-4.93856
-4.95289
-4.97367
-4.9952
-5.0123
-5.0231
-5.0258
-5.02146
-5.01127
-4.99724
-4.98332
-4.97156
-4.96477
-4.96373
-4.96998
-4.98307
-5.00028
-5.01899
-5.03716
-5.05146
-5.05906
-5.05799
-5.04612
-5.02617
-5.00171
-4.97507
-4.94875
-4.92702
-4.90862
-4.89544
-4.88558
-4.87921
-4.87733
-4.87916
-4.8844
-4.89167
-4.90348
-4.92162
-4.94377
-4.97022
-4.99718
-5.02451
-5.0507
-5.07464
-5.09513
-5.10945
-5.12184
-5.13181
-5.14386
-5.15951
-5.17339
-5.18654
-5.1944
-5.19626
-5.19015
-5.17687
-5.15644
-5.1312
-5.10216
-5.07469
-5.04821
-5.02728
-5.01351
-5.00726
-5.00512
-5.00455
-5.00393
-5.00304
-5.0047
-5.01049
-5.01825
-5.0232
-5.02406
-5.01994
-5.00955
-4.99879
-4.98629
-4.97398
-4.96298
-4.95192
-4.94688
-4.94685
-4.95277
-4.96023
-4.9695
-4.97777
-4.98352
-4.9865
-4.98807
-4.98675
-4.98499
-4.98122
-4.98
-4.98107
-4.98325
-4.98663
-4.99129
-4.99601
-5.00024
-5.00544
-5.00875
-5.01253
-5.0126
-5.01047
-5.00477
-4.99681
-4.98846
-4.97918
-4.9741
-4.97422
-4.9824
-4.99893
-5.01733
-5.03208
-5.03867
-5.03214
-5.01429
-4.99041
-4.96407
-4.94066
-4.9236
-4.9174
-4.92049
-4.93282
-4.95153
-4.97651
-5.00489
-5.03436
-5.0647
-5.09045
-5.1129
-5.13157
-5.14479
-5.1557
-5.16405
-5.1725
-5.17906
-5.18484
-5.18911
-5.18956
-5.18663
-5.17846
-5.1647
-5.14582
-5.12439
-5.10296
-5.0828
-5.06732
-5.05626
-5.04822
-5.04269
-5.0347
-5.02427
-5.01253
-5.00131
-4.994
-4.9923
-4.99754
-5.01175
-5.02867
-5.04833
-5.06617
-5.08058
-5.08895
-5.09118
-5.08809
-5.08267
-5.07681
-5.07114
-5.06437
-5.05319
-5.03631
-5.01631
-4.99536
-4.97655
-4.9588
-4.94649
-4.9393
-4.93711
-4.94113
-4.95114
-4.96502
-4.98186
-4.99881
-5.01443
-5.03066
-5.0434
-5.05144
-5.05366
-5.05625
-5.05719
-5.0598
-5.06352
-5.06929
-5.07949
-5.09318
-5.10932
-5.12476
-5.13647
-5.14539
-5.15008
-5.14914
-5.14095
-5.12467
-5.09927
-5.06466
-5.02502
-4.98491
-4.94883
-4.92144
-4.90418
-4.89531
-4.89066
-4.88853
-4.88885
-4.89244
-4.90328
-4.92548
-4.95594
-4.99184
-5.02783
-5.06205
-5.08776
-5.10428
-5.11372
-5.11475
-5.10855
-5.09807
-5.08793
-5.07776
-5.06992
-5.06502
-5.06152
-5.05867
-5.05631
-5.05332
-5.05123
-5.04414
-5.03613
-5.02865
-5.02261
-5.01814
-5.01639
-5.01286
-5.00766
-4.99567
-4.97985
-4.96225
-4.94507
-4.92975
-4.92047
-4.91834
-4.92483
-4.93867
-4.96143
-4.98977
-5.01822
-5.04435
-5.06569
-5.07969
-5.08747
-5.09032
-5.08682
-5.07808
-5.06767
-5.05651
-5.04277
-5.02779
-5.01016
-4.99214
-4.97315
-4.95604
-4.94482
-4.94152
-4.94758
-4.96137
-4.9786
-4.99202
-5.00007
-5.00389
-5.00339
-5.00144
-4.99878
-4.99484
-4.9927
-4.98688
-4.97931
-4.96992
-4.95859
-4.94609
-4.92993
-4.9092
-4.88351
-4.85802
-4.83585
-4.82328
-4.82229
-4.83578
-4.85738
-4.88481
-4.91135
-4.93564
-4.95715
-4.97474
-4.98778
-4.99726
-5.00394
-5.01096
-5.01667
-5.02138
-5.02844
-5.03522
-5.03874
-5.03959
-5.0397
-5.03718
-5.0354
-5.03923
-5.04881
-5.0655
-5.08715
-5.11075
-5.13148
-5.14779
-5.15447
-5.14952
-5.13519
-5.1122
-5.08531
-5.05655
-5.02829
-5.00427
-4.98417
-4.9677
-4.95614
-4.95276
-4.95779
-4.96921
-4.98546
-5.00452
-5.02358
-5.04544
-5.06584
-5.08619
-5.10493
-5.11918
-5.12684
-5.12532
-5.1154
-5.10043
-5.0809
-5.06143
-5.04421
-5.03373
-5.03158
-5.03931
-5.0543
-5.07327
-5.09156
-5.10614
-5.10973
-5.10393
-5.08871
-5.06524
-5.03796
-5.00961
-4.98859
-4.97788
-4.977
-4.98276
-4.99159
-4.99775
-5.00009
-4.99607
-4.98594
-4.97239
-4.96006
-4.94837
-4.9417
-4.93873
-4.93846
-4.93975
-4.94036
-4.94106
-4.93934
-4.93669
-4.93177
-4.92541
-4.91866
-4.91258
-4.90827
-4.90568
-4.90377
-4.90446
-4.90684
-4.90984
-4.91316
-4.91886
-4.92433
-4.92998
-4.93752
-4.94448
-4.94965
-4.95567
-4.9601
-4.96067
-4.95842
-4.9534
-4.94775
-4.94054
-4.93466
-4.93127
-4.93054
-4.9327
-4.93672
-4.94309
-4.94952
-4.95278
-4.94904
-4.93643
-4.91541
-4.88989
-4.86404
-4.8456
-4.83643
-4.83588
-4.84209
-4.84879
-4.85457
-4.85779
-4.86118
-4.86473
-4.87219
-4.88262
-4.89729
-4.91339
-4.92975
-4.94507
-4.95882
-4.97289
-4.98688
-5.00207
-5.01248
-5.01544
-5.01009
-4.99973
-4.98211
-4.96127
-4.94083
-4.92345
-4.91333
-4.91209
-4.92138
-4.94093
-4.96773
-4.99859
-5.02831
-5.05586
-5.07603
-5.08881
-5.09326
-5.09458
-5.08907
-5.07902
-5.06622
-5.05325
-5.04238
-5.03699
-5.03511
-5.03187
-5.02515
-5.01102
-4.99027
-4.96424
-4.93398
-4.90434
-4.87712
-4.85512
-4.84176
-4.83604
-4.83448
-4.83472
-4.83421
-4.83052
-4.82602
-4.82558
-4.83486
-4.85718
-4.89288
-4.93672
-4.98518
-5.03287
-5.07792
-5.11626
-5.14655
-5.16937
-5.18247
-5.18734
-5.18254
-5.16749
-5.14124
-5.10678
-5.0678
-5.02764
-4.9907
-4.95714
-4.92859
-4.90624
-4.89323
-4.89083
-4.89803
-4.91189
-4.93036
-4.95032
-4.96922
-4.98894
-5.00668
-5.02184
-5.0342
-5.04289
-5.04853
-5.04951
-5.04706
-5.04326
-5.03662
-5.03082
-5.02722
-5.02783
-5.03221
-5.03801
-5.04697
-5.05658
-5.06893
-5.08611
-5.1079
-5.12963
-5.14894
-5.16011
-5.16275
-5.15787
-5.14777
-5.1343
-5.11884
-5.10236
-5.08457
-5.06553
-5.04464
-5.02386
-5.00299
-4.9851
-4.96886
-4.95443
-4.94155
-4.93001
-4.91869
-4.9094
-4.90429
-4.90506
-4.91124
-4.92261
-4.93804
-4.95574
-4.97322
-4.9886
-4.99932
-5.00575
-5.00755
-5.00106
-4.98988
-4.97432
-4.95618
-4.93779
-4.92244
-4.91032
-4.90383
-4.90217
-4.90427
-4.90744
-4.91008
-4.91184
-4.91247
-4.91635
-4.92601
-4.94562
-4.97289
-5.00573
-5.03739
-5.06375
-5.08161
-5.08685
-5.07897
-5.05753
-5.02243
-4.97685
-4.92517
-4.87305
-4.83167
-4.80531
-4.80324
-4.82135
-4.85475
-4.89708
-4.93831
-4.97233
-4.99571
-5.00672
-5.00751
-5.00206
-4.99697
-4.99456
-4.99336
-4.99023
-4.98227
-4.96687
-4.94854
-4.93069
-4.91645
-4.90899
-4.91172
-4.92476
-4.94668
-4.97404
-5.00216
-5.02583
-5.04025
-5.0454
-5.03813
-5.02445
-5.00973
-5.0004
-4.99691
-5.00031
-5.00826
-5.01768
-5.02648
-5.03317
-5.03836
-5.04075
-5.03986
-5.03536
-5.02697
-5.01592
-5.00377
-4.98584
-4.96574
-4.94187
-4.92017
-4.90065
-4.88737
-4.88474
-4.89365
-4.91219
-4.9351
-4.95869
-4.97634
-4.98704
-4.98852
-4.98704
-4.98752
-4.99462
-5.00734
-5.01676
-5.02191
-5.02158
-5.01693
-5.00926
-5.00041
-4.98935
-4.97523
-4.96292
-4.95422
-4.95463
-4.96122
-4.97551
-4.9948
-5.01628
-5.03718
-5.05741
-5.07686
-5.09285
-5.10361
-5.11157
-5.11752
-5.12245
-5.12522
-5.12832
-5.1304
-5.12949
-5.12434
-5.11305
-5.09478
-5.07047
-5.04426
-5.01965
-5.00131
-4.99011
-4.98668
-4.98903
-4.99652
-5.007
-5.01542
-5.02179
-5.0235
-5.01769
-5.01004
-5.00074
-4.99038
-4.97977
-4.96995
-4.96329
-4.96381
-4.97211
-4.98773
-5.00506
-5.02004
-5.03142
-5.0372
-5.03707
-5.03257
-5.02488
-5.01788
-5.01165
-5.00827
-5.00531
-5.00251
-4.99607
-4.9877
-4.97809
-4.96968
-4.96505
-4.96389
-4.96623
-4.97371
-4.98351
-4.99315
-5.00251
-5.00738
-5.00846
-5.00653
-5.00018
-4.98973
-4.9781
-4.96739
-4.95348
-4.9369
-4.91733
-4.89669
-4.87776
-4.867
-4.86993
-4.88869
-4.92121
-4.9649
-5.00775
-5.04382
-5.06655
-5.07625
-5.07226
-5.06069
-5.0453
-5.03152
-5.02267
-5.02166
-5.02815
-5.03988
-5.05206
-5.06255
-5.06619
-5.06237
-5.05213
-5.03298
-5.00881
-4.98613
-4.972
-4.97146
-4.9868
-5.01388
-5.04727
-5.08009
-5.10854
-5.12991
-5.14689
-5.15693
-5.16181
-5.16247
-5.15774
-5.15189
-5.14714
-5.14198
-5.13715
-5.1332
-5.12661
-5.11666
-5.10196
-5.08511
-5.06877
-5.05387
-5.0404
-5.02799
-5.0135
-4.99394
-4.9725
-4.95133
-4.93489
-4.92471
-4.92308
-4.92781
-4.93605
-4.94596
-4.95326
-4.95681
-4.95649
-4.95256
-4.94641
-4.93925
-4.93183
-4.92311
-4.9164
-4.91313
-4.91228
-4.91596
-4.92273
-4.93325
-4.94304
-4.95133
-4.95563
-4.95327
-4.94193
-4.9249
-4.90232
-4.88209
-4.86851
-4.86445
-4.8665
-4.87182
-4.87967
-4.88872
-4.90008
-4.91416
-4.93028
-4.94206
-4.95226
-4.95912
-4.96365
-4.9676
-4.9747
-4.98505
-4.99853
-5.01473
-5.0326
-5.04973
-5.06693
-5.08061
-5.08975
-5.09553
-5.09982
-5.10713
-5.11959
-5.13989
-5.16428
-5.18807
-5.20616
-5.21211
-5.20552
-5.187
-5.15723
-5.12157
-5.08043
-5.03685
-4.99705
-4.96101
-4.93629
-4.9202
-4.91454
-4.9146
-4.91311
-4.90538
-4.8907
-4.87307
-4.85717
-4.8474
-4.84835
-4.8625
-4.88584
-4.91565
-4.94765
-4.97886
-5.0057
-5.02709
-5.0417
-5.04817
-5.04672
-5.04145
-5.0342
-5.02702
-5.02091
-5.01963
-5.01857
-5.01716
-5.01401
-5.00668
-4.99573
-4.98224
-4.96658
-4.9497
-4.93544
-4.92452
-4.91843
-4.91617
-4.91904
-4.92578
-4.93544
-4.94619
-4.9583
-4.97089
-4.98097
-4.98605
-4.98412
-4.97534
-4.95985
-4.94192
-4.92504
-4.91309
-4.90457
-4.9027
-4.90771
-4.91692
-4.93108
-4.9487
-4.9677
-4.98676
-5.0025
-5.01448
-5.02114
-5.02137
-5.01481
-5.00445
-4.98958
-4.9773
-4.9699
-4.97003
-4.97894
-4.99688
-5.02047
-5.04544
-5.0684
-5.08653
-5.09958
-5.10778
-5.11293
-5.11462
-5.11292
-5.10582
-5.09173
-5.0717
-5.04835
-5.02332
-5.00025
-4.98247
-4.97253
-4.96839
-4.96995
-4.97442
-4.97964
-4.98456
-4.98821
-4.99031
-4.99225
-4.99309
-4.99148
-4.99123
-4.99088
-4.99334
-4.99841
-5.0085
-5.01997
-5.02943
-5.03125
-5.02438
-5.00969
-4.99226
-4.9813
-4.98724
-5.01254
-5.04706
-5.08081
-5.10507
-5.11622
-5.11416
-5.09874
-5.07634
-5.0556
-5.0431
-5.04398
-5.0583
-5.08051
-5.10384
-5.12593
-5.14171
-5.15148
-5.15614
-5.1555
-5.14862
-5.1365
-5.11761
-5.09602
-5.07279
-5.04786
-5.02647
-5.00648
-4.98954
-4.97591
-4.96873
-4.96793
-4.97229
-4.98052
-4.98419
-4.9832
-4.97373
-4.96331
-4.95137
-4.94234
-4.93714
-4.93888
-4.94897
-4.96138
-4.9769
-4.98992
-4.99984
-5.00463
-5.00682
-5.00899
-5.01197
-5.01699
-5.02235
-5.02755
-5.03024
-5.03234
-5.03304
-5.03299
-5.03483
-5.03704
-5.04079
-5.04727
-5.05773
-5.07099
-5.08636
-5.10307
-5.11519
-5.12016
-5.11596
-5.10574
-5.08923
-5.06871
-5.04683
-5.0256
-5.0125
-5.00782
-5.00924
-5.01499
-5.02067
-5.02336
-5.01765
-5.0043
-4.98222
-4.95984
-4.94088
-4.93167
-4.9329
-4.94634
-4.96831
-4.99454
-5.02272
-5.05183
-5.07802
-5.09641
-5.10751
-5.10671
-5.09405
-5.06988
-5.03505
-4.99354
-4.95268
-4.91616
-4.88933
-4.87454
-4.87127
-4.87495
-4.88414
-4.8958
-4.90841
-4.92242
-4.93871
-4.95683
-4.97714
-4.99852
-5.02285
-5.04679
-5.07099
-5.09358
-5.11215
-5.12693
-5.13734
-5.1437
-5.14719
-5.14884
-5.14858
-5.14808
-5.14459
-5.13648
-5.12197
-5.10191
-5.07866
-5.05382
-5.02778
-5.00317
-4.98265
-4.96114
-4.94448
-4.93386
-4.93062
-4.93385
-4.93789
-4.93989
-4.93862
-4.93454
-4.92768
-4.92283
-4.92137
-4.92075
-4.91889
-4.91951
-4.92146
-4.92445
-4.93
-4.93699
-4.94073
-4.93919
-4.9305
-4.91603
-4.89675
-4.87597
-4.8591
-4.85112
-4.85468
-4.87419
-4.90636
-4.94688
-4.99185
-5.03537
-5.07277
-5.1004
-5.11814
-5.12441
-5.11805
-5.1031
-5.08292
-5.06075
-5.04354
-5.03542
-5.03412
-5.03606
-5.03702
-5.03413
-5.03007
-5.02833
-5.03078
-5.03892
-5.04813
-5.05676
-5.06356
-5.06483
-5.06087
-5.05127
-5.03884
-5.0271
-5.01807
-5.01377
-5.0156
-5.02125
-5.0292
-5.03869
-5.04796
-5.05206
-5.05065
-5.04269
-5.02608
-5.0047
-4.98318
-4.96463
-4.95693
-4.95779
-4.96681
-4.981
-4.99739
-5.01412
-5.03045
-5.0449
-5.05597
-5.06034
-5.05305
-5.03444
-5.01029
-4.98772
-4.97187
-4.96346
-4.95766
-4.95182
-4.94261
-4.93408
-4.92284
-4.9139
-4.91166
-4.91289
-4.92268
-4.94108
-4.96678
-4.99687
-5.026
-5.05074
-5.06955
-5.08358
-5.09393
-5.10426
-5.11433
-5.11919
-5.11603
-5.10252
-5.08008
-5.05485
-5.03264
-5.01733
-5.01021
-5.00849
-5.01095
-5.01389
-5.0125
-5.00357
-4.98804
-4.96623
-4.94256
-4.92194
-4.90596
-4.89944
-4.90236
-4.91182
-4.92646
-4.9436
-4.96179
-4.98017
-4.99894
-5.0181
-5.03594
-5.04845
-5.05502
-5.05639
-5.05643
-5.05442
-5.05261
-5.05115
-5.04985
-5.04655
-5.04501
-5.04544
-5.05226
-5.06497
-5.0828
-5.10085
-5.1138
-5.11671
-5.10878
-5.09207
-5.07346
-5.05758
-5.04774
-5.04539
-5.04807
-5.0544
-5.06302
-5.07296
-5.08042
-5.08555
-5.08377
-5.07685
-5.06317
-5.04446
-5.02259
-5.00017
-4.98229
-4.97135
-4.96973
-4.97565
-4.98647
-4.9989
-5.01232
-5.02454
-5.03741
-5.04855
-5.05759
-5.06654
-5.07336
-5.07952
-5.08661
-5.09297
-5.09855
-5.10472
-5.10819
-5.10991
-5.1066
-5.09926
-5.09079
-5.08341
-5.07863
-5.07533
-5.07245
-5.06926
-5.06593
-5.06103
-5.05745
-5.05446
-5.05472
-5.06119
-5.0728
-5.08928
-5.10897
-5.13092
-5.15392
-5.17585
-5.19472
-5.20835
-5.21643
-5.21904
-5.21817
-5.21646
-5.21651
-5.22007
-5.22259
-5.22196
-5.2175
-5.2058
-5.19035
-5.17419
-5.161
-5.14947
-5.13957
-5.12958
-5.11735
-5.10109
-5.07796
-5.04549
-5.00731
-4.96515
-4.92536
-4.89346
-4.87154
-4.85859
-4.85062
-4.84596
-4.84207
-4.84144
-4.84968
-4.86831
-4.89823
-4.93542
-4.97388
-5.00912
-5.03567
-5.05402
-5.06261
-5.06278
-5.05732
-5.04902
-5.03967
-5.02882
-5.01718
-5.00471
-4.99018
-4.97082
-4.94526
-4.91854
-4.89392
-4.87763
-4.87354
-4.88265
-4.90247
-4.92552
-4.94557
-4.96
