1.2
1.18541
1.16594
1.14608
1.13008
1.12054
1.11756
1.11915
1.12257
1.12542
1.12614
1.12395
1.1185
1.10949
1.09671
1.08055
1.06238
1.04481
1.03147
1.02605
1.03089
1.04575
1.06793
1.09331
1.11783
1.1384
1.15327
1.16193
1.1651
1.16456
1.16295
1.16304
1.16673
1.17411
1.18319
1.19078
1.19362
1.18949
1.17784
1.16025
1.14063
1.12438
1.11621
1.11775
1.1271
1.14029
1.15318
1.16267
1.16708
1.16612
1.23108
1.22196
1.21084
1.20006
1.19091
1.18405
1.17978
1.17824
1.17913
1.18143
1.18344
1.18362
1.18126
1.17681
1.17134
1.16582
1.16083
1.15679
1.15393
1.15183
1.14942
1.14556
1.13979
1.13267
1.12544
1.11953
1.11593
1.11479
1.11545
1.11686
1.11829
1.11973
1.12212
1.12712
1.1365
1.1511
1.16997
1.19062
1.21009
1.22606
1.23728
1.2437
1.24627
1.24663
1.24643
1.24668
1.24694
1.2454
1.23947
1.22676
1.22842
1.20122
1.16845
1.13526
1.1051
1.08002
1.06067
1.04671
1.03755
1.03272
1.03209
1.03576
1.04379
1.05598
1.07165
1.08955
1.10805
1.12544
1.14028
1.15151
1.1584
1.16063
1.15844
1.15269
1.14483
1.13646
1.12883
1.12241
1.11698
1.11219
1.10814
1.10563
1.1057
1.10908
1.11571
1.12495
1.13603
1.14858
1.16244
1.17729
1.19226
1.206
1.21702
1.22403
1.22625
1.22331
1.21542
1.20347
1.18919
1.17507
1.23133
1.2239
1.22107
1.22294
1.22794
1.23387
1.23846
1.24015
1.23874
1.23548
1.23238
1.23124
1.23296
1.23715
1.24235
1.24648
1.24759
1.24465
1.23761
1.22695
1.21322
1.19684
1.17843
1.15925
1.14137
1.1269
1.11681
1.11042
1.10609
1.10262
1.10003
1.09937
1.10184
1.10817
1.11859
1.13313
1.15176
1.174
1.19853
1.22352
1.24718
1.26814
1.28564
1.29961
1.31051
1.31876
1.32431
1.32674
1.32544
1.3199
1.29691
1.281
1.25877
1.23184
1.2029
1.17624
1.15667
1.14779
1.15046
1.1627
1.18093
1.20164
1.22214
1.24059
1.25584
1.2674
1.27542
1.2805
1.28333
1.28442
1.28385
1.2814
1.27673
1.26988
1.26156
1.25325
1.24692
1.24445
1.24705
1.2548
1.26659
1.28033
1.29343
1.30358
1.30943
1.31081
1.30837
1.30308
1.29603
1.28849
1.282
1.27815
1.27786
1.28063
1.28431
1.28593
1.28301
1.27487
1.26334
1.25208
1.18703
1.18374
1.18432
1.18669
1.18878
1.18927
1.1875
1.18303
1.17554
1.16495
1.15173
1.13703
1.12257
1.11014
1.10117
1.09655
1.09676
1.10218
1.11308
1.12928
1.14979
1.17264
1.19503
1.21379
1.22614
1.23036
1.22657
1.21719
1.20649
1.19833
1.19348
1.18946
1.18349
1.17516
1.16694
1.16221
1.16303
1.16932
1.17949
1.19136
1.20263
1.21117
1.2155
1.21521
1.21108
1.20473
1.19794
1.19199
1.18758
1.18519
1.20903
1.21113
1.21589
1.22203
1.22761
1.23094
1.23124
1.22847
1.22271
1.21397
1.20241
1.18875
1.17427
1.16052
1.14881
1.13979
1.13327
1.12845
1.12447
1.12094
1.11825
1.11749
1.12
1.12682
1.13832
1.15387
1.17187
1.19009
1.20631
1.21885
1.22699
1.23106
1.2322
1.2316
1.2296
1.22555
1.21866
1.20944
1.19997
1.19245
1.18773
1.1851
1.18349
1.18214
1.18097
1.18065
1.18259
1.18806
1.19695
1.20749
1.23007
1.23567
1.23776
1.23601
1.23128
1.22509
1.21932
1.2157
1.21522
1.21779
1.22248
1.22788
1.23245
1.23477
1.23376
1.22882
1.21999
1.20794
1.19389
1.17955
1.1668
1.15724
1.15205
1.15226
1.15841
1.16918
1.18078
1.18863
1.18983
1.18424
1.17392
1.16191
1.15108
1.14312
1.13829
1.1359
1.13519
1.13597
1.13881
1.14479
1.15468
1.16802
1.18304
1.19737
1.20895
1.21656
1.21973
1.2186
1.21396
1.20737
1.20899
1.20309
1.19846
1.19481
1.19149
1.18849
1.18641
1.18605
1.18804
1.19272
1.1998
1.20813
1.21583
1.22079
1.22138
1.21688
1.20763
1.19485
1.18057
1.16757
1.15949
1.16038
1.17275
1.19534
1.223
1.24908
1.26832
1.27801
1.27761
1.26777
1.24971
1.22509
1.19609
1.16599
1.14012
1.12544
1.12635
1.14048
1.1608
1.18111
1.19823
1.21092
1.21856
1.22084
1.21805
1.21123
1.2023
1.19396
1.18913
1.1903
1.1987
1.21359
1.23203
1.24939
1.26114
1.26539
1.26441
1.26255
1.26138
1.25822
1.25019
1.23733
1.2217
1.20482
1.1864
1.16496
1.1397
1.11241
1.08848
1.07536
1.07874
1.09908
1.13182
1.17033
1.20867
1.24265
1.27003
1.29022
1.30373
1.31142
1.3141
1.31246
1.30722
1.29924
1.2894
1.27839
1.26675
1.25503
1.24386
1.23371
1.22435
1.2151
1.2064
1.20174
1.20674
1.22402
1.24979
1.27671
1.29876
1.31275
