1.27049
1.2559
1.24352
1.23665
1.23802
1.24826
1.2656
1.28667
1.30775
1.32578
1.33881
1.34601
1.34726
1.34294
1.33357
1.31986
1.30284
1.28412
1.26605
1.25155
1.24376
1.24516
1.25661
1.27686
1.30279
1.33054
1.35638
1.37752
1.39221
1.39984
1.40098
1.39734
1.39153
1.38619
1.38298
1.38181
1.38096
1.37808
1.37128
1.35981
1.34445
1.32756
1.31255
1.30289
1.30085
1.30662
1.3184
1.33324
1.34799
1.36016
1.36832
1.37237
1.37337
1.37304
1.37316
1.375
1.37891
1.38431
1.39001
1.3945
1.39646
1.39506
1.39022
1.38246
1.37287
1.36261
1.3526
1.34336
1.33514
1.32796
1.3216
1.31569
1.30988
1.30407
1.29838
1.29313
1.28871
1.2856
1.28432
1.28536
1.28899
1.29497
1.30249
1.31029
1.3171
1.32201
1.3248
1.32595
1.3267
1.32888
1.33447
1.34503
1.361
1.38136
1.40385
1.42566
1.4443
1.45806
1.46615
1.46845
1.46528
1.45712
1.44454
1.42818
1.40877
1.38705
1.3637
1.3394
1.3149
1.2909
1.26814
1.24727
1.22884
1.21333
1.20132
1.19363
1.19137
1.19597
1.20878
1.23034
1.25961
1.29389
1.32937
1.36231
1.38968
1.40961
1.42129
1.42479
1.42074
1.4103
1.39507
1.37705
1.35843
1.34129
1.32703
1.31589
1.30703
1.29915
1.29139
1.28385
1.27749
1.27358
1.27299
1.27583
1.28153
1.28918
1.29789
1.30692
1.31552
1.32286
1.32821
1.33131
1.33263
1.33337
1.33504
1.33893
1.3457
1.35525
1.36707
1.38034
1.39414
1.40748
1.41929
1.42854
1.43429
1.43585
1.43288
1.42549
1.41436
1.40059
1.38555
1.37059
1.35675
1.34473
1.33481
1.32703
1.32123
1.31707
1.31427
1.31271
1.31241
1.31335
1.31512
1.31689
1.31779
1.31727
1.31525
1.31205
1.30822
1.30454
1.30171
1.30014
1.29939
1.29819
1.29477
1.28792
1.27791
1.26671
1.25705
1.2506
1.24672
1.24324
1.23856
1.23333
1.23028
1.23238
1.24131
1.25739
1.28034
1.30872
1.33914
1.36669
1.38683
1.39703
1.39749
1.39085
1.38119
1.37241
1.36674
1.36411
1.36283
1.36088
1.35694
1.35079
1.34295
1.33417
1.32487
1.31509
1.30483
1.29457
1.28544
1.27902
1.27671
1.27933
1.28683
1.29877
1.31474
1.33462
1.35829
1.38503
1.41305
1.43968
1.4619
1.47705
1.48336
1.48006
1.4673
1.44613
1.41858
1.38772
1.35725
1.3306
1.31014
1.29693
1.29069
1.29007
1.29324
1.29867
1.30569
1.31452
1.32574
1.33962
1.35549
1.37179
1.38651
1.39773
1.40411
1.40512
1.40102
1.39274
1.38182
1.37013
1.3596
1.35187
1.34783
1.34741
1.34959
1.35278
1.35539
1.35616
1.35438
1.34992
1.3431
1.33461
1.32551
1.31734
1.31216
1.31209
1.31839
1.33054
1.34628
1.36254
1.3767
1.38709
1.39294
1.39402
1.39059
1.38336
1.37351
1.36241
1.35132
1.34097
1.33156
1.32293
1.31485
1.30729
1.30061
1.29547
1.29283
1.29352
1.29811
1.3066
1.31838
1.33232
1.34702
1.36123
1.37419
1.38571
1.3962
1.40638
1.417
1.42834
1.43997
1.45077
1.45923
1.46405
1.46451
1.46061
1.45288
1.44216
1.42924
1.41471
1.39892
1.38212
1.36462
1.34703
1.33035
1.31589
1.30503
1.2989
1.29815
1.30279
1.31229
1.32573
1.34192
1.35962
1.37759
1.39466
1.40974
1.42185
1.43022
1.43455
1.43522
1.43324
1.43002
1.42678
1.42403
1.42104
1.41614
1.40737
1.39377
1.37623
1.35773
1.3424
1.33382
1.33345
1.34035
1.35227
1.36686
1.38242
1.3978
1.41219
1.42488
1.43505
1.44177
1.44417
1.44199
1.4363
1.42953
1.42452
1.42298
1.42439
1.42635
1.426
1.4213
1.4118
1.39874
1.38453
1.37174
1.36183
1.35468
1.34923
1.34452
1.34037
1.33734
1.33641
1.3385
1.34408
1.3528
1.36325
1.37331
1.38088
1.3846
1.38427
1.38083
1.3757
1.37019
1.36501
1.3601
1.3549
1.34863
1.34072
1.33126
1.32134
1.31285
1.30784
1.30745
1.31128
1.31768
1.32462
1.33025
1.33319
1.33251
1.3276
1.31831
1.30512
1.2892
1.27215
1.25526
1.23893
1.22293
1.20749
1.19437
1.1865
1.1863
1.19366
1.20538
1.21653
1.22278
1.22246
1.21793
1.21531
1.22135
1.2383
1.26185
1.28463
1.30117
1.30979
1.31162
1.30912
1.30496
1.30128
1.29905
1.29767
1.29529
1.28979
1.28
1.26629
1.25033
1.23428
1.21999
1.20873
1.20119
1.19771
1.19834
1.20291
1.21099
1.22191
1.2349
1.24909
1.26347
1.277
1.28891
1.29894
1.3074
1.315
1.32248
1.33037
1.33884
1.34785
1.35727
1.36695
1.37679
1.38675
1.39673
1.40658
1.41601
1.4245
1.43118
1.43484
1.43417
1.42799
1.41559
1.39705
1.37339
1.34679
1.32035
1.29748
1.28079
1.27132
