-5.13438
-5.11177
-5.08406
-5.05398
-5.02966
-5.01475
-5.01133
-5.01282
-5.01705
-5.02117
-5.02149
-5.01836
-5.00974
-4.99652
-4.97796
-4.95387
-4.92616
-4.89964
-4.87962
-4.87134
-4.878
-4.90029
-4.93372
-4.9718
-5.00873
-5.03928
-5.06188
-5.07458
-5.07902
-5.07761
-5.07549
-5.07592
-5.08207
-5.09313
-5.10737
-5.11875
-5.12256
-5.11697
-5.09965
-5.07266
-5.04383
-5.01959
-5.00838
-5.01024
-5.02458
-5.04467
-5.0631
-5.07734
-5.08395
-5.08206
-5.07496
-5.06306
-5.0498
-5.03745
-5.02788
-5.02211
-5.01986
-5.02081
-5.02421
-5.02984
-5.03403
-5.03595
-5.03301
-5.02671
-5.01978
-5.0122
-5.00668
-5.00095
-4.99745
-4.99294
-4.98801
-4.98235
-4.9743
-4.96389
-4.95359
-4.94458
-4.93926
-4.93759
-4.93954
-4.9415
-4.94376
-4.94553
-4.94805
-4.9525
-4.96058
-4.97717
-5.00149
-5.02996
-5.05835
-5.08523
-5.10703
-5.12241
-5.13033
-5.13302
-5.13281
-5.13021
-5.12859
-5.1259
-5.11884
-5.10173
-5.077
-5.04054
-4.99849
-4.95216
-4.9089
-4.87291
-4.84463
-4.82263
-4.80726
-4.79619
-4.79185
-4.79343
-4.80284
-4.82026
-4.84438
-4.8735
-4.90386
-4.9344
-4.96238
-4.98424
-5.00015
-5.00859
-5.00881
-5.00275
-4.99264
-4.97877
-4.96588
-4.95373
-4.94545
-4.93916
-4.93349
-4.92575
-4.91886
-4.91088
-4.90659
-4.90429
-4.90805
-4.91637
-4.92956
-4.94812
-4.97087
-4.99562
-5.01722
-5.03481
-5.04645
-5.05152
-5.05067
-5.04413
-5.03342
-5.02083
-5.00813
-4.9977
-4.99406
-4.99771
-5.00776
-5.0218
-5.03609
-5.04893
-5.05611
-5.05763
-5.0553
-5.04962
-5.04285
-5.03729
-5.03044
-5.02407
-5.01786
-5.01169
-5.00584
-4.99818
-4.98641
-4.96829
-4.94421
-4.91983
-4.89671
-4.87799
-4.86999
-4.87277
-4.88419
-4.8993
-4.91635
-4.93212
-4.9469
-4.96137
-4.97583
-4.99243
-5.01143
-5.03168
-5.05181
-5.07068
-5.08627
-5.10061
-5.11229
-5.12096
-5.12653
-5.13136
-5.13171
-5.12655
-5.11702
-5.10238
-5.08358
-5.0626
-5.04128
-5.02213
-5.00628
-4.99562
-4.99048
-4.99067
-4.99621
-5.00632
-5.02329
-5.04469
-5.0708
-5.09608
-5.11678
-5.12897
-5.13117
-5.12793
-5.11926
-5.10988
-5.10136
-5.0934
-5.08493
-5.07603
-5.06465
-5.04788
-5.02535
-4.99873
-4.97055
-4.94241
-4.91974
-4.90244
-4.89462
-4.89726
-4.9128
-4.93704
-4.96721
-4.99595
-5.02202
-5.04135
-5.05598
-5.0671
-5.07429
-5.07958
-5.08315
-5.08177
-5.07706
-5.07075
-5.06362
-5.0581
-5.05667
-5.06055
-5.07032
-5.08569
-5.104
-5.12282
-5.13534
-5.13895
-5.13213
-5.11591
-5.09542
-5.07563
-5.06026
-5.05051
-5.04552
-5.04416
-5.04489
-5.04494
-5.04512
-5.04473
-5.04359
-5.04221
-5.03988
-5.03523
-5.02908
-5.02108
-5.01494
-5.0128
-5.01153
-5.00956
-5.01105
-5.01523
-5.02251
-5.03525
-5.05115
-5.06944
-5.08916
-5.10791
-5.12602
-5.14151
-5.15252
-5.15899
-5.15835
-5.154
-5.14361
-5.12901
-5.1131
-5.09451
-5.07435
-5.05357
-5.03293
-5.01262
-4.99257
-4.97336
-4.96086
-4.95886
-4.97007
-4.98982
-5.01538
-5.04454
-5.07301
-5.09858
-5.11808
-5.13145
-5.13491
-5.12851
-5.11194
-5.08842
-5.06115
-5.03191
-5.0086
-4.99206
-4.984
-4.98476
-4.99207
-5.00051
-5.00648
-5.00677
-4.99995
-4.98584
-4.96522
-4.9459
-4.93579
-4.93828
-4.95812
-4.99364
-5.03677
-5.08151
-5.12305
-5.15773
-5.18242
-5.19671
-5.20361
-5.20462
-5.20502
-5.20424
-5.19857
-5.18642
-5.16578
-5.14352
-5.12163
-5.10453
-5.09435
-5.09111
-5.09331
-5.099
-5.10664
-5.11585
-5.12337
-5.12491
-5.1177
-5.10353
-5.08086
-5.05333
-5.02407
-4.99676
-4.9751
-4.96038
-4.95319
-4.95283
-4.9555
-4.95895
-4.96286
-4.96528
-4.96876
-4.97414
-4.98305
-4.99475
-5.00875
-5.02434
-5.04075
-5.05688
-5.0704
-5.08257
-5.09072
-5.09613
-5.09814
-5.09695
-5.09257
-5.08743
-5.08178
-5.08044
-5.08475
-5.09436
-5.10581
-5.11913
-5.12955
-5.13647
-5.1386
-5.13471
-5.12475
-5.10774
-5.07872
-5.0387
-4.99794
-4.97222
-4.97405
-4.99219
-5.01396
-5.03359
-5.05227
-5.07493
-5.09998
-5.12436
-5.1462
-5.16615
-5.18305
-5.20016
-5.21312
-5.22192
-5.22432
-5.21733
-5.2032
-5.1814
-5.15615
-5.12801
-5.10317
-5.0835
-5.06858
-5.06202
-5.06201
-5.06642
-5.07497
-5.08434
-5.0934
-5.10004
-5.10632
-5.11064
-5.11255
-5.11693
-5.12193
-5.12737
-5.13351
-5.13987
-5.14459
-5.14743
-5.151
-5.1527
-5.15497
-5.15629
-5.15702
-5.15775
-5.15619
-5.15291
-5.1443
-5.12973
-5.1074
-5.07857
-5.04488
-5.0106
-4.97733
-4.9484
-4.92676
-4.91265
-4.90566
-4.90973
-4.9247
-4.94726
-4.97715
-5.00956
-5.03702
-5.06025
-5.07606
-5.08791
-5.09571
-5.10181
-5.10648
-5.11126
-5.11601
-5.12212
-5.12701
-5.13099
-5.1301
-5.12457
-5.11949
-5.11809
-5.12396
-5.13038
-5.13558
-5.13145
-5.11827
-5.09606
-5.06694
-5.03278
-4.99677
-4.96285
-4.93374
-4.91389
-4.90936
-4.91947
