-5.01475
-5.01475
-5.01475
-5.01475
-5.01475
-5.0146
-5.01309
-5.01037
-5.0072
-5.00417
-5.00191
-4.99995
-4.99843
-4.99662
-4.99571
-4.99601
-4.99496
-4.99465
-4.99405
-4.99435
-4.99495
-4.99556
-4.9954
-4.99601
-4.99692
-4.99752
-4.99707
-4.99647
-4.99768
-4.99768
-4.99768
-4.99783
-4.99798
-4.99919
-4.99919
-4.99934
-4.99934
-4.99949
-5.0007
-5.00115
-5.0013
-5.00055
-5.0004
-4.99995
-4.99949
-4.99949
-4.99964
-4.99964
-4.99858
-4.99874
-4.99858
-4.99798
-4.99768
-4.99798
-4.99798
-4.99813
-4.99904
-4.99949
-5.0004
-5.00115
-5.00055
-5.00115
-5.00161
-5.00115
-5.0007
-5.00055
-5.0007
-5.0001
-5.00085
-5.0013
-5.00085
-4.99934
-4.99949
-4.99828
-4.99874
-4.99919
-4.99964
-4.99889
-4.99964
-4.99889
-4.99964
-5.0004
-5.0001
-5.0001
-5.00025
-4.99964
-4.99949
-5.0001
-4.99904
-4.99949
-4.99979
-4.99949
-4.99904
-4.99949
-4.99889
-4.99844
-4.99813
-4.99859
-4.99859
-4.99859
-4.99828
-4.99919
-4.99995
-5.00025
-5.0001
-4.99979
-4.99964
-4.99919
-4.99904
-4.99844
-4.99829
-4.99859
-4.99844
-4.99934
-4.99889
-4.99949
-4.9998
-5.00055
-5.00085
-5.00055
-5.0004
-5.0007
-4.9995
-4.99949
-4.99919
-4.99949
-4.99919
-4.99874
-4.99919
-5.0004
-5.00055
-5.00146
-5.00131
-5.00101
-5.00161
-5.00191
-5.00176
-5.00222
-5.00191
-5.00282
-5.00267
-5.00176
-5.00086
-5.00116
-5.0007
-4.9998
-5.00025
-5.0004
-5.00086
-5.0007
-5.00055
-5.00131
-5.00161
-5.00146
-5.00086
-5.0007
-5.00025
-5.0001
-4.99995
-4.99995
-5.00055
-5.00131
-5.00131
-5.00116
-5.00101
-5.00086
-5.00131
-5.00161
-5.00252
-5.00146
-5.00071
-5.00071
-5.00131
-5.00131
-5.00207
-5.00252
-5.00312
-5.00267
-5.00388
-5.00373
-5.00282
-5.00297
-5.00388
-5.00297
-5.00282
-5.00343
-5.00373
-5.00343
-5.00373
-5.00448
-5.00433
-5.00312
-5.00343
-5.00312
-5.00343
-5.00313
-5.00267
-5.00237
-5.00161
-5.00176
-5.00086
-5.00071
-5.00056
-5.0004
-4.99965
-4.99935
-4.99889
-4.99859
-4.99874
-4.99904
-4.9992
-4.99935
-4.99965
-4.99995
-4.9995
-4.99995
-4.9995
-4.99965
-4.99935
-5.00056
-5.00026
-4.9995
-4.9998
-5.0001
-4.99965
-4.99995
-5.00056
-5.00026
-5.00041
-5.00071
-5.00161
-5.00146
-5.00071
-5.00056
-5.00071
-5.00116
-5.00101
-5.00146
-5.00176
-5.00116
-5.00101
-5.00086
-4.9998
-5.00131
-5.00161
-5.00161
-5.00207
-5.00192
-5.00116
-5.00161
-5.00131
-5.00101
-5.00041
-5.00041
-4.9998
-4.99965
-5.00056
-5.00071
-5.00086
-5.00101
-5.00131
-5.00146
-5.00131
-5.00146
-5.00192
-5.00207
-5.00161
-5.00116
-4.99995
-5.00025
-5.00101
-5.00101
-5.00056
-5.00041
-5.00116
-5.00131
-5.00222
-5.00177
-5.00192
-5.00237
-5.00358
-5.00373
-5.00433
-5.00433
-5.00298
-5.00328
-5.00388
-5.00403
-5.00312
-5.00343
-5.00358
-5.00328
-5.00328
-5.00328
-5.00252
-5.00222
-5.00161
-5.00101
-5.00146
-5.00116
-5.00176
-5.00191
-5.00146
-5.00146
-5.00176
-5.00343
-5.00312
-5.00297
-5.00267
-5.00252
-5.00222
-5.00131
-5.00116
-5.00101
-5.00056
-5.0001
-5.0004
-5.00086
-5.00131
-5.00192
-5.00161
-5.00146
-5.00146
-5.00131
-5.00116
-5.00116
-5.0001
-4.99995
-5.00025
-4.99965
-4.9992
-4.99889
-4.99904
-4.99995
-4.9992
-4.99935
-4.99905
-4.9998
-5.0001
-4.99995
-5.0001
-4.9998
-5.00025
-5.0004
-5.00056
-5.0004
-5.00116
-5.00056
-5.00056
-5.00101
-5.00161
-5.00207
-5.00176
-5.00237
-5.00252
-5.00222
-5.00161
-5.0001
-5.0004
-5.00071
-5.00055
-5.00086
-5.00086
-5.00131
-5.00131
-5.00101
-5.00161
-5.00192
-5.00192
-5.00146
-5.00056
-5.00116
-5.0004
-4.9995
-5.0001
-4.99995
-4.9998
-4.99874
-4.99889
-4.99934
-4.9995
-4.99919
-4.99874
-4.9998
-5.0001
-5.00071
-5.0004
-5.00041
-5.00041
-5.00131
-5.00192
-5.00192
-5.00222
-5.00222
-5.00267
-5.00282
-5.00267
-5.00207
-5.00207
-5.00252
-5.00328
-5.00373
-5.00343
-5.00358
-5.00328
-5.00312
-5.00297
-5.00312
-5.00312
-5.00282
-5.00267
-5.00237
-5.00222
-5.00222
-5.00267
-5.00312
-5.00343
-5.00373
-5.00358
-5.00297
-5.00343
-5.00358
-5.00388
-5.00297
-5.00282
-5.00252
-5.00237
-5.00161
-5.00055
-5.00101
-5.00086
-5.00086
-4.99935
-4.9998
-4.99904
-4.99889
-4.99784
-4.99784
-4.99753
-4.99693
-4.99693
-4.99723
-4.99799
-4.99829
-4.99829
-4.99829
-4.9998
-4.9998
-4.9998
-4.9998
-4.9998
-5.0001
-4.9995
-4.9992
-4.9995
-4.99935
-4.99814
-4.99784
-4.99799
-4.99874
-4.99844
-4.99708
-4.99754
-4.99754
-4.99693
-4.99693
-4.99633
-4.99633
-4.99693
-4.99633
-4.99678
-4.99678
-4.99769
-4.99754
-4.99738
-4.99829
-4.99859
-4.99844
-4.99829
-4.99814
-4.99814
-4.99814
-4.99859
-4.99859
-4.99874
-4.99814
-4.99814
-4.99708
-4.99723
-4.99769
-4.99738
-4.99859
-4.9995
-4.9989
-4.99995
-4.99995
-4.99965
-4.99965
-4.99995
-5.0001
