-3.33438
-3.33365
-3.33515
-3.33485
-3.33454
-3.33394
-3.335
-3.33409
-3.33319
-3.33304
-3.33229
-3.33244
-3.33198
-3.33229
-3.33289
-3.33304
-3.33258
-3.33243
-3.33242
-3.33227
-3.33167
-3.33167
-3.33182
-3.33183
-3.33198
-3.33168
-3.33198
-3.33168
-3.33137
-3.33076
-3.33106
-3.33136
-3.33197
-3.33197
-3.33258
-3.33258
-3.33213
-3.33273
-3.33288
-3.33228
-3.33287
-3.33302
-3.33407
-3.33362
-3.33393
-3.33424
-3.33333
-3.33333
-3.33333
-3.33288
-3.33393
-3.33438
-3.33469
-3.33453
-3.33423
-3.33423
-3.33423
-3.33408
-3.33363
-3.33408
-3.33393
-3.33439
-3.33378
-3.33303
-3.33333
-3.33333
-3.33499
-3.33559
-3.33726
-3.33695
-3.33635
-3.3365
-3.3365
-3.3359
-3.33559
-3.33484
-3.33453
-3.33423
-3.33469
-3.33378
-3.33318
-3.33257
-3.33242
-3.33197
-3.3303
-3.33015
-3.33045
-3.32985
-3.32804
-3.32759
-3.32789
-3.32895
-3.3294
-3.32986
-3.33031
-3.32925
-3.3294
-3.33001
-3.33077
-3.32941
-3.33077
-3.33077
-3.33258
-3.33242
-3.33242
-3.33333
-3.33454
-3.33514
-3.33635
-3.3362
-3.3368
-3.33665
-3.33695
-3.33771
-3.33832
-3.33877
-3.33787
-3.33741
-3.33741
-3.33651
-3.33636
-3.33621
-3.3353
-3.33469
-3.33484
-3.33363
-3.33348
-3.33242
-3.33303
-3.33393
-3.33484
-3.33393
-3.33424
-3.33303
-3.33378
-3.33333
-3.33438
-3.33453
-3.33378
-3.33318
-3.33318
-3.33409
-3.33363
-3.33348
-3.33333
-3.33318
-3.33348
-3.33363
-3.33378
-3.33424
-3.33423
-3.33333
-3.33348
-3.33378
-3.33378
-3.33348
-3.33273
-3.33333
-3.33333
-3.33318
-3.33363
-3.33333
-3.33288
-3.33378
-3.33348
-3.33378
-3.33408
-3.33393
-3.33408
-3.33409
-3.33394
-3.33303
-3.33152
-3.33257
-3.33347
-3.33272
-3.33317
-3.33408
-3.33514
-3.33499
-3.33544
-3.33559
-3.3362
-3.3371
-3.33725
-3.33771
-3.33846
-3.33892
-3.33877
-3.33816
-3.33635
-3.33635
-3.33711
-3.33786
-3.33786
-3.33937
-3.33953
-3.33862
-3.33877
-3.33923
-3.33968
-3.33998
-3.33952
-3.33877
-3.33741
-3.3365
-3.33605
-3.3359
-3.33605
-3.33529
-3.33529
-3.33393
-3.33394
-3.33409
-3.335
-3.33545
-3.33439
-3.33484
-3.33424
-3.33454
-3.33514
-3.33484
-3.33318
-3.33212
-3.33197
-3.33167
-3.33137
-3.33152
-3.33197
-3.33121
-3.33181
-3.33121
-3.33106
-3.33015
-3.3303
-3.32955
-3.33
-3.3297
-3.33106
-3.33121
-3.33151
-3.33197
-3.33136
-3.33167
-3.33333
-3.33333
-3.33303
-3.33333
-3.33348
-3.33378
-3.33438
-3.33453
-3.33393
-3.33317
-3.33227
-3.33288
-3.33273
-3.33288
-3.33318
-3.33288
-3.33257
-3.33212
-3.33166
-3.33136
-3.33121
-3.33166
-3.33272
-3.33272
-3.33302
-3.33302
-3.33257
-3.33242
-3.33257
-3.33242
-3.33288
-3.33227
-3.33227
-3.33378
-3.33408
-3.33242
-3.33272
-3.33302
-3.33257
-3.33333
-3.33348
-3.33333
-3.33318
-3.33197
-3.33151
-3.33136
-3.33106
-3.33152
-3.33061
-3.33151
-3.33121
-3.33061
-3.33166
-3.33212
-3.33227
-3.33242
-3.33302
-3.33423
-3.33544
-3.33499
-3.33453
-3.33377
-3.33438
-3.33408
-3.33393
-3.33514
-3.33605
-3.3368
-3.3365
-3.33726
-3.33711
-3.33711
-3.33665
-3.3371
-3.33831
-3.3377
-3.33876
-3.33891
-3.3383
-3.338
-3.33846
-3.33816
-3.33756
-3.3368
-3.3365
-3.33665
-3.33559
-3.33574
-3.33739
-3.33709
-3.33679
-3.3374
-3.33695
-3.3362
-3.33605
-3.33681
-3.33741
-3.33741
-3.33771
-3.3365
-3.3365
-3.33726
-3.33756
-3.33816
-3.3368
-3.33725
-3.3371
-3.33679
-3.33634
-3.33574
-3.33498
-3.33408
-3.33317
-3.33363
-3.33453
-3.33439
-3.33288
-3.33288
-3.33212
-3.33181
-3.33151
-3.33105
-3.3309
-3.33045
-3.33015
-3.33075
-3.33091
-3.33076
-3.33136
-3.33076
-3.33045
-3.33
-3.3303
-3.3306
-3.3309
-3.33121
-3.33166
-3.33227
-3.33181
-3.33242
-3.33197
-3.33212
-3.33242
-3.33302
-3.33332
-3.33423
-3.33362
-3.33377
-3.33437
-3.33513
-3.33438
-3.33483
-3.33438
-3.33438
-3.33453
-3.33408
-3.33393
-3.33544
-3.33635
-3.3368
-3.33709
-3.33572
-3.33588
-3.33513
-3.33514
-3.33559
-3.33513
-3.33558
-3.33573
-3.33528
-3.33468
-3.33498
-3.33422
-3.33528
-3.33483
-3.33498
-3.33559
-3.33483
-3.33498
-3.33422
-3.33437
-3.33301
-3.33331
-3.33452
-3.33422
-3.33497
-3.33527
-3.33452
-3.33467
-3.33467
-3.33513
-3.33483
-3.33588
-3.33619
-3.33452
-3.33498
-3.33513
-3.33467
-3.33437
-3.33467
-3.33452
-3.33377
-3.33452
-3.33377
-3.33392
-3.33361
-3.33331
-3.33377
-3.33346
-3.33437
-3.33467
-3.33528
-3.33513
-3.33513
-3.33513
-3.33633
-3.33663
-3.33618
-3.33618
-3.33618
-3.33497
-3.33512
-3.33557
-3.33407
-3.33377
-3.33468
-3.33362
-3.33377
-3.33241
-3.33211
-3.3315
-3.33165
-3.33165
-3.33195
-3.33165
-3.3321
-3.3318
-3.33301
-3.33347
-3.33301
-3.33331
-3.33286
-3.33346
-3.33196
-3.33287
-3.33287
-3.33378
-3.33453
-3.33498
-3.33468
-3.33453
-3.33543
-3.33573
-3.33482
-3.33497
-3.33528
