1.2
1.2
1.20001
1.20002
1.20003
1.20005
1.20008
1.2001
1.20014
1.20017
1.20021
1.20026
1.2003
1.20036
1.20041
1.20048
1.20054
1.20061
1.20069
1.20077
1.20085
1.20094
1.20104
1.20114
1.20125
1.20136
1.20147
1.20159
1.20172
1.20185
1.20199
1.20214
1.20229
1.20244
1.2026
1.20277
1.20295
1.20313
1.20332
1.20352
1.20372
1.20393
1.20415
1.20437
1.20461
1.20485
1.2051
1.20536
1.20563
1.20591
1.2
1.20028
1.2006
1.20092
1.20125
1.2016
1.20195
1.20233
1.20271
1.20311
1.20352
1.20395
1.2044
1.20486
1.20535
1.20585
1.20637
1.20691
1.20747
1.20806
1.20867
1.2093
1.20996
1.21065
1.21137
1.21212
1.21291
1.21373
1.21459
1.21548
1.21642
1.2174
1.21843
1.21951
1.22063
1.22182
1.22306
1.22436
1.22572
1.22715
1.22865
1.23023
1.23187
1.23359
1.23539
1.23726
1.23921
1.24123
1.24331
1.24543
1.2
1.20202
1.20413
1.20616
1.20808
1.20981
1.21126
1.21232
1.21289
1.21284
1.21206
1.21051
1.20822
1.20537
1.2023
1.1995
1.19752
1.19687
1.19781
1.20035
1.20421
1.20891
1.21391
1.21864
1.22267
1.2257
1.22768
1.22885
1.22965
1.23073
1.23269
1.23592
1.24041
1.24579
1.25145
1.25675
1.26119
1.26445
1.26641
1.26714
1.26683
1.26576
1.26424
1.26256
1.26093
1.25946
1.25816
1.25699
1.2559
1.25481
1.2
1.19877
1.19742
1.19608
1.19495
1.19438
1.19475
1.19634
1.19923
1.2033
1.20825
1.21371
1.2193
1.22463
1.22941
1.23339
1.23642
1.23843
1.23947
1.23962
1.23909
1.2381
1.23693
1.23584
1.23508
1.23485
1.23525
1.23629
1.23789
1.23991
1.24216
1.24446
1.24662
1.24853
1.2501
1.25132
1.25223
1.25289
1.25339
1.25381
1.25421
1.25461
1.25501
1.25538
1.2557
1.25598
1.25624
1.25651
1.25684
1.25723
1.2
1.20047
1.201
1.20155
1.20209
1.20262
1.20316
1.20374
1.2044
1.20518
1.2061
1.20719
1.20844
1.20982
1.2113
1.21283
1.21435
1.2158
1.21711
1.21824
1.21913
1.21974
1.22002
1.21996
1.21953
1.21877
1.21772
1.21646
1.21514
1.21388
1.21285
1.21214
1.2118
1.21177
1.21192
1.21207
1.21203
1.21162
1.21071
1.20926
1.20732
1.20505
1.20277
1.20089
1.1999
1.20019
1.20199
1.20522
1.20954
1.21446
1.2
1.20412
1.20755
1.20971
1.21033
1.20925
1.20646
1.2022
1.19714
1.19231
1.18898
1.18818
1.19023
1.1946
1.20018
1.20579
1.21044
1.21349
1.2146
1.21362
1.21056
1.20557
1.19899
1.19136
1.18345
1.1762
1.17058
1.1674
1.16707
1.16958
1.1744
1.18074
1.18768
1.1944
1.20032
1.20516
1.20884
1.21149
1.21328
1.21445
1.21518
1.21565
1.21594
1.21614
1.21628
1.21639
1.21647
1.21657
1.21669
1.21687
1.2
1.20032
1.20077
1.20133
1.20199
1.20274
1.20354
1.20435
1.2051
1.20572
1.20614
1.20625
1.20593
1.20506
1.2035
1.20112
1.19782
1.19358
1.18851
1.18293
1.17737
1.17251
1.169
1.16722
1.16717
1.16846
1.17055
1.17291
1.17517
1.17714
1.17875
1.18004
1.18108
1.18191
1.1826
1.18316
1.18358
1.18386
1.18398
1.18393
1.18371
1.18334
1.18289
1.18244
1.18212
1.18206
1.18236
1.18307
1.18416
1.18553
1.2
1.20133
1.2025
1.20335
1.20378
1.20379
1.20337
1.20257
1.20145
1.2001
1.1986
1.19706
1.19559
1.19428
1.1932
1.19241
1.19191
1.1917
1.19175
1.19201
1.19242
1.19296
1.19357
1.19423
1.19494
1.19569
1.19645
1.19722
1.19797
1.19863
1.19913
1.19935
1.19917
1.19843
1.19696
1.19465
1.19142
1.18734
1.18263
1.17768
1.17297
1.16894
1.16589
1.16392
1.16297
1.16298
1.16389
1.16564
1.16819
1.17141
1.2
1.20392
1.20824
1.21257
1.21672
1.22048
1.22366
1.22609
1.22766
1.22829
1.22795
1.22671
1.22469
1.22215
1.21939
1.21677
1.21457
1.21292
1.21173
1.21075
1.2097
1.20832
1.20652
1.20437
1.20206
1.19984
1.19792
1.19645
1.19547
1.19494
1.1948
1.19497
1.1954
1.19607
1.19697
1.19806
1.19931
1.20069
1.20213
1.20359
1.205
1.20634
1.20758
1.20869
1.20968
1.21054
1.21128
1.21191
1.21244
1.21288
1.2
1.20028
1.20052
1.20071
1.20087
1.20099
1.20109
1.20117
1.20123
1.20126
1.20128
1.20128
1.20124
1.20117
1.20106
1.20089
1.20064
1.20032
1.19989
1.19935
1.19869
1.19791
1.19704
1.19611
1.19516
1.19428
1.19354
1.19304
1.19285
1.193
1.19352
1.19435
1.19544
1.19668
1.19797
1.19923
1.20034
1.20124
1.20185
1.20211
1.20198
1.2014
1.20036
1.19883
1.19686
1.1945
1.19189
1.18919
1.18662
1.18442
1.2
1.19914
1.19905
1.19983
1.20141
1.20368
1.20651
1.20972
1.21311
1.21649
1.21969
1.22253
1.22488
1.22666
1.2278
1.22829
1.22817
1.22752
1.22648
1.22525
1.22404
1.223
1.22224
1.22173
1.22135
1.22095
1.22036
1.21953
1.21849
1.21742
1.21652
1.21599
1.21593
1.21633
1.21707
1.21798
1.21893
1.21982
1.22061
1.22131
1.22196
1.22261
1.22327
1.22398
1.22471
1.22543
1.22612
1.22674
1.2273
1.22785
1.2
1.20073
1.20177
1.20315
1.20486
1.20679
1.2088
1.21072
1.21237
1.21362
1.21436
1.21451
1.21406
1.21298
1.21128
1.20899
1.20613
1.20276
1.199
1.19503
1.19115
1.18777
1.1853
1.18407
1.18416
1.18537
1.18729
1.18945
1.19142
1.19299
1.19412
1.19493
1.19565
1.1965
1.19762
1.19907
1.20076
1.20252
1.20413
1.20534
1.20594
1.20578
1.20484
1.20324
1.2013
1.19943
1.19801
1.1972
1.19683
1.19645
1.2
1.19799
1.19466
1.19026
1.18537
1.18088
1.17776
1.17682
1.17834
1.18204
1.18714
1.19273
1.19802
1.20253
1.20604
1.20856
1.21021
1.21115
1.21155
1.21156
1.2113
1.21084
1.21026
1.20959
1.20888
1.20813
1.20737
1.20661
1.20586
1.20512
1.20441
1.20374
1.20311
1.20253
1.202
1.20153
1.20112
1.20076
1.20045
1.2002
1.20001
1.19989
1.19984
1.1999
1.20007
1.20037
1.20082
1.2014
1.20212
1.20294
1.2
1.20082
1.20161
1.20223
1.20259
1.20257
1.20206
1.20095
1.19917
1.1967
1.19363
1.19023
1.18695
1.18441
1.18323
1.18381
1.18616
1.18992
1.19452
1.19937
1.20406
1.20833
1.21209
1.21532
1.21803
1.22021
1.22181
1.22275
1.2229
1.22209
1.22018
1.21709
1.21294
1.20807
1.20309
1.19865
1.19519
1.19269
1.19078
1.18911
1.1878
1.18751
1.18909
1.19302
1.19905
1.20635
1.21384
1.22064
1.22617
1.23021
1.2
1.20105
1.20103
1.20008
1.19839
1.19617
1.19359
1.19081
1.18791
1.18498
1.18207
1.1793
1.17687
1.17509
1.17433
1.17492
1.17703
1.18055
1.18509
1.19005
1.19482
1.19884
1.20172
1.20323
1.2033
1.20203
1.19964
1.19652
1.19304
1.18956
1.18624
1.18312
1.18021
1.17762
1.17573
1.17512
1.17632
1.17951
1.18432
1.18992
1.19529
1.1996
1.20236
1.20352
1.20336
1.20243
1.20135
1.20061
1.20043
1.20073
1.2
1.20051
1.20095
1.20122
1.20128
1.20106
1.20047
1.19946
1.19806
1.19643
1.19483
1.19355
1.19283
1.19276
1.19328
1.19426
1.19552
1.19687
1.19822
1.19946
1.20052
1.20132
1.20175
1.20168
1.20095
1.19937
1.19684
1.19334
1.18912
1.18475
1.18105
1.17888
1.17871
1.18036
1.18306
1.18585
1.18794
1.18889
1.1886
1.18718
1.18493
1.18215
1.17918
1.17632
1.17382
1.17187
1.17056
1.16997
1.17008
1.17089
1.2
1.20189
1.20433
1.20709
1.21002
1.21295
1.21568
1.21806
1.21992
1.22114
1.22164
1.22136
1.2203
1.21849
1.21601
1.21293
1.20933
1.2053
1.2009
1.19624
1.19152
1.18708
1.18339
1.18093
1.1801
1.18105
1.18364
1.18751
1.19221
1.19731
1.20249
1.20746
1.21205
1.21608
1.21941
1.22194
1.22356
1.22421
1.22387
1.22262
1.22062
1.21811
1.21534
1.21245
1.20931
1.20546
1.2003
1.1935
1.18563
1.17841
1.2
1.19983
1.20323
1.20822
1.21262
1.2152
1.21575
1.21476
1.21302
1.21142
1.21067
1.21117
1.21282
1.21512
1.21724
1.21829
1.21751
1.21443
1.20908
1.20213
1.19498
1.18948
1.18726
1.189
1.19421
1.20156
1.20956
1.21701
1.22314
1.2276
1.23032
1.23139
1.23099
1.22933
1.22666
1.22325
1.21942
1.21556
1.21203
1.2092
1.20728
1.20638
1.20641
1.20718
1.20843
1.20991
1.21141
1.21273
1.21373
1.21428
1.2
1.19928
1.19776
1.19537
1.19207
1.18791
1.18301
1.17767
1.17236
1.16778
1.16471
1.1638
1.16522
1.16854
1.17293
1.17742
1.1813
1.18417
1.18594
1.18672
1.18671
1.18613
1.18523
1.18421
1.18327
1.18257
1.18221
1.18225
1.18266
1.18336
1.18424
1.18517
1.18604
1.18676
1.18726
1.1875
1.18749
1.18724
1.18676
1.1861
1.1853
1.18441
1.18348
1.18257
1.18172
1.18099
1.18041
1.18
1.17978
1.17974
1.2
1.20026
1.20064
1.20109
1.20157
1.20202
1.20239
1.20262
1.20269
1.20254
1.20218
1.20161
1.20088
1.20005
1.19922
1.19851
1.19801
1.19782
1.198
1.19855
1.19941
1.20049
1.20169
1.20287
1.20394
1.20483
1.20549
1.20593
1.20616
1.20623
1.2062
1.20614
1.2061
1.20614
1.2063
1.20656
1.20691
1.20731
1.20771
1.20803
1.20824
1.20829
1.20816
1.20782
1.20727
1.20653
1.20562
1.20458
1.20344
1.20227
1.2
1.19897
1.19802
1.19726
1.19673
1.19648
1.19653
1.1969
1.19761
1.19864
1.19998
1.20158
1.20337
1.20528
1.2072
1.20906
1.21075
1.2122
1.21334
1.2141
1.21443
1.21425
1.2135
1.21212
1.21007
1.20734
1.204
1.2002
1.19622
1.19244
1.18927
1.18713
1.1863
1.18692
1.18889
1.19198
1.19586
1.20018
1.20466
1.20905
1.21317
1.21689
1.22008
1.22262
1.22445
1.22548
1.22565
1.22488
1.22313
1.22038
1.2
1.19582
1.19113
1.18675
1.18336
1.1815
1.18142
1.183
1.18582
1.1894
1.19329
1.1972
1.20089
1.2042
1.20696
1.209
1.21013
1.21012
1.20874
1.20581
1.20119
1.19491
1.18723
1.17875
1.17042
1.1634
1.15886
1.15767
1.16018
1.1661
1.17458
1.18437
1.19419
1.20301
1.2102
1.21552
1.21896
1.22064
1.22072
1.21933
1.21666
1.21292
1.20842
1.20363
1.19908
1.19529
1.1926
1.19115
1.19086
1.19154
1.2
1.20203
1.20478
1.20806
1.2117
1.21549
1.21921
1.22263
1.22561
1.22806
1.22999
1.23142
1.23243
1.23311
1.23353
1.23378
1.23391
1.23399
1.23404
1.23407
1.23408
1.23405
1.23396
1.23377
1.23346
1.23304
1.2325
1.2319
1.23129
1.23072
1.23027
1.22993
1.22973
1.22961
1.22957
1.22958
1.22967
1.22986
1.23017
1.23059
1.23105
1.23144
1.23161
1.23143
1.23081
1.22969
1.22808
1.22606
1.2237
1.22112
1.2
1.19743
1.19482
1.19243
1.19041
1.18892
1.18815
1.18825
1.18927
1.19111
1.19359
1.19639
1.19924
1.20187
1.20411
1.20588
1.20715
1.20797
1.2084
1.20854
1.20844
1.20819
1.20783
1.2074
1.20695
1.20651
1.20612
1.2058
1.20557
1.20546
1.20544
1.2055
1.2056
1.20571
1.20576
1.20573
1.20555
1.20519
1.20461
1.20377
1.20264
1.2012
1.19946
1.19745
1.19526
1.19303
1.19096
1.18931
1.18831
1.18813
1.2
1.20138
1.2034
1.20575
1.20816
1.21043
1.21243
1.21408
1.21535
1.21627
1.21687
1.21718
1.21726
1.21714
1.21686
1.21645
1.21595
1.21538
1.21476
1.21411
1.21346
1.21282
1.21221
1.21162
1.21107
1.21055
1.21004
1.20953
1.20898
1.20837
1.20764
1.20675
1.20565
1.2043
1.20269
1.20082
1.19874
1.19654
1.19435
1.19234
1.19069
1.18955
1.18901
1.18906
1.18964
1.19063
1.19191
1.19337
1.19498
1.19671
1.2
1.20192
1.20408
1.20633
1.20859
1.21076
1.21277
1.21455
1.21607
1.21733
1.21833
1.2191
1.21967
1.22008
1.22036
1.22053
1.22062
1.22064
1.2206
1.22051
1.22036
1.22015
1.21986
1.21948
1.21899
1.21836
1.21757
1.21657
1.21534
1.21381
1.21196
1.20975
1.20719
1.20434
1.20139
1.19863
1.19646
1.19526
1.1953
1.1966
1.19889
1.20174
1.20469
1.20736
1.20951
1.21105
1.212
1.21244
1.2125
1.21233
1.2
1.1998
1.19978
1.20005
1.20068
1.20165
1.20295
1.20448
1.20616
1.20786
1.20947
1.21089
1.21202
1.21277
1.21306
1.21281
1.21193
1.21038
1.20809
1.20508
1.20145
1.19738
1.19324
1.18947
1.18652
1.18474
1.18428
1.18501
1.18664
1.18881
1.19118
1.19354
1.19576
1.19779
1.19968
1.20146
1.20322
1.20499
1.2068
1.2086
1.21032
1.21187
1.21311
1.21394
1.21424
1.21395
1.21301
1.21144
1.20927
1.20665
1.2
1.19733
1.19499
1.19349
1.19306
1.19371
1.19521
1.19719
1.19923
1.20103
1.20237
1.20319
1.20351
1.20341
1.20304
1.20251
1.20198
1.20157
1.20136
1.20139
1.20165
1.20211
1.20267
1.20327
1.20382
1.20428
1.2046
1.2048
1.20488
1.20485
1.20474
1.20457
1.20435
1.20412
1.20389
1.2037
1.20357
1.20352
1.20356
1.20368
1.20385
1.20402
1.20414
1.20415
1.20398
1.20357
1.2029
1.20194
1.20071
1.19927
1.2
1.19846
1.19694
1.19568
1.19479
1.19434
1.19437
1.19485
1.19573
1.19692
1.19834
1.1999
1.2015
1.20309
1.2046
1.20599
1.20723
1.2083
1.20919
1.20989
1.21041
1.21076
1.21097
1.21106
1.21108
1.21106
1.21105
1.2111
1.21124
1.21147
1.21177
1.21205
1.2122
1.21207
1.21149
1.2103
1.20847
1.20612
1.20364
1.20165
1.20088
1.20184
1.20461
1.20875
1.21353
1.21824
1.22236
1.22564
1.22802
1.22959
1.2
1.20035
1.20038
1.2002
1.19992
1.19964
1.19942
1.1993
1.19928
1.19937
1.19949
1.19962
1.19968
1.19963
1.19945
1.19915
1.19877
1.19836
1.19799
1.19769
1.19746
1.19725
1.19697
1.1965
1.19574
1.19465
1.19322
1.19152
1.18972
1.18801
1.18659
1.18565
1.18533
1.18566
1.18664
1.18818
1.19013
1.19235
1.19469
1.19699
1.19912
1.20097
1.20242
1.20338
1.20378
1.20356
1.20267
1.20109
1.19884
1.19599
1.2
1.1966
1.19315
1.19026
1.1884
1.18792
1.18892
1.19126
1.19453
1.19826
1.202
1.2054
1.20827
1.21052
1.21215
1.21321
1.21378
1.21397
1.21388
1.21361
1.21328
1.21297
1.21274
1.21264
1.21265
1.21275
1.21287
1.21292
1.21281
1.21243
1.21169
1.2105
1.20883
1.20668
1.20412
1.20132
1.1985
1.19594
1.19393
1.19265
1.19216
1.19239
1.19317
1.19432
1.19565
1.19705
1.19842
1.1997
1.20084
1.20179
1.2
1.20048
1.20081
1.20099
1.2011
1.20123
1.20147
1.2019
1.20258
1.20353
1.20472
1.20609
1.20755
1.20899
1.21032
1.21145
1.21232
1.21289
1.21312
1.21301
1.21257
1.21182
1.21083
1.20965
1.20834
1.20697
1.20555
1.20409
1.20253
1.20085
1.19902
1.19711
1.19524
1.19364
1.19255
1.19223
1.19286
1.1945
1.19709
1.20046
1.20436
1.20852
1.21269
1.21668
1.22033
1.22357
1.22636
1.2287
1.2306
1.23209
1.2
1.20073
1.20122
1.20145
1.20146
1.20125
1.20085
1.20027
1.19953
1.19863
1.19757
1.19638
1.19505
1.19362
1.19209
1.19051
1.18893
1.18742
1.18605
1.18492
1.1841
1.18365
1.1836
1.18392
1.18449
1.18514
1.18567
1.18584
1.18547
1.18447
1.18291
1.18107
1.17938
1.17836
1.17842
1.17967
1.18192
1.18473
1.18757
1.19
1.19169
1.19242
1.1921
1.19069
1.18827
1.18504
1.18137
1.1778
1.17486
1.17299
1.2
1.20016
1.20083
1.20162
1.20231
1.20287
1.20339
1.20402
1.20482
1.20579
1.20682
1.20778
1.20858
1.20912
1.20938
1.20934
1.20901
1.20837
1.20741
1.2061
1.2044
1.20229
1.19979
1.197
1.19411
1.19139
1.18915
1.18762
1.18691
1.18697
1.18763
1.18868
1.18994
1.1913
1.19269
1.19408
1.19544
1.19677
1.19804
1.19927
1.20045
1.20156
1.20258
1.20349
1.20423
1.20475
1.205
1.20494
1.20452
1.20374
1.2
1.19855
1.19672
1.19464
1.19239
1.19004
1.18768
1.18536
1.18313
1.18101
1.17901
1.17717
1.17552
1.17414
1.17312
1.17254
1.17245
1.17287
1.17374
1.17499
1.17646
1.17799
1.17942
1.18063
1.18154
1.18213
1.18242
1.18246
1.18232
1.18209
1.18185
1.18169
1.18169
1.18193
1.18243
1.18319
1.18415
1.1852
1.18624
1.18715
1.18784
1.18824
1.18835
1.18817
1.18776
1.18721
1.18659
1.18598
1.1854
1.18486
1.2
1.19944
1.19878
1.19804
1.19723
1.19641
1.19565
1.19505
1.19467
1.19456
1.19474
1.19515
1.19574
1.19642
1.19711
1.19776
1.1983
1.19871
1.19898
1.19912
1.19916
1.19912
1.19905
1.19899
1.19897
1.19901
1.19912
1.1993
1.19953
1.19981
1.20012
1.20047
1.20086
1.20128
1.20172
1.20212
1.2024
1.20248
1.20225
1.20165
1.20059
1.19906
1.19705
1.19457
1.19165
1.18835
1.1847
1.18081
1.17677
1.17279
1.2
1.19704
1.19489
1.19406
1.19471
1.19685
1.20027
1.20458
1.20934
1.21412
1.21859
1.22252
1.2258
1.22841
1.2304
1.23182
1.23277
1.23335
1.23363
1.23369
1.23359
1.23337
1.23308
1.23274
1.23236
1.23198
1.23161
1.23125
1.23092
1.2306
1.23029
1.22994
1.22952
1.22899
1.22831
1.22744
1.22636
1.22507
1.22356
1.22182
1.21985
1.21759
1.21499
1.21199
1.20857
1.20482
1.20099
1.19748
1.1948
1.19334
1.2
1.20111
1.20332
1.20633
1.21001
1.21433
1.21931
1.22488
1.2308
1.23674
1.24237
1.24742
1.25176
1.25533
1.25815
1.26025
1.26166
1.26236
1.26235
1.26158
1.26001
1.25762
1.25444
1.25055
1.24612
1.24137
1.23664
1.23229
1.22872
1.22632
1.22537
1.22593
1.22776
1.23038
1.23317
1.23559
1.23732
1.23832
1.23882
1.23924
1.23997
1.2413
1.24324
1.2456
1.24806
1.25028
1.25202
1.25318
1.25371
1.25369
1.2
1.19922
1.19821
1.19713
1.19607
1.19511
1.1943
1.19367
1.19325
1.19307
1.19316
1.19355
1.19426
1.19525
1.19646
1.19778
1.19907
1.20019
1.20105
1.20156
1.20168
1.2014
1.20074
1.19973
1.19843
1.19692
1.19529
1.19363
1.19206
1.1907
1.18965
1.18902
1.18888
1.18927
1.19016
1.19146
1.19305
1.19478
1.19649
1.19806
1.19938
1.20037
1.20101
1.20125
1.20112
1.20063
1.19982
1.19876
1.19752
1.19619
1.2
1.19881
1.19773
1.19688
1.19629
1.19595
1.19585
1.19591
1.19606
1.19622
1.19629
1.19619
1.19585
1.19528
1.19451
1.1937
1.19308
1.19293
1.19346
1.1948
1.19685
1.19941
1.20216
1.20481
1.20712
1.20896
1.21028
1.2111
1.21147
1.21147
1.21121
1.21077
1.21025
1.20973
1.2093
1.20901
1.20894
1.20911
1.20953
1.21019
1.21105
1.21206
1.21315
1.21424
1.21523
1.21604
1.21655
1.21667
1.2163
1.21531
1.2
1.19771
1.19462
1.19099
1.18708
1.18328
1.18001
1.17762
1.17631
1.17608
1.17679
1.17822
1.18016
1.18244
1.18491
1.1874
1.18975
1.19179
1.19338
1.1944
1.19481
1.19461
1.19387
1.1927
1.19127
1.18972
1.18819
1.18675
1.18544
1.18423
1.18309
1.18198
1.18094
1.17998
1.17918
1.17856
1.17814
1.17787
1.17769
1.17754
1.17734
1.17705
1.17665
1.17614
1.17553
1.17486
1.17417
1.17348
1.17282
1.17214
1.2
1.19917
1.1981
1.1968
1.19526
1.19354
1.19177
1.19012
1.18877
1.18788
1.18753
1.18768
1.18821
1.18893
1.18966
1.19023
1.19054
1.19056
1.19029
1.18978
1.18913
1.1884
1.18768
1.18705
1.18656
1.18625
1.18612
1.18616
1.18636
1.18667
1.18706
1.18749
1.18794
1.18837
1.18878
1.18917
1.18951
1.18983
1.19013
1.19041
1.19068
1.19095
1.19123
1.19151
1.19182
1.19213
1.19246
1.19279
1.19313
1.19346
1.2
1.20025
1.20045
1.20057
1.20059
1.2005
1.20027
1.19989
1.19938
1.19876
1.19806
1.19734
1.19668
1.19615
1.19578
1.19558
1.19549
1.19537
1.19502
1.19424
1.19285
1.19075
1.18806
1.18509
1.18239
1.18057
1.18009
1.18104
1.18304
1.1854
1.18739
1.18853
1.18881
1.18869
1.18899
1.19044
1.19331
1.19732
1.20173
1.20579
1.20885
1.21051
1.2105
1.20875
1.20543
1.20113
1.19682
1.19357
1.1921
1.19239
1.2
1.20176
1.20371
1.20579
1.20824
1.21133
1.21502
1.21893
1.2225
1.22517
1.22665
1.2269
1.22612
1.22462
1.22276
1.22083
1.21907
1.2176
1.21654
1.21594
1.21589
1.21641
1.21748
1.21901
1.22082
1.22271
1.22449
1.22599
1.22712
1.22784
1.22816
1.22811
1.22776
1.2272
1.22655
1.22594
1.22551
1.2254
1.22569
1.22644
1.22764
1.2292
1.23102
1.23295
1.23486
1.23665
1.23823
1.23953
1.24051
1.24116
1.2
1.19994
1.19956
1.19889
1.19798
1.19688
1.19569
1.1945
1.19344
1.19265
1.19226
1.19237
1.19305
1.19432
1.19614
1.19839
1.20094
1.20363
1.2063
1.20879
1.21099
1.21279
1.21411
1.21488
1.21506
1.21462
1.21357
1.21191
1.20971
1.20708
1.20417
1.20117
1.19832
1.19584
1.19394
1.19279
1.19246
1.19292
1.19399
1.19542
1.1969
1.19819
1.19922
1.20006
1.20096
1.20216
1.20381
1.20589
1.20816
1.21031
1.2
1.20108
1.20161
1.20156
1.20107
1.20027
1.19933
1.19838
1.19753
1.19686
1.19642
1.19624
1.19632
1.19666
1.19724
1.198
1.19891
1.1999
1.2009
1.20187
1.20273
1.20346
1.204
1.20436
1.20452
1.20449
1.20429
1.20394
1.20344
1.20282
1.20208
1.20122
1.20025
1.19918
1.19801
1.19677
1.19548
1.19417
1.19288
1.19163
1.19044
1.1893
1.1882
1.18711
1.18604
1.18503
1.18418
1.18365
1.18362
1.18424
1.2
1.20182
1.20415
1.20663
1.209
1.21101
1.21249
1.21336
1.21356
1.21309
1.21198
1.21029
1.20808
1.20548
1.20261
1.19964
1.19675
1.19414
1.19201
1.19051
1.18976
1.1898
1.19064
1.19221
1.1944
1.19707
1.20003
1.20311
1.20613
1.20892
1.21136
1.21335
1.21484
1.21579
1.21617
1.21596
1.21514
1.21365
1.21146
1.2085
1.20474
1.2002
1.19501
1.18951
1.1843
1.18019
1.17808
1.17856
1.18166
1.18681
1.2
1.20606
1.21195
1.21697
1.22103
1.22416
1.22649
1.22817
1.22932
1.23005
1.23045
1.23054
1.23035
1.22985
1.22899
1.22769
1.22588
1.22351
1.22058
1.21722
1.21369
1.21035
1.20759
1.20562
1.20444
1.20383
1.20357
1.20358
1.20395
1.20485
1.20638
1.20849
1.21101
1.21377
1.21664
1.21948
1.22219
1.22463
1.22668
1.22825
1.22932
1.22993
1.23014
1.23006
1.22979
1.22944
1.22907
1.22876
1.22857
1.22854
1.2
1.20037
1.201
1.2019
1.20303
1.20435
1.2058
1.20729
1.20874
1.21008
1.21121
1.21207
1.21263
1.21286
1.21279
1.21248
1.21205
1.21163
1.21135
1.21133
1.2116
1.2121
1.21271
1.21327
1.2136
1.21356
1.21304
1.21201
1.21051
1.20861
1.20647
1.20426
1.20222
1.20057
1.1995
1.19914
1.1995
1.20051
1.20196
1.20358
1.20507
1.20614
1.20657
1.2062
1.20499
1.20295
1.20011
1.19658
1.19254
1.18832
1.2
1.1972
1.19583
1.19636
1.19864
1.2022
1.20634
1.21042
1.21392
1.21654
1.21813
1.21873
1.21841
1.21731
1.21556
1.21333
1.21078
1.20815
1.2057
1.20374
1.2026
1.20246
1.20338
1.20523
1.20771
1.21051
1.2133
1.21588
1.21812
1.21997
1.22144
1.22256
1.22338
1.22393
1.22426
1.22439
1.22434
1.22411
1.22372
1.22319
1.22255
1.22183
1.22109
1.2204
1.21982
1.21941
1.21921
1.21924
1.21947
1.21985
1.22032
1.22077
1.22115
1.22135
1.22135
1.22108
1.22052
1.21966
1.21851
1.21707
1.21537
1.21345
1.21137
1.20919
1.20702
1.20497
1.20317
1.20174
1.20079
1.20041
1.20062
1.20139
1.20264
1.20423
1.206
1.20777
1.20936
1.21064
1.21149
1.21184
1.21167
1.211
1.20988
1.20843
1.20675
1.20494
1.20305
1.20104
1.19879
1.19614
1.1929
1.18899
1.18451
1.17974
1.17517
1.17132
1.16866
1.16754
1.16815
1.17056
1.17462
1.18
1.18622
1.19273
1.19904
1.20482
1.20987
1.21414
1.21764
1.22046
1.22266
1.22434
1.22557
1.2264
1.22689
1.22706
1.22693
1.22649
1.22574
1.22466
1.22321
1.22139
1.21918
1.21662
1.21375
1.21069
1.2076
1.20463
1.20193
1.19957
1.19752
1.19566
1.19382
1.19184
1.18968
1.18744
1.18539
1.18393
1.18344
1.18411
1.18585
1.18832
1.19107
1.19364
1.19574
1.19722
1.19809
1.19844
1.19843
1.19823
1.19799
1.19782
1.19777
1.19784
1.19795
1.19804
1.19803
1.19785
1.19748
1.19693
1.19627
1.19559
1.19498
1.19457
1.19443
1.19463
1.19519
1.19609
1.19726
1.19863
1.20009
1.20157
1.20297
1.20422
1.20529
1.20611
1.20669
1.207
1.20705
1.20687
1.20648
1.20594
1.20533
1.20471
1.20418
1.2038
1.20364
1.20373
1.20406
1.20458
1.20523
1.20593
1.20659
1.20715
1.20755
1.20777
1.2078
1.20769
1.20752
1.20737
1.20735
1.20758
1.20813
1.209
1.21017
1.21154
1.21298
1.21437
1.21559
1.21653
1.21714
1.21739
1.21727
1.21683
1.21611
1.21518
1.21416
1.21315
1.21228
1.21167
1.21139
1.21148
1.21187
1.21246
1.2131
1.21361
1.21384
1.21365
1.213
1.21189
1.21037
1.20859
1.20669
1.20488
1.20331
1.20212
1.20137
1.20106
1.20111
1.20147
1.2021
1.20305
1.20442
1.20639
1.20906
1.21241
1.21626
1.22031
1.2242
1.22765
1.23043
1.23244
1.23366
1.23413
1.23391
1.2331
1.23179
1.23006
1.22802
1.22579
1.22352
1.22134
1.21943
1.21793
1.21688
1.21629
1.216
1.21579
1.21538
1.21451
1.213
1.21086
1.20826
1.20549
1.20285
1.20049
1.19843
1.19669
1.19545
1.19508
1.19594
1.19808
1.20114
1.2045
1.20756
1.20995
1.21161
1.21264
1.21329
1.21377
1.21426
1.21489
1.21573
1.2168
1.21812
1.21965
1.22133
1.22309
1.22486
1.22659
1.22825
1.22985
1.2314
1.23292
1.2344
1.23583
1.23716
1.23834
1.23928
1.23986
1.23996
1.23939
1.23795
1.23539
1.2315
1.22618
1.21963
1.21251
1.20594
1.20125
1.19929
1.19993
1.20217
1.20473
1.20663
1.20745
1.20726
1.20642
1.20545
1.20484
1.20499
1.20615
1.20833
1.21138
1.21494
1.21855
1.22168
1.22374
1.22412
1.22219
1.2174
1.20946
1.19866
1.1863
1.17481
1.16711
1.16522
1.16899
1.17623
1.18404
1.19021
1.19377
1.19478
1.19396
1.19233
1.19089
1.19045
1.19145
1.19394
1.1976
1.2019
1.20629
1.21032
1.21373
1.21638
1.21828
1.2195
1.22019
1.22051
1.22062
1.22069
1.22084
1.22113
1.22158
1.22217
1.22284
1.22352
1.22415
1.22468
1.22506
1.2253
1.22538
1.22534
1.22522
1.22507
1.22495
1.22493
1.22506
1.22539
1.22597
1.22681
1.2279
1.2292
1.23066
1.23223
1.23381
1.23534
1.23674
1.23792
1.23883
1.23938
1.23951
1.23915
1.23824
1.23673
1.23457
1.23175
1.22832
1.22438
1.22015
1.21593
1.21207
1.20884
1.20641
1.20469
1.20337
1.20213
1.2008
1.19966
1.19943
1.20094
1.20463
1.21026
1.21706
1.22416
1.23086
1.23671
1.2414
1.24476
1.24679
1.24766
1.24767
1.24726
1.24689
1.24702
1.24802
1.25012
1.25328
1.25723
1.26153
1.26571
1.26943
1.27246
1.27476
1.27637
1.27737
1.27787
1.27799
1.27781
1.2774
1.27682
1.2761
1.27527
1.27434
1.2733
1.27216
1.2709
1.2695
1.26796
1.2663
1.26454
1.26279
1.26118
1.2599
1.25918
1.25922
1.26019
1.26217
1.26511
1.26888
1.27323
1.27788
1.28252
1.28686
1.29061
1.29355
1.29546
1.2962
1.29564
1.29373
1.29054
1.28631
1.28146
1.27661
1.27238
1.26922
1.26717
1.26593
1.26501
1.26401
1.26276
1.26136
1.2601
1.25936
1.25948
1.26064
1.2628
1.2657
1.26894
1.27207
1.27478
1.27686
1.27826
1.27903
1.27928
1.27915
1.27875
1.2782
1.27755
1.27685
1.27616
1.27552
1.27498
1.2746
1.27443
1.27453
1.27489
1.27551
1.27633
1.2773
1.27831
1.2793
1.28019
1.28092
1.28146
1.2818
1.28196
1.28197
1.28187
1.28167
1.2814
1.28103
1.28057
1.27999
1.2793
1.27852
1.27771
1.27692
1.2762
1.27559
1.27509
1.27468
1.2743
1.2739
1.27342
1.27282
1.27208
1.27123
1.27031
1.2694
