-6.36475
-6.36345
-6.35956
-6.353
-6.34356
-6.33083
-6.31322
-6.29046
-6.26283
-6.23042
-6.19335
-6.15085
-6.103
-6.04936
-5.99198
-5.93259
-5.87062
-5.81068
-5.75441
-5.70553
-5.66548
-5.63515
-5.61408
-5.60328
-5.60113
-5.60547
-5.61384
-5.6254
-5.64053
-5.65486
-5.66853
-5.68092
-5.69143
-5.70095
-5.7073
-5.71208
-5.71531
-5.71763
-5.72019
-5.72129
-5.72135
-5.71963
-5.71739
-5.71348
-5.708
-5.70134
-5.69329
-5.68386
-5.6726
-5.66234
-5.65244
-5.63864
-5.62267
-5.6063
-5.58912
-5.5726
-5.55823
-5.54509
-5.53389
-5.52599
-5.51994
-5.51688
-5.51476
-5.5153
-5.51512
-5.51592
-5.51677
-5.51653
-5.51637
-5.51763
-5.51691
-5.51692
-5.51597
-5.51727
-5.51805
-5.51776
-5.51819
-5.52
-5.52051
-5.52345
-5.52653
-5.53169
-5.53748
-5.54399
-5.55308
-5.56142
-5.56866
-5.57598
-5.5814
-5.58589
-5.58862
-5.58944
-5.58765
-5.58395
-5.57785
-5.57018
-5.55927
-5.54941
-5.53999
-5.53141
-5.5254
-5.51788
-5.50976
-5.50012
-5.48794
-5.47303
-5.45661
-5.43988
-5.42516
-5.41239
-5.40105
-5.39299
-5.38788
-5.38202
-5.37371
-5.36476
-5.35326
-5.33825
-5.32038
-5.30106
-5.28106
-5.26093
-5.24365
-5.23048
-5.22155
-5.21812
-5.22121
-5.22982
-5.24051
-5.25125
-5.261
-5.2683
-5.27467
-5.28124
-5.2911
-5.3045
-5.31965
-5.33918
-5.36069
-5.38083
-5.3989
-5.41174
-5.41864
-5.41729
-5.40899
-5.39556
-5.37901
-5.36131
-5.34551
-5.33178
-5.32037
-5.30609
-5.29028
-5.27105
-5.25153
-5.23094
-5.21267
-5.19994
-5.19442
-5.1952
-5.20461
-5.22
-5.24081
-5.26272
-5.28319
-5.29934
-5.30974
-5.31485
-5.31459
-5.30956
-5.30088
-5.29168
-5.28216
-5.27575
-5.26936
-5.26504
-5.2624
-5.26093
-5.26021
-5.25849
-5.25487
-5.25277
-5.24842
-5.24122
-5.2316
-5.21981
-5.20775
-5.19864
-5.19551
-5.19647
-5.20117
-5.20843
-5.21452
-5.2195
-5.22004
-5.21515
-5.20722
-5.19909
-5.19065
-5.18496
-5.18534
-5.19119
-5.20308
-5.22084
-5.24188
-5.26492
-5.28412
-5.29713
-5.30329
-5.30251
-5.29488
-5.28564
-5.27727
-5.27214
-5.26941
-5.27099
-5.2778
-5.28831
-5.29826
-5.30765
-5.31336
-5.31312
-5.30665
-5.29302
-5.2749
-5.25259
-5.23177
-5.21611
-5.20569
-5.20409
-5.21021
-5.21993
-5.23058
-5.23889
-5.24344
-5.24409
-5.24011
-5.23129
-5.21827
-5.20203
-5.18453
-5.16525
-5.15027
-5.14148
-5.13979
-5.1465
-5.16134
-5.18144
-5.20413
-5.22659
-5.24495
-5.25993
-5.27126
-5.28046
-5.28746
-5.29473
-5.30072
-5.30603
-5.30793
-5.30559
-5.29884
-5.2901
-5.27888
-5.26857
-5.26004
-5.25273
-5.25143
-5.25455
-5.26042
-5.27009
-5.27945
-5.28705
-5.29257
-5.2946
-5.29229
-5.28825
-5.28127
-5.27165
-5.26102
-5.24942
-5.23765
-5.22736
-5.21916
-5.213
-5.2088
-5.20802
-5.21019
-5.2176
-5.22825
-5.24166
-5.25412
-5.26652
-5.27753
-5.28524
-5.29068
-5.29079
-5.28447
-5.2726
-5.2563
-5.23638
-5.21527
-5.19192
-5.16929
-5.15073
-5.1394
-5.13701
-5.14453
-5.16015
-5.18072
-5.2008
-5.22002
-5.23452
-5.24492
-5.24921
-5.24658
-5.23749
-5.22062
-5.19915
-5.17469
-5.15246
-5.13677
-5.13004
-5.13579
-5.1514
-5.17354
-5.19753
-5.21885
-5.23364
-5.24212
-5.24291
-5.23856
-5.22655
-5.21189
-5.19054
-5.16655
-5.14015
-5.11522
-5.09413
-5.07889
-5.07531
-5.08421
-5.1052
-5.13683
-5.17451
-5.21443
-5.25025
-5.28021
-5.3016
-5.31294
-5.31442
-5.30955
-5.29673
-5.28185
-5.26656
-5.25336
-5.24291
-5.23494
-5.22928
-5.22383
-5.21879
-5.21469
-5.21092
-5.20818
-5.20606
-5.20447
-5.20403
-5.20413
-5.20371
-5.20379
-5.20377
-5.20384
-5.20469
-5.20541
-5.20578
-5.20323
-5.1998
-5.1947
-5.1885
-5.18056
-5.1722
-5.16653
-5.16203
-5.16268
-5.16507
-5.17006
-5.1776
-5.18539
-5.19288
-5.20038
-5.20629
-5.21125
-5.21328
-5.21429
-5.21611
-5.21688
-5.22045
-5.2249
-5.23237
-5.24177
-5.25331
-5.26584
-5.28
-5.29279
-5.30456
-5.31206
-5.31652
-5.31666
-5.31135
-5.3018
-5.28768
-5.27034
-5.25128
-5.23039
-5.20725
-5.18558
-5.16364
-5.14642
-5.13395
-5.12891
-5.13175
-5.14088
-5.1551
-5.17514
-5.19787
-5.2223
-5.2453
-5.26413
-5.27673
-5.28161
-5.27976
-5.27179
-5.25801
-5.24259
-5.22858
-5.21741
-5.21094
-5.20924
-5.21263
-5.21844
-5.22766
-5.23855
-5.24913
-5.26003
-5.26969
-5.2806
-5.28767
-5.29114
-5.28694
-5.27799
-5.26236
-5.24366
-5.22414
-5.20585
-5.19361
-5.18786
-5.18721
-5.19337
-5.20132
-5.21128
-5.22165
-5.23084
-5.23689
-5.24053
-5.24095
-5.2396
-5.23445
-5.22778
-5.22108
-5.21133
-5.20178
-5.19439
-5.19128
-5.19414
-5.20346
-5.21611
-5.22471
-5.2274
-5.22392
-5.21423
-5.19853
-5.18212
-5.16766
-5.15921
-5.15684
-5.1618
-5.1736
-5.18919
-5.20643
-5.2224
-5.23487
-5.24317
-5.24446
-5.23864
-5.22942
-5.21652
-5.20331
-5.18949
-5.17617
-5.1627
-5.14862
