1.60412
1.58307
1.56502
1.55381
1.5517
1.55741
1.5672
1.57812
1.58973
1.60325
1.61959
1.63829
1.6575
1.67477
1.68796
1.69583
1.6983
1.69647
1.69206
1.68675
1.68146
1.67603
1.66954
1.66112
1.65108
1.64094
1.63222
1.62568
1.6214
1.61928
1.61915
1.62071
1.6234
1.62673
1.63064
1.63589
1.64388
1.6558
1.67169
1.69015
1.70896
1.72621
1.74105
1.75383
1.76555
1.77667
1.78652
1.79334
1.79502
1.79026
1.77912
1.7629
1.74339
1.72234
1.70109
1.68066
1.66185
1.64532
1.63142
1.61981
1.60891
1.59608
1.57857
1.55552
1.52952
1.50646
1.49322
1.49437
1.51055
1.53925
1.57635
1.6171
1.65662
1.69072
1.71655
1.73277
1.73936
1.73726
1.72782
1.7126
1.69326
1.67179
1.65082
1.6339
1.6251
1.62761
1.64206
1.66559
1.69259
1.71669
1.73285
1.73844
1.73344
1.71986
1.7009
1.68024
1.66139
1.64726
1.64003
1.64121
1.65136
1.66906
1.68998
1.708
1.71741
1.71471
1.69882
1.67078
1.63363
1.59239
1.55352
1.52366
1.50793
1.50858
1.52469
1.55272
1.58758
1.62385
1.6567
1.68245
1.69895
1.70601
1.70591
1.70285
1.70014
1.69686
1.68823
1.67005
1.64238
1.60985
1.57948
1.55779
1.54842
1.55131
1.56338
1.58033
1.59845
1.6155
1.6305
1.64295
1.65232
1.65771
1.65801
1.6523
1.6404
1.62329
1.60301
1.58228
1.56389
1.55025
1.54314
1.54344
1.55099
1.5646
1.58213
1.60083
1.61825
1.6329
1.64419
1.65195
1.65614
1.65715
1.65613
1.65472
1.65423
1.65501
1.6567
1.65887
1.66166
1.6657
1.67148
1.67874
1.68637
1.69268
1.69589
1.69447
1.68767
1.6759
1.66098
1.64586
1.63346
1.62522
1.62038
1.61688
1.61322
1.60963
1.60786
1.60981
1.61619
1.62604
1.63736
1.64801
1.65631
1.66112
1.66173
1.65763
1.64874
1.63562
1.6193
1.60064
1.57979
1.55617
1.52956
1.50162
1.47689
1.46159
1.46015
1.47225
1.493
1.51599
1.53633
1.55188
1.56312
1.57228
1.58209
1.5944
1.60937
1.6256
1.64119
1.65475
1.66587
1.67486
1.68196
1.68685
1.68895
1.68817
1.68572
1.6841
1.68606
1.69335
1.70612
1.72292
1.7411
1.7576
1.76985
1.77656
1.77802
1.77528
1.76915
1.75964
1.74658
1.73084
1.71507
1.70306
1.69788
1.70037
1.70885
1.72007
1.7303
1.73659
1.73745
1.73316
1.72516
1.71507
1.7038
1.69142
1.67777
1.66334
1.64904
1.6351
1.62056
1.60455
1.58781
1.57298
1.56363
1.56279
1.57152
1.58861
1.61108
1.63533
1.65803
1.67677
1.69019
1.69801
1.70088
1.70007
1.69715
1.69385
1.69172
1.69177
1.69392
1.69681
1.69821
1.69653
1.69225
1.68811
1.68711
1.69004
1.69515
1.7
1.70328
1.70525
1.70724
1.71102
1.71815
1.72932
1.74403
1.76034
1.77516
1.78485
1.78607
1.77671
1.75677
1.72888
1.69821
1.6716
1.65552
1.65281
1.66062
1.67211
1.68061
1.68246
1.6774
1.66772
1.65727
1.65041
1.65078
1.66037
1.67881
1.70352
1.73027
1.75412
1.77017
1.7743
1.76395
1.73877
1.70109
1.65593
1.6102
1.57099
1.54333
1.52875
1.5254
1.52939
1.53633
1.54271
1.54666
1.54799
1.54766
1.54703
1.54728
1.54885
1.5512
1.55278
1.55184
1.54848
1.54685
1.55356
1.57126
1.59464
1.6152
1.62767
1.63119
1.62726
1.61829
1.60725
1.59733
1.59124
1.59023
1.59392
1.60083
1.60919
1.61752
1.62504
1.63165
1.63764
1.64309
1.64706
1.64755
1.64223
1.62978
1.6108
1.58811
1.56622
1.55018
1.54424
1.5504
1.56754
1.59186
1.6183
1.64253
1.66207
1.67635
1.68584
1.69121
1.69298
1.6915
1.6871
1.68009
1.67075
1.65946
1.64693
1.63449
1.62411
1.618
1.61799
1.62505
1.63907
1.65881
1.6822
1.70629
1.72772
1.74323
1.75034
1.74774
1.73522
1.71352
1.68406
1.64861
1.60911
1.5676
1.52649
1.48917
1.46027
1.44493
1.44658
1.46482
1.49516
1.53074
1.56468
1.59142
1.6075
1.61177
1.60533
1.59133
1.57449
1.56023
1.55326
1.55607
1.56806
1.58575
1.60421
1.61902
1.62786
1.63104
1.63116
1.63188
1.63648
1.64656
1.66137
1.67785
1.69146
1.69786
1.6946
1.68202
1.66275
1.64078
1.6202
1.60444
1.59583
1.59542
1.60297
1.61723
1.63647
1.65909
1.6839
1.70998
1.73642
1.76213
1.78582
1.80615
1.8217
1.8307
1.83113
1.82121
1.80016
1.76876
1.72912
1.68424
1.63747
1.59243
1.5531
1.52374
1.508
1.50737
1.52043
1.54366
1.57309
1.60557
1.63893
1.67164
1.70222
1.72906
1.75054
1.76548
1.77348
1.77501
1.77126
1.76395
1.75508
1.74662
1.74019
1.73669
1.73594
1.73667
1.73672
1.73378
1.72618
1.71359
1.69731
1.68013
1.66558
1.65687
1.65556
1.66067
1.66904
1.6765
1.67931
1.67481
1.66173
1.64014
1.61135
1.57785
1.54294
1.51034
1.48381
1.46679
1.46214
1.47146
1.49409
1.52642
1.56274
1.59712
1.62568
1.64738
1.66367
1.67702
1.68947
1.70175
1.71333
1.72299
1.72972
1.7333
1.73455
1.73513
1.73699
1.7417
1.74977
1.76041
1.77177
1.78189
1.78979
1.79632
1.80376
1.81429
1.82827
1.84381
1.8577
1.86655
1.86766
1.85939
1.84154
1.81558
1.78461
1.75273
1.7239
1.70066
1.68359
1.6716
1.66241
1.65319
1.64126
1.62494
1.60411
1.58025
1.5564
1.53687
1.52636
1.52842
1.54399
1.57094
1.6049
1.64059
1.67294
1.69783
1.71277
1.71739
1.71331
1.70327
1.68996
1.67513
1.65927
1.64191
1.62247
1.60124
1.58002
1.56185
1.54984
1.54537
1.54681
1.55
1.55038
1.54525
1.53477
1.52161
1.50962
1.50229
1.50169
1.50821
1.52085
1.53752
1.55536
1.57135
1.58321
1.58993
1.59185
1.59014
1.5864
1.58227
1.57936
1.57896
1.58182
1.58782
1.59585
1.60397
1.61013
1.61296
1.61249
1.61018
1.60849
1.60998
1.61617
1.62662
1.63867
1.64827
1.65137
1.64548
1.6307
1.60945
1.58543
1.56228
1.54284
1.52885
1.52067
1.51719
1.51646
1.51717
1.51993
1.52703
1.5405
1.56025
1.58361
1.60659
1.6252
1.63626
1.63794
1.63026
1.61529
1.5968
1.57929
1.56677
1.56161
1.56416
1.57283
1.585
1.59804
1.6104
1.62171
1.63202
1.64089
1.64695
1.64827
1.64314
1.63084
1.61196
1.58804
1.56081
1.53164
1.50185
1.47344
1.44914
1.43152
1.42195
1.42069
1.42776
1.44366
1.46879
1.50269
1.54355
1.58851
1.63424
1.67721
1.71399
1.74157
1.75809
1.76332
1.75903
1.74886
1.73744
1.72858
1.72349
1.7206
1.71718
1.71146
1.70352
1.69509
1.68886
1.68746
1.69261
1.70413
1.71966
1.73553
1.74838
1.75632
1.75914
1.75775
1.75337
1.74704
1.7396
1.73172
1.72363
1.71474
1.70347
1.68812
1.66828
1.64633
1.62708
1.61495
1.61071
1.61157
1.61387
1.61512
1.61377
1.60887
1.60058
1.59076
1.5823
1.57766
1.57765
1.58132
1.58689
1.59306
1.59959
1.60716
1.61658
1.62807
1.64102
1.65414
1.66589
1.67467
1.67912
1.67854
1.67329
1.66498
1.65595
1.64831
1.64337
1.64195
1.64563
1.65689
1.67663
1.70097
1.7222
1.73382
1.73415
1.72543
1.71123
1.69453
1.67723
1.66051
1.64541
1.633
1.62465
1.62177
1.62536
1.63522
1.6496
1.66534
1.6786
1.68576
1.68415
1.67268
1.65228
1.62611
1.59917
1.57688
1.56349
1.56077
1.56783
1.58198
1.60023
1.62018
1.64029
1.65945
1.67645
1.68984
1.69791
1.69915
1.69269
1.67872
1.65868
1.63519
1.61153
1.59088
1.57571
1.56727
1.56534
1.56832
1.57345
1.57754
1.57785
1.57254
1.56077
1.54253
1.51884
1.49225
1.46711
1.44902
1.44295
1.45095
1.47121
1.49924
1.5299
1.55891
1.58316
1.60052
1.60978
1.611
1.60577
1.59687
1.58767
1.58119
1.57974
1.58454
1.59533
1.61048
1.62737
1.64306
1.65478
1.66012
1.65755
1.64665
1.62835
1.60481
1.57885
1.55338
1.531
1.51395
1.50411
1.50267
1.50955
1.52316
1.54128
1.56195
1.58395
1.60635
1.62803
1.64775
1.66438
1.67726
1.68619
1.69127
1.69285
1.69153
1.68789
1.68233
1.67493
1.66552
1.65399
1.64062
1.62631
1.61283
1.60274
1.59886
1.60257
1.61252
1.62482
1.63503
1.64023
1.63986
1.6354
1.62954
1.62526
1.62491
1.62958
1.63907
1.65205
1.66665
1.68085
1.69307
1.70224
1.708
1.71086
1.71205
1.71317
1.71575
1.72095
1.72904
1.739
1.74854
1.75482
1.75538
1.74917
1.73686
1.72016
1.70086
1.68023
1.65963
1.64149
1.6294
1.62677
1.63518
1.65372
1.67957
1.70917
1.7391
1.76666
1.78987
1.80758
1.81947
1.82604
1.82851
1.82835
1.82641
1.82239
1.81487
1.80208
1.78285
1.75735
1.7272
1.69531
1.66544
1.64107
1.62423
1.61475
1.61083
1.61051
1.61282
1.61766
1.62524
1.63575
1.64986
1.66826
1.69045
1.71407
1.73594
1.75369
1.76644
1.77441
1.77815
1.77803
1.77409
1.76616
1.75418
1.7385
1.72002
1.70041
1.68179
1.66606
1.65406
1.64527
1.63834
1.63185
1.62464
1.61585
1.60486
1.59148
1.57613
1.55978
1.54374
1.52948
1.51862
1.51288
1.51408
1.52393
1.5434
1.57185
1.60639
1.64206
1.67332
1.69575
1.70695
1.70687
1.69742
1.68184
1.66406
1.64808
1.63719
1.63298
1.63493
1.64091
1.64868
1.65699
1.66532
1.67277
1.67784
1.67964
1.67909
1.67814
1.67755
1.67554
1.66917
1.65664
1.63848
1.61713
1.59539
1.5752
1.5577
1.54417
1.53683
1.53782
1.54733
1.56255
1.57883
1.59188
1.59962
1.60278
1.60454
1.60941
1.62175
1.64402
1.67551
1.71194
1.74676
1.77317
1.78584
1.7819
1.7614
1.72791
1.68854
1.6528
1.62922
1.62207
1.63053
1.64999
1.67421
1.69746
1.71582
1.72704
1.73002
1.7246
1.71183
1.69417
1.67501
1.65726
1.64219
1.62953
1.61868
1.60979
1.60364
1.6009
1.60127
1.60332
1.60502
1.60446
1.60052
1.59321
1.58383
1.57455
1.56756
1.56424
1.56442
1.56638
1.56758
1.56613
1.56216
1.55839
1.5588
1.5657
1.57735
1.58902
1.5972
1.60254
1.60839
1.61688
1.62725
1.63792
1.64839
1.65861
1.66766
1.67379
1.67553
1.67272
1.667
1.66194
1.66181
1.66898
1.6817
1.695
1.70323
1.70175
1.68782
1.66203
1.63027
1.6029
1.58902
1.59089
1.60465
1.62491
1.64723
1.6686
1.68735
1.703
1.71583
1.72653
1.73595
1.74462
1.75237
1.75828
1.76095
1.75909
1.75204
1.74007
1.72434
1.70661
1.68886
1.67294
1.66026
1.65163
1.6473
1.64677
1.6489
1.65188
1.6537
1.65266
1.6479
1.63955
1.62884
1.61779
1.60877
1.60391
1.60445
1.61053
1.62127
1.63513
1.6503
1.66499
1.67771
1.68746
1.69395
1.69783
1.70057
1.70395
1.70935
1.71702
1.72583
1.73332
1.73649
1.73278
1.72075
1.70059
1.67426
1.64503
1.61648
1.59137
1.57124
1.55675
1.54814
1.54545
1.54828
1.55529
1.56419
1.57248
1.57844
1.58181
1.58376
1.58645
1.59219
1.60226
1.616
1.63077
1.64294
1.64956
1.64938
1.64307
1.63247
1.61964
1.60603
1.59222
1.57803
1.56296
1.5468
1.53002
1.5141
1.50107
1.49304
1.49178
1.49847
1.51356
1.53651
1.56565
1.59828
1.63123
1.6616
1.68729
1.70739
1.72206
1.73205
1.73818
1.74087
1.74008
1.73533
1.72596
1.71145
1.69172
1.66739
1.63982
1.61075
1.58223
1.55716
1.5402
1.53756
1.55407
1.58936
1.63726
1.68888
1.73629
1.77445
1.80109
1.81608
1.82083
1.81788
1.8103
1.80095
1.79178
1.78333
1.7748
1.76477
1.75189
1.73546
1.71585
1.69481
1.67523
1.6603
1.65207
1.65041
1.65317
1.65752
1.66147
1.66488
1.66908
1.6758
1.68558
1.6972
1.70825
1.71647
1.72099
1.72254
1.72287
1.72388
1.72673
1.7312
1.73556
1.73706
1.73293
1.72139
1.70243
1.67782
1.65057
1.6238
1.60002
1.58095
1.56789
1.5617
1.56237
1.5689
1.57974
1.59356
1.60953
1.62657
1.64267
1.65536
1.66304
1.66613
1.66663
1.66628
1.66517
1.66216
1.65629
1.64786
1.63833
1.62949
1.62265
1.61814
1.61554
1.61423
1.61376
1.61397
1.615
1.61742
1.62223
1.63052
1.64287
1.65888
1.67718
1.69588
1.71314
1.7276
1.73856
1.74621
1.75168
1.75657
1.76192
1.76746
1.77186
1.77373
1.77236
1.76762
1.75945
1.74729
1.73001
1.70653
1.6769
1.64355
1.61172
1.588
1.57685
1.57747
1.5842
1.59042
1.592
1.58831
1.58127
1.57371
1.56797
1.56533
1.56595
1.56912
1.5736
1.57786
1.58013
1.57849
1.57136
1.55828
1.5406
1.52159
1.50544
1.49573
1.49411
1.50033
1.51305
1.53056
1.55112
1.57308
1.59518
1.61685
1.63791
1.65795
1.67588
1.69044
1.70096
1.70761
1.71102
1.71163
1.70914
1.70273
1.692
1.67861
1.66746
1.6656
1.67808
1.70372
1.73537
1.76428
1.78404
1.79182
1.78798
1.77515
1.7571
1.73764
1.71987
1.70587
1.69704
1.69405
1.69663
1.70372
1.71395
1.72639
1.7409
1.75792
1.77759
1.79879
1.81899
1.83499
1.84416
1.84501
1.83748
1.82293
1.80409
1.78449
1.76699
1.7524
1.73966
1.72738
1.71516
1.70353
1.69317
1.68448
1.67741
1.67162
1.66622
1.65957
1.64958
1.63455
1.61409
1.58962
1.5641
1.54117
1.52381
1.51339
1.50974
1.51199
1.51924
1.53061
1.54518
1.56215
1.58117
1.60241
1.62633
1.65304
1.68158
1.70965
1.73419
1.75243
1.76264
1.76419
1.75734
1.74276
1.72139
1.69445
1.66374
1.63202
1.60345
1.58365
1.57792
1.58799
1.61038
1.6384
1.66579
1.68865
1.70543
1.71623
1.72197
1.72352
1.72121
1.71463
1.70318
1.68698
1.66775
1.64903
1.63528
1.6296
1.63176
1.63849
1.64568
1.65014
1.65047
1.64657
1.63886
1.6276
1.61279
1.59442
1.57278
1.54855
1.52299
1.49819
1.47708
1.46299
1.45871
1.4654
1.48215
1.50633
1.53438
1.56256
1.58731
1.60555
1.61519
1.61555
1.60784
1.59506
1.58112
1.56959
1.56275
1.5617
1.56743
1.58128
1.60365
1.63241
1.66338
1.69235
1.71652
1.73478
1.7473
1.75502
1.75943
1.76246
1.76599
1.77075
1.77549
1.77769
1.77531
1.76789
1.75654
1.74333
1.731
1.72292
1.72236
1.73107
1.74815
1.77042
1.79391
1.81519
1.83169
1.84171
1.84444
1.84017
1.83067
1.81852
1.80606
1.79425
1.78269
1.77062
1.75803
1.74625
1.73781
1.73574
1.74257
1.75944
1.78551
1.81762
1.85078
1.87934
1.89837
1.9047
1.89728
1.87693
1.84585
1.80693
1.76381
1.72096
1.68342
1.65546
1.63887
1.63232
1.63231
1.63528
1.63903
1.64297
1.64713
1.65106
1.65328
1.65178
1.64526
1.63456
1.62318
1.61609
1.6168
1.62511
1.63827
1.65328
1.66808
1.68136
1.69199
1.69911
1.70221
1.7012
1.69627
1.68776
1.67596
1.66093
1.64247
1.62
1.59292
1.56142
1.52762
1.49586
1.47124
1.45748
1.45582
1.46563
1.48479
1.50972
1.53584
1.55882
1.5758
1.58628
1.59202
1.59627
1.60247
1.61296
1.628
1.6458
1.66366
1.67927
1.69144
1.70026
1.70655
1.71139
1.71544
1.71879
1.72125
1.72273
1.72331
1.72285
1.72098
1.7176
1.71342
1.70963
1.70721
1.70624
1.70613
1.70628
1.70674
1.70827
1.71148
1.71621
1.72199
1.72914
1.73881
1.75198
1.76834
1.78598
1.80207
1.81377
1.81929
1.81844
1.81264
1.8044
1.79625
1.78977
1.7852
1.78159
1.7774
1.77106
1.76134
1.74747
1.7292
1.7068
1.68117
1.65379
1.62653
1.60168
1.58165
1.56803
1.56074
1.55849
1.55995
1.5645
1.57179
1.58106
1.5905
1.59752
1.59966
1.59605
1.58838
1.58077
1.57775
1.58167
1.5915
1.60413
1.61643
1.62674
1.63545
1.64466
1.65691
1.67375
1.69465
1.71709
1.73773
1.75397
1.76498
1.77152
1.77502
1.77646
1.77578
1.77186
1.76316
1.74863
1.72838
1.70381
1.67719
1.65086
1.62635
1.60411
1.58368
1.56437
1.54605
1.52977
1.51768
1.51201
1.51392
1.52269
1.53586
1.55019
1.56274
1.57176
1.57696
1.57918
1.57975
1.57979
1.57993
1.58043
1.58153
1.58343
1.58571
1.58645
1.58225
1.56969
1.54768
1.5193
1.49117
1.47065
1.46253
1.46788
1.48567
1.51455
1.55297
1.59815
1.64549
1.68938
1.725
1.74971
1.76335
1.76754
1.76451
1.75623
1.74423
1.72975
1.71393
1.69783
1.68224
1.66741
1.65295
1.63803
1.622
1.60502
1.58862
1.57552
1.56865
1.56969
1.57832
1.59242
1.60919
1.62591
1.64047
1.65154
1.65891
1.66353
1.66741
1.67282
1.68123
1.69266
1.7055
1.71737
1.72612
1.73063
1.73071
1.72683
1.71978
1.71053
1.70032
1.69093
1.68483
1.68411
1.68874
1.69611
1.70252
1.7052
1.70301
1.69585
1.68384
1.66709
1.6458
1.6209
1.59437
1.56919
1.54876
1.53614
1.53312
1.53973
1.55443
1.57468
1.59767
1.62081
1.64219
1.66063
1.67545
1.686
1.69181
1.69342
1.69296
1.69269
1.6925
1.68962
1.68143
1.66811
1.65305
1.64108
1.63617
1.63955
1.64974
1.66416
1.68109
1.70061
1.72384
1.75107
1.78058
1.80881
1.83155
1.84504
1.84671
1.83595
1.81446
1.7864
1.75727
1.73177
1.71195
1.6967
1.68294
1.66726
1.64705
1.62123
1.59099
1.56012
1.53377
1.51456
1.50026
1.48697
1.47425
1.46596
1.46673
1.47872
1.50151
1.53344
1.57224
1.61473
1.65699
1.695
1.7254
1.74581
1.75513
1.75379
1.74392
1.72921
1.71421
1.70304
1.69776
1.69752
1.69911
1.69879
1.69445
1.68676
1.67831
1.67172
1.66803
1.66677
1.66714
1.66911
1.67368
1.6823
1.69556
1.71189
1.72756
1.73806
1.74011
1.73301
1.71867
1.70023
1.68031
1.66019
1.64029
1.62134
1.6049
1.59314
1.588
1.59046
1.60037
1.61647
1.63677
1.65895
1.68066
1.69984
1.71483
1.72458
1.72848
1.72633
1.71857
1.70697
1.69482
1.68568
1.68231
1.68621
1.69758
1.71483
1.73408
1.7499
1.75741
1.754
1.73992
1.71774
1.69147
1.66561
1.64453
1.63166
1.62879
1.63553
1.64908
1.66485
1.67753
1.68276
1.67837
1.66523
1.64716
1.62993
1.61924
1.61841
1.62733
1.64312
1.66181
1.67988
1.69512
1.70691
1.71573
1.72217
1.72602
1.72616
1.72149
1.71197
1.69953
1.68803
1.68161
1.68236
1.68914
1.69905
1.70964
1.7197
1.72894
1.73741
1.74518
1.75236
1.75924
1.76641
1.77444
1.78354
1.79362
1.80476
1.81717
1.83064
1.84371
1.8536
1.85695
1.8509
1.83384
1.806
1.76979
1.72996
1.69319
1.6664
1.65397
1.65562
1.66686
1.68174
1.69544
1.70542
1.7113
1.7144
1.71683
1.72042
1.72562
1.73127
1.73508
1.735
1.73007
1.72055
1.70754
1.69263
1.67779
1.66532
1.6578
1.65753
1.66535
1.67976
1.69713
1.71306
1.72392
1.72756
1.72361
1.7133
1.69944
1.68616
1.6779
1.67766
1.68557
1.69899
1.71409
1.7273
1.736
1.73857
1.73447
1.72448
1.71088
1.69703
1.68653
1.68204
1.68487
1.69477
1.71047
1.73012
1.75161
1.77284
1.79195
1.80758
1.81923
1.82735
1.83264
1.83515
1.83364
1.82583
1.80951
1.78369
1.7489
1.7073
1.66236
1.61839
1.57973
1.55005
1.53193
1.52672
1.53435
1.5531
1.57985
1.61087
1.64274
1.67288
1.69964
1.72215
1.74009
1.75338
1.76176
1.76461
1.76119
1.75129
1.73635
1.72001
1.70726
1.70175
1.70321
1.70747
1.7092
1.70469
1.69275
1.67439
1.65174
1.62723
1.60302
1.58096
1.56265
1.54943
1.54231
1.54196
1.54869
1.56201
1.58045
1.60182
1.6239
1.64505
1.6647
1.68322
1.70134
1.71918
1.73565
1.74833
1.75429
1.75092
1.73698
1.71337
1.68329
1.65145
1.6226
1.60029
1.5862
1.58018
1.58061
1.58523
1.59181
1.59868
1.60491
1.61025
1.61496
1.61943
1.62384
1.62822
1.63254
1.63694
1.64146
1.64589
1.64971
1.6524
1.65383
1.65426
1.65404
1.6531
1.65109
1.64761
1.64244
1.63558
1.62714
1.61745
1.60728
1.59806
1.59154
1.5891
1.59125
1.59779
1.60821
1.62225
1.64015
1.6625
1.68969
1.72116
1.7549
1.78758
1.81539
1.83497
1.84418
1.84232
1.8299
1.80841
1.78009
1.74779
1.71493
1.68526
1.66214
1.6476
1.64169
1.64253
1.64696
1.65152
1.65338
1.65125
1.64579
1.63944
1.63543
1.63658
1.64406
1.65693
1.67233
1.68648
1.6959
1.69834
1.69316
1.68122
1.66453
1.64564
1.6274
1.6125
1.60322
1.60099
1.60585
1.61659
1.63146
1.64887
1.66749
1.68565
1.70102
1.71102
1.71362
1.70797
1.69448
1.67497
1.65234
1.63011
1.61146
1.5985
1.59204
1.59195
1.59752
1.60779
1.62183
1.63875
1.65766
1.67718
1.69523
1.70918
1.7166
1.71591
1.70717
1.69228
1.67474
1.6589
1.6487
1.64605
1.64957
1.65491
1.6571
1.65267
1.64049
1.6215
1.5982
1.57386
1.55169
1.53401
1.52191
1.51613
1.51781
1.52839
1.54813
1.57524
1.60656
1.63875
1.66906
1.69582
1.71893
1.73976
1.75988
1.77927
1.79563
1.80561
1.80669
1.79837
1.78207
1.76043
1.73617
1.71148
1.68792
1.66663
1.64858
1.63434
1.6238
1.61614
1.61032
1.60551
1.60138
1.59822
1.59701
1.5987
1.60366
1.61138
1.62076
1.63065
1.64004
1.64802
1.65392
1.65762
1.65962
1.66091
1.66238
1.66421
1.66582
1.66607
1.66404
1.65929
1.65196
1.64247
1.63129
1.6187
1.605
1.59066
1.57652
1.5635
1.55185
1.54076
1.52864
1.51417
1.49759
1.48138
1.47008
1.46884
1.48138
1.50839
1.54737
1.59362
1.64175
1.68711
1.72659
1.75877
1.78371
1.80249
1.81669
1.82777
1.83649
1.84241
1.84405
1.83957
1.82804
1.81056
1.79052
1.77218
1.75842
1.74948
1.74365
1.73876
1.73326
1.72646
1.71851
1.71036
1.70348
1.6993
1.69841
1.70016
1.70263
1.70363
1.70202
1.69843
1.69511
1.69474
1.69898
1.70764
1.71887
1.73008
1.7389
1.74353
1.74282
1.73638
1.72444
1.70787
1.68819
1.66756
1.64843
1.63292
1.6222
1.61606
1.61298
1.61068
1.60694
1.60055
1.5922
1.58468
1.58172
1.58574
1.59644
1.61172
1.63016
1.65188
1.67733
1.70531
1.73276
1.75615
1.77297
1.78226
1.78434
1.78034
1.77176
1.7603
1.74757
1.73488
1.72298
1.71215
1.70243
1.69392
1.68661
1.68023
1.67418
1.66767
1.65994
1.65043
1.63901
1.62619
1.61309
1.60132
1.59253
1.5879
1.58775
1.59152
1.59806
1.60606
1.61421
1.62125
1.62604
1.62767
1.62555
1.61958
1.61023
1.59884
1.5877
1.58001
1.57929
1.58801
1.60606
1.63034
1.65598
1.6782
1.69367
1.70095
1.70018
1.69255
1.68002
1.66498
1.64988
1.63685
1.62734
1.62188
1.62028
1.62188
1.62572
1.63056
1.63505
1.63811
1.63924
1.63876
1.63753
1.63665
1.63701
1.63918
1.64354
1.65037
1.65964
1.6707
1.68254
1.69401
1.70435
1.71362
1.72271
1.73279
1.74456
1.75758
1.77058
1.78245
1.79305
1.80301
1.81294
1.82296
1.83277
1.84195
1.85002
1.85635
1.86017
1.86069
1.85706
1.84846
1.83438
1.81495
1.79097
1.76399
1.73604
1.7092
1.68502
1.66397
1.64571
1.62945
1.61483
1.6027
1.59533
1.59546
1.60478
1.62297
1.6477
1.67574
1.704
1.73027
1.75316
1.77192
1.7863
1.79649
1.80311
1.80724
1.81003
1.81238
1.81457
1.8162
1.81626
1.81343
1.80631
1.79393
1.7767
1.75761
1.74259
1.73787
1.74444
1.75597
1.7638
1.76276
1.75231
1.73463
1.71267
1.68938
1.6678
1.65109
1.64217
1.64288
1.65309
1.67049
1.69121
1.71094
1.72607
1.73421
1.73461
1.72838
1.71819
1.70738
1.69829
1.69112
1.68426
1.67602
1.66615
1.65585
1.64657
1.63888
1.63218
1.62547
1.61795
1.60931
1.59972
1.58946
1.57841
1.56586
1.55125
1.53535
1.52075
1.51109
1.5094
1.51675
1.53191
1.55206
1.57408
1.59567
1.61545
1.63246
1.64595
1.65592
1.66362
1.67118
1.68045
1.692
1.70498
1.71765
1.72829
1.7357
1.73923
1.73871
1.73454
1.72808
1.72151
1.71688
1.71483
1.71428
1.71343
1.7109
1.70653
1.70122
1.69641
1.69343
1.69281
1.69418
1.69634
1.69777
1.69703
1.69314
1.6857
1.67472
1.66035
1.64284
1.62264
1.60102
1.58075
1.5661
1.56124
1.56772
1.58313
1.60231
1.62003
1.6329
1.64007
1.64308
1.6453
1.64999
1.65826
1.66857
1.67885
1.68845
1.69814
1.70866
1.71951
1.72884
1.73442
1.73475
1.72965
1.72012
1.70767
1.69355
1.67855
1.66333
1.64899
1.6372
1.6295
1.62619
1.62579
1.62545
1.62221
1.61413
1.60106
1.5845
1.56668
1.54975
1.53581
1.52719
1.52612
1.53354
1.54817
1.56663
1.58454
1.59796
1.60446
1.60357
1.59708
1.58867
1.58307
1.5845
1.59521
1.61445
1.63874
1.66309
1.68248
1.69289
1.69188
1.67866
1.65399
1.6199
1.57939
1.5366
1.49713
1.46782
1.45463
1.45966
1.47989
1.50899
1.54037
1.56931
1.59353
1.61278
1.62804
1.64091
1.65319
1.66668
1.6828
1.7019
1.72288
1.74342
1.76082
1.77279
1.77782
1.77561
1.76739
1.7561
1.74599
1.74103
1.74305
1.75082
1.76137
1.77166
1.77953
1.78356
1.78263
1.77589
1.76299
1.74452
1.72223
1.69879
1.67713
1.65976
1.64815
1.64257
1.64233
1.64595
1.65108
1.65478
1.65428
1.64777
1.63517
1.61842
1.60159
1.59037
1.59013
1.60284
1.62533
1.6511
1.67414
1.6921
1.70637
1.71955
1.73269
1.74488
1.75487
1.76224
1.76683
1.76783
1.76381
1.75361
1.73744
1.71727
1.69632
1.67779
1.66355
1.65377
1.64753
1.64372
1.64143
1.63977
1.63802
1.63589
1.63396
1.63375
1.63707
1.64514
1.65799
1.67423
1.69162
1.70778
1.72089
1.72976
1.73371
1.73209
1.72396
1.70828
1.68465
1.65442
1.62121
1.59052
1.56776
1.55613
1.55588
1.56502
1.5806
1.59957
1.61932
1.63794
1.65406
1.66662
1.67453
1.67707
1.67452
1.66851
1.66165
1.6562
1.65276
1.64998
1.64553
1.63753
1.62551
1.61069
1.59544
1.58228
1.57267
1.56637
1.56162
1.55613
1.54823
1.53761
1.52567
1.51549
1.5114
1.51787
1.53791
1.5714
1.61475
1.66203
1.70699
1.74468
1.77228
1.78905
1.79603
1.7955
1.79028
1.78306
1.77572
1.76906
1.76294
1.75678
1.75007
1.74265
1.73462
1.72603
1.71657
1.70592
1.69404
1.68154
1.66942
1.65829
1.64815
1.63896
1.63157
1.62799
1.63053
1.64068
1.65833
1.68177
1.7081
1.73384
1.75553
1.77023
1.77571
1.77076
1.75558
1.73238
1.70562
1.68107
1.66291
1.65102
1.64188
1.63279
1.62507
1.62318
1.63118
1.64953
1.6746
1.70029
1.72031
1.73029
1.72862
1.71666
1.69806
1.67742
1.65858
1.64322
1.63079
1.61981
1.61001
1.60322
1.60208
1.60735
1.61665
1.62594
1.63205
1.63368
1.63107
1.62555
1.61923
1.61486
1.6152
1.62189
1.63459
1.65109
1.66818
1.68269
1.69239
1.69643
1.69546
1.69143
1.68696
1.6845
1.68529
1.68852
1.69121
1.68928
1.67945
1.66139
1.63842
1.61631
1.60044
1.59331
1.59395
1.59934
1.60642
1.61337
1.61987
1.62668
1.63471
1.64442
1.65566
1.66803
1.68085
1.69315
1.70375
1.71184
1.71734
1.72076
1.72275
1.72372
1.72378
1.72289
1.72111
1.71889
1.71729
1.71771
1.7213
1.72851
1.73858
1.74966
1.75922
1.76465
1.76405
1.75678
1.74352
1.7258
1.70539
1.68411
1.66396
1.64744
1.63734
1.63604
1.64466
1.6621
1.68513
1.70937
1.73081
1.74671
1.75555
1.75672
1.74997
1.73519
1.71249
1.68251
1.64664
1.60696
1.56607
1.52696
1.49298
1.4675
1.45302
1.45029
1.45783
1.47213
1.48868
1.50343
1.51416
1.52125
1.52699
1.53369
1.54217
1.55191
1.56217
1.57276
1.58419
1.59736
1.61325
1.63218
1.65293
1.67241
1.68676
1.69298
1.69021
1.67972
1.66422
1.64714
1.63219
1.62335
1.62403
1.63591
1.65796
1.6868
1.71829
1.74866
1.77499
1.79533
1.80887
1.81603
1.81817
1.81694
1.81394
1.81081
1.80945
1.81144
1.81687
1.82399
1.82994
1.8319
1.82776
1.81622
1.79696
1.77075
1.73926
1.70468
1.66975
1.63893
1.61975
1.61976
1.63893
1.66755
1.69377
1.7108
1.71779
1.71721
1.71233
1.70594
1.7001
1.69656
1.69679
1.70135
1.7092
1.71773
1.72383
1.72507
1.72044
1.71021
1.6955
1.67809
1.66041
1.64547
1.63607
1.63346
1.63667
1.64288
1.64831
1.64911
1.6423
1.62643
1.60226
1.57298
1.54379
1.52105
1.51064
1.51598
1.53675
1.56927
1.60821
1.64807
1.68399
1.71187
1.72872
1.73327
1.72651
1.71184
1.69421
1.67883
1.66954
1.6677
1.67194
1.67911
1.68571
1.68896
1.68731
1.6805
1.66936
1.65575
1.64219
1.63094
1.62267
1.61623
1.60992
1.60321
1.59706
1.59308
1.5924
1.59498
1.59982
1.60555
1.61102
1.61567
1.61959
1.62341
1.62837
1.63648
1.65047
1.67229
1.70104
1.73231
1.76057
1.78198
1.7951
1.7995
1.79422
1.77761
1.74876
1.70935
1.66469
1.62297
1.59237
1.57747
1.57746
1.58764
1.60255
1.61806
1.63177
1.64245
1.64941
1.65199
1.64947
1.64102
1.62603
1.60445
1.57716
1.54613
1.51428
1.48504
1.46182
1.44741
1.44355
1.4507
1.46816
1.49439
1.52721
1.56371
1.60057
1.63456
1.66298
1.68391
1.69609
1.69907
1.69355
1.68182
1.66784
1.65644
1.65189
1.65637
1.66937
1.68833
1.70986
1.73056
1.74709
1.75642
1.7566
1.74753
1.73089
1.7096
1.68713
1.6669
1.65179
1.64342
1.64195
1.64633
1.65509
1.66668
1.67973
1.6928
1.70426
1.71239
1.71567
1.71332
1.70571
1.69451
1.68225
1.67152
1.66414
1.66088
1.66179
1.66667
1.67535
1.68754
1.70249
1.7188
1.73473
1.74873
1.75951
1.76608
1.76771
1.76409
1.7553
1.74173
1.72393
1.70272
1.67952
1.65653
1.6366
1.62229
1.61497
1.61449
1.61964
1.62892
1.64107
1.6554
1.67178
1.69028
1.71063
1.7319
1.75233
1.76959
1.78136
1.78565
1.78128
1.76828
1.74822
1.72426
1.70066
1.68195
1.67192
1.67244
1.68261
1.69862
1.71475
1.72531
1.72653
1.71753
1.70052
1.68012
1.66193
1.65067
1.64865
1.6552
1.66723
1.68054
1.6912
1.69665
1.69626
1.69116
1.68377
1.67682
1.67237
1.67098
1.6711
1.66932
1.66183
1.64659
1.62533
1.60366
1.58833
1.58312
1.58722
1.59701
1.60881
1.62037
1.63129
1.64252
1.6554
1.67077
1.68877
1.70892
1.73001
1.75008
1.76637
1.77572
1.77511
1.7626
1.73821
1.70499
1.6693
1.63904
1.62008
1.61315
1.61375
1.61454
1.60833
1.59022
1.55873
1.51615
1.46836
1.42403
1.39257
1.38136
1.39288
1.42403
1.46789
1.51662
1.56345
1.60388
1.63588
1.65959
1.67673
1.68955
1.69976
1.70776
1.71259
1.71283
1.70756
1.69676
1.68117
1.66173
1.63921
1.61396
1.58621
1.55667
1.52734
1.50178
1.48421
1.47783
1.48342
1.49919
1.52169
1.54701
1.57162
1.59265
1.60779
1.61537
1.61455
1.60586
1.59171
1.57607
1.56281
1.55392
1.54913
1.54716
1.5469
1.5478
1.54979
1.55317
1.55841
1.56567
1.57416
1.58179
1.58548
1.5827
1.57438
1.56654
1.56727
1.57943
1.59801
1.61562
1.62796
1.63445
1.6363
1.63524
1.63341
1.6333
1.6368
1.64402
1.65305
1.66115
1.66638
1.66831
1.66765
1.66559
1.66324
1.66138
1.66051
1.66095
1.66303
1.66683
1.67195
1.67722
1.68104
1.68199
1.67951
1.67402
1.66656
1.65832
1.65036
1.64359
1.63895
1.6372
1.63874
1.64334
1.65002
1.65739
1.66386
1.66803
1.66905
1.66664
1.66105
1.65285
1.64309
1.6337
1.62782
1.62914
1.64046
1.6623
1.69241
1.72661
1.76007
1.78822
1.80732
1.81471
1.80895
1.78984
1.75849
1.71733
1.67031
1.62275
1.58042
1.54785
1.52659
1.51481
1.50864
1.50435
1.49986
1.49495
1.49053
1.48772
1.48739
1.49018
1.49672
1.50741
1.52242
1.54164
1.56482
1.59144
1.62046
1.65017
1.67809
1.70134
1.7172
1.72378
1.72061
1.7088
1.691
1.67097
1.65281
1.64011
1.63518
1.63857
1.64871
1.66235
1.6755
1.68444
1.68659
1.68096
1.6682
1.65008
1.62883
1.60658
1.58512
1.5662
1.5518
1.54406
1.54487
1.55491
1.57277
1.59513
1.61805
1.6383
1.65393
1.66418
1.66902
1.66889
1.66459
1.65709
1.64757
1.63757
1.62922
1.62481
1.62605
1.63327
1.64535
1.66009
1.67452
1.68573
1.69179
1.69229
1.68811
1.68061
1.67092
1.65949
1.64623
1.63083
1.61325
1.5942
1.57534
1.55923
1.54852
1.54489
1.54824
1.55649
1.56651
1.57543
1.58178
1.58587
1.5894
1.59475
1.60401
1.61833
1.63737
1.65937
1.68149
1.70059
1.71404
1.72034
1.71933
1.71186
1.6995
1.68417
1.66812
1.65375
1.64312
1.6374
1.63649
1.63919
1.64389
1.64927
1.65448
1.65906
1.66307
1.66735
1.67343
1.68283
1.69572
1.71011
1.72223
1.72775
1.72336
1.70801
1.68355
1.65452
1.62653
1.6038
1.58807
1.5795
1.57831
1.58459
1.59659
1.61033
1.62151
1.62767
1.62939
1.62987
1.63319
1.64205
1.65634
1.67378
1.69167
1.70843
1.72385
1.73855
1.75296
1.76667
1.77853
1.7875
1.79376
1.79899
1.8058
1.8163
1.83091
1.84794
1.86405
1.8753
1.8782
1.87074
1.85285
1.82644
1.79496
1.76251
1.7328
1.70824
1.68993
1.67824
1.67334
1.675
1.68199
1.69196
1.70205
1.70972
1.71328
1.71211
1.70676
1.69894
1.69136
1.68698
1.68808
1.69544
1.70823
1.72464
1.74249
1.75962
1.77397
1.78391
1.78832
1.78673
1.77911
1.76578
1.74745
1.72557
1.70266
1.68232
1.66821
1.66246
1.66422
1.66993
1.67489
1.67507
1.66832
1.65495
1.63775
1.62121
1.60989
1.60666
1.61189
1.6239
1.63998
1.65719
1.67277
1.68425
1.68957
1.68732
1.67702
1.65924
1.63533
1.60697
1.57604
1.54515
1.51846
1.50164
1.50002
1.51563
1.54553
1.58288
1.61977
1.65019
1.67151
1.6843
1.69104
1.69465
1.69741
1.70048
1.70412
1.70773
1.71004
1.70932
1.70395
1.69359
1.68026
1.66856
1.66384
1.66893
1.68255
1.70048
1.7177
1.72984
1.7338
1.72821
1.71389
1.69412
1.67423
1.65975
1.65405
1.65714
1.66636
1.67814
1.68972
1.69985
1.70871
1.71706
1.72535
1.73333
1.74041
1.74644
1.75202
1.75763
1.76235
1.76417
1.76202
1.75726
1.75217
1.74779
1.74334
1.738
1.73221
1.72737
1.72478
1.72515
1.72892
1.73644
1.74772
1.76182
1.77676
1.79018
1.80021
1.80602
1.80786
1.80668
1.80362
1.79941
1.79409
1.78691
1.77675
1.76259
1.74397
1.72122
1.6954
1.66816
1.64159
1.61816
1.6004
1.59024
1.58812
1.59243
1.59989
1.60669
1.60975
1.60764
1.60092
1.59187
1.58397
1.5812
1.58693
1.60237
1.6257
1.65303
1.68051
1.70566
1.72743
1.74544
1.75922
1.76813
1.77162
1.76947
1.7617
1.74834
1.72942
1.70526
1.67697
1.64637
1.61548
1.58589
1.55854
1.53427
1.5145
1.50134
1.4967
1.50114
1.51334
1.53047
1.54915
1.56641
1.58014
1.58902
1.59227
1.59001
1.58397
1.57821
1.57838
1.58947
1.61281
1.64496
1.67973
1.71144
1.73674
1.75438
1.76418
1.76627
1.76093
1.74885
1.73163
1.71227
1.6947
1.68211
1.67493
1.67007
1.66324
1.65312
1.64351
1.63966
1.64166
1.64406
1.64187
1.63422
1.62339
1.61252
1.60413
1.59955
1.59876
1.60058
1.60341
1.60638
1.61048
1.61846
1.63295
1.65411
1.67912
1.70418
1.72663
1.74525
1.75967
1.76988
1.77627
1.77965
1.7807
1.77942
1.77496
1.76645
1.75376
1.73773
1.71986
1.70207
1.68648
1.67507
1.66942
1.67048
1.67858
1.69329
1.71321
1.73603
1.75888
1.77892
1.79391
1.80254
1.80446
1.80017
1.79096
1.77846
1.76417
1.7492
1.73402
1.7185
1.70216
1.68444
1.66503
1.64408
1.62227
1.60067
1.58047
1.56274
1.54846
1.53871
1.53476
1.53776
1.54789
1.56382
1.58298
1.60243
1.61971
1.63325
1.64225
1.64634
1.64547
1.63993
1.63059
1.61918
1.60847
1.60162
1.60088
1.6062
1.61557
1.62653
1.63769
1.64897
1.66102
1.67442
1.6891
1.70424
1.7185
1.73049
1.73918
1.7443
1.74663
1.74782
1.74988
1.75412
1.76031
1.76667
1.77094
1.77162
1.76835
1.76141
1.75098
1.73703
1.71972
1.69991
1.67928
1.66005
1.6444
1.63366
1.62763
1.62457
1.62187
1.61712
1.60886
1.59676
1.58146
1.56422
1.54649
1.52965
1.51474
1.50263
1.4943
1.49095
1.49358
1.50274
1.51842
1.53993
1.56582
1.59378
1.62089
1.64399
1.66013
1.66707
1.66406
1.65256
1.63619
1.61974
1.60738
1.6014
1.60235
1.60997
1.62387
1.64324
1.66649
1.69104
1.71395
1.73269
1.74552
1.75153
1.75057
1.74333
1.73138
1.71694
1.70234
1.68944
1.67924
1.67184
1.66676
1.66323
1.66059
1.65864
1.6576
1.65753
1.65765
1.65669
1.65431
1.65224
1.6537
1.66132
1.67535
1.69358
1.7127
1.72961
1.74205
1.74855
1.74828
1.74117
1.72806
1.71097
1.69279
1.67639
1.66351
1.6543
1.64793
1.64329
1.63933
1.63472
1.62789
1.61758
1.60362
1.58715
1.57034
1.55574
1.54593
1.54337
1.54999
1.56666
1.5924
1.62421
1.65764
1.68795
1.71148
1.72645
1.73321
1.73381
1.73112
1.72789
1.72604
1.72632
1.72823
1.73019
1.72992
1.72507
1.71399
1.69658
1.67492
1.65309
1.63598
1.62739
1.62852
1.63785
1.65248
1.66978
1.68812
1.70681
1.72544
1.74323
1.75892
1.77105
1.77823
1.7797
1.77554
1.76686
1.75581
1.74547
1.73915
1.73855
1.74165
1.7432
1.73872
1.72753
1.71268
1.69882
1.68997
1.68794
1.6915
1.69718
1.70086
1.69949
1.69191
1.67867
1.66106
1.64062
1.61873
1.59687
1.57652
1.55939
1.54744
1.54238
1.54477
1.55297
1.56333
1.57194
1.57679
1.57903
1.58229
1.58988
1.60196
1.61566
1.62788
1.63759
1.64579
1.65422
1.66384
1.67405
1.68307
1.68909
1.69136
1.69084
1.68959
1.68951
1.69131
1.69458
1.6987
1.70345
1.70864
1.71367
1.71715
1.71686
1.71009
1.69474
1.67055
1.63957
1.60545
1.57238
1.54421
1.52399
1.5135
1.51282
1.51997
1.53123
1.54246
1.5508
1.55569
1.55861
1.56168
1.56651
1.57385
1.58371
1.59567
1.60895
1.62255
1.63547
1.64708
1.6573
1.66641
1.67446
1.681
1.68499
1.68516
1.68057
1.67122
1.65895
1.64789
1.64343
1.64997
1.6691
1.69913
1.73601
1.77475
1.81083
1.84108
1.8638
1.87869
1.88643
1.88833
1.88573
1.87941
1.86941
1.85508
1.83554
1.81046
1.78042
1.7469
1.71217
1.679
1.65038
1.62931
1.61819
1.6181
1.62819
1.64581
1.66741
1.68956
1.70969
1.72618
1.73819
1.74541
1.74786
1.74589
1.74023
1.73186
1.72196
1.71169
1.70215
1.69446
1.68971
1.68886
1.69225
1.69899
1.70663
1.71192
1.71217
1.70647
1.69607
1.68362
1.67139
1.65979
1.647
1.63003
1.60658
1.57664
1.54318
1.51146
1.48745
1.47575
1.47799
1.49251
1.51557
1.54335
1.5732
1.60346
1.63276
1.6597
1.68326
1.70278
1.71782
1.72782
1.73224
1.73101
1.72494
1.71571
1.70555
1.69686
1.69175
1.69169
1.69698
1.70658
1.71852
1.73056
1.74088
1.74861
1.75377
1.75683
1.75792
1.75661
1.75232
1.74502
1.73547
1.72491
1.71441
1.70429
1.69398
1.68254
1.66939
1.65472
1.63934
1.6244
1.61099
1.59995
1.59185
1.58687
1.58473
1.58466
1.58576
1.58725
1.58841
1.58847
1.58669
1.58289
1.57808
1.57424
1.57332
1.57656
1.58414
1.59556
1.61028
1.62808
1.64866
1.67091
1.69265
1.71102
1.72365
1.72963
1.72951
1.72475
1.71755
1.71089
1.70739
1.70732
1.70818
1.70678
1.70125
1.6913
1.67733
1.65991
1.64012
1.62035
1.60429
1.59575
1.59653
1.60515
1.61737
1.62821
1.63383
1.63245
1.62446
1.61235
1.60047
1.59403
1.59684
1.60941
1.62886
1.65083
1.67146
1.68845
1.7009
1.70867
1.71199
1.7115
1.70824
1.7033
1.69745
1.69082
1.68318
1.67433
1.66432
1.65336
1.64203
1.63176
1.6248
1.62336
1.62843
1.63932
1.65387
1.66925
1.68271
1.69207
1.6962
1.69514
1.69025
1.68395
1.67909
1.67784
1.68058
1.68547
1.68905
1.68757
1.67841
1.66146
1.64023
1.6214
1.61116
1.61051
1.61481
1.61783
1.61519
1.605
1.58775
1.5665
1.54614
1.53143
1.52498
1.52735
1.53827
1.557
1.58129
1.60658
1.62721
1.63878
1.63974
1.6315
1.61743
1.60163
1.58813
1.5806
1.58236
1.59561
1.61962
1.64967
1.67862
1.70014
1.71101
1.7114
1.70387
1.69201
1.67925
1.66781
1.65815
1.64913
1.63888
1.62646
1.613
1.60184
1.59716
1.60183
1.61604
1.63748
1.66281
1.68887
1.71305
1.73307
1.74712
1.7543
1.75513
1.7516
1.7466
1.74313
1.74331
1.74777
1.75532
1.76332
1.7686
1.76841
1.76113
1.74694
1.72821
1.70972
1.6976
1.69662
1.70758
1.72713
1.7502
1.77252
1.7915
1.80592
1.81535
1.81985
1.81989
1.81629
1.80992
1.80115
1.78956
1.77452
1.75589
1.73447
1.71179
1.68986
1.67108
1.65787
1.65184
1.6529
1.6592
1.66789
1.67641
1.68317
1.68744
1.68895
1.68755
1.68326
1.67655
1.66864
1.66162
1.65802
1.65997
1.66831
1.682
1.69825
1.71334
1.72368
1.72672
1.72149
1.70887
1.69135
1.67205
1.65374
1.63808
1.6262
1.61942
1.61906
1.62528
1.63634
1.64955
1.6631
1.67733
1.69436
1.71614
1.74241
1.77028
1.79563
1.81501
1.82665
1.83034
1.8268
1.81704
1.80176
1.78098
1.75429
1.72178
1.68516
1.64855
1.61791
1.59904
1.59512
1.60542
1.62577
1.65032
1.67351
1.69132
1.70169
1.70436
1.70037
1.69138
1.67889
1.66352
1.64486
1.62234
1.59712
1.57358
1.55816
1.5549
1.56218
1.57476
1.58785
1.59914
1.60817
1.61511
1.61998
1.6224
1.62199
1.61869
1.61309
1.60604
1.59808
1.58908
1.57832
1.56561
1.55244
1.54213
1.53839
1.54313
1.55552
1.57264
1.59095
1.60753
1.62084
1.63063
1.63752
1.64224
1.64521
1.64659
1.64653
1.64541
1.64379
1.64234
1.64156
1.64152
1.64182
1.64166
1.64014
1.63675
1.63169
1.62599
1.62102
1.61793
1.6173
1.61917
1.62331
1.62889
1.63434
1.63747
1.63605
1.62874
1.61568
1.59871
1.58109
1.56648
1.55747
1.55437
1.55529
1.55754
1.55961
1.56218
1.56761
1.57838
1.59539
1.61751
1.64221
1.66658
1.68812
1.70502
1.71613
1.72094
1.71951
1.7124
1.70088
1.68693
1.67284
1.6606
1.6516
1.64651
1.64524
1.64676
1.6492
1.65031
1.64848
1.64373
1.63824
1.63602
1.64163
1.65786
1.68376
1.71497
1.74623
1.77354
1.79473
1.809
1.81624
1.81631
1.80877
1.79299
1.76866
1.73646
1.69868
1.65933
1.62345
1.59587
1.57949
1.5745
1.57883
1.58935
1.60272
1.61585
1.62598
1.63102
1.63012
1.62403
1.61511
1.60656
1.6013
1.60083
1.60468
1.61094
1.61736
1.62254
1.62644
1.63014
1.63498
1.64199
1.65176
1.66463
1.68061
1.6992
1.71925
1.73944
1.75886
1.77728
1.79468
1.81052
1.8233
1.83077
1.83061
1.82165
1.80475
1.7833
1.7628
1.74929
1.74714
1.75747
1.77796
1.80408
1.83078
1.85405
1.8714
1.88174
1.88484
1.88082
1.8701
1.85354
1.83251
1.80888
1.78477
1.76212
1.74247
1.72671
1.71488
1.70612
1.6988
1.69091
1.68086
1.66828
1.65469
1.64307
1.63593
1.63294
1.63047
1.62379
1.61014
1.59042
1.56886
1.55119
1.54237
1.54477
1.55798
1.57969
1.6068
1.6362
1.66478
1.68936
1.70675
1.71412
1.70996
1.69493
1.67226
1.64718
1.6249
1.60843
1.59793
1.59189
1.58854
1.5864
1.584
1.58023
1.57514
1.5701
1.56735
1.56909
1.57663
1.59007
1.60829
1.62929
1.65087
1.67107
1.68853
1.70252
1.71284
1.71997
1.72523
1.73073
1.73901
1.75224
1.7711
1.79424
1.81853
1.83999
1.85502
1.8615
1.8594
1.8507
1.83856
1.82593
1.81453
1.80465
1.79555
1.78586
1.77435
1.76086
1.7472
1.73652
1.73126
1.73108
1.73269
1.73208
1.72689
1.71753
1.70698
1.69959
1.6991
1.70659
1.71955
1.73305
1.742
1.7429
1.73461
1.71803
1.6955
1.67027
1.64601
1.62627
1.61391
1.61082
1.61777
1.63452
1.65991
1.69177
1.72682
1.76097
1.78996
1.81036
1.82043
1.82037
1.81204
1.79824
1.78164
1.76408
1.74627
1.72841
1.71084
1.69452
1.68083
1.67092
1.66515
1.6632
1.66463
1.66927
1.6772
1.68839
1.70224
1.71746
1.7322
1.74459
1.75313
1.75725
1.75778
1.75698
1.75757
1.76111
1.76727
1.77436
1.78044
1.78412
1.78456
1.78136
1.77433
1.76357
1.74975
1.73422
1.71904
1.70649
1.69826
1.69457
1.69373
1.69255
1.68752
1.67671
1.66138
1.64601
1.6355
1.63154
1.63233
1.63524
1.63902
1.64332
1.64729
1.64998
1.65328
1.66345
1.68555
1.7156
1.74298
1.7597
1.76426
1.75959
1.74972
1.73798
1.72631
1.71528
1.70448
1.69316
1.68062
1.66694
1.65335
1.64218
1.63595
1.63615
1.64232
1.65254
1.66453
1.67672
1.68851
1.70003
1.71174
1.72434
1.73855
1.75477
1.77264
1.79078
1.80725
1.82022
1.8282
1.82979
1.82356
1.80802
1.78218
1.74611
1.70166
1.65351
1.61014
1.58267
1.57959
1.60069
1.63688
1.67665
1.71203
1.73988
1.75998
1.77275
1.77793
1.77479
1.76297
1.74372
1.72009
1.69632
1.67652
1.66361
1.65869
1.66104
1.66846
1.67796
1.68661
1.69226
1.69408
1.69292
1.69106
1.69144
1.69635
1.70663
1.7216
1.7396
1.75862
1.77687
1.79273
1.80444
1.80974
1.80618
1.79203
1.76761
1.73591
1.70204
1.67132
1.64748
1.63201
1.6247
1.62424
1.62877
1.63673
1.64736
1.66047
1.67558
1.69136
1.70596
1.7175
1.72439
1.72537
1.71968
1.70733
1.68945
1.66824
1.64665
1.62789
1.61458
1.60804
1.60783
1.61188
1.61719
1.62091
1.6211
1.61691
1.60824
1.59532
1.57884
1.56031
1.54218
1.52733
1.51801
1.51498
1.51764
1.52471
1.53468
1.54535
1.55308
1.55363
1.54429
1.52594
1.50332
1.48317
1.47167
1.47244
1.48625
1.51167
1.5459
1.58515
1.62507
1.66139
1.69058
1.71046
1.72038
1.72122
1.71524
1.70576
1.69648
1.69055
1.68963
1.69352
1.70056
1.7084
1.71458
1.7171
1.71485
1.70783
1.69698
1.68365
1.66914
1.6543
1.63951
1.62479
1.60986
1.59427
1.57756
1.55975
1.54151
1.52418
1.50921
1.49747
1.48876
1.48198
1.476
1.47086
1.46853
1.47237
1.48555
1.50933
1.54222
1.58071
1.62061
1.65833
1.69152
1.71905
1.74066
1.75649
1.76659
1.77085
1.76925
1.76239
1.75173
1.73932
1.72673
1.71431
1.70122
1.68611
1.6681
1.64737
1.6255
1.60523
1.58986
1.58234
1.58424
1.59523
1.61326
1.63509
1.65699
1.67541
1.68772
1.69299
1.69246
1.6889
1.68502
1.68205
1.68021
1.68051
1.68485
1.69359
1.70366
1.70992
1.70814
1.69684
1.67724
1.65215
1.62505
1.59955
1.57876
1.56461
1.55761
1.55732
1.56339
1.57591
1.59519
1.62091
1.65181
1.68575
1.71995
1.75135
1.77687
1.7937
1.79951
1.79274
1.77306
1.74178
1.70209
1.65896
1.61832
1.58573
1.56488
1.55683
1.56
1.5706
1.58367
1.59458
1.60041
1.6009
1.59825
1.59611
1.59791
1.6054
1.61792
1.63317
1.64854
1.66209
1.67275
1.67988
1.68307
1.68229
1.67814
1.67158
1.66342
1.65386
1.64235
1.62828
1.61177
1.59441
1.57931
1.56978
1.56688
1.56823
1.5691
1.56483
1.55225
1.5298
1.49779
1.45954
1.4237
1.40375
1.41101
1.44611
1.49899
1.5558
1.60529
1.64198
1.66548
1.67845
1.68472
1.68818
1.69201
1.69798
1.70616
1.71514
1.72287
1.72769
1.7293
1.72865
1.72666
1.72291
1.71553
1.70211
1.68114
1.65355
1.62424
1.60189
1.59595
1.61128
1.64481
1.68743
1.72908
1.76235
1.78312
1.78988
1.78315
1.76538
1.74118
1.71692
1.69894
1.69049
1.68989
1.69206
1.69223
1.6884
1.68122
1.67276
1.66511
1.65983
1.65796
1.66032
1.66696
1.67659
1.68664
1.69436
1.69813
1.6982
1.69633
1.69475
1.69526
1.69879
1.70559
1.71552
1.72835
1.74368
1.76067
1.77781
1.79307
1.80409
1.8085
1.80416
1.78961
1.76482
1.73169
1.69406
1.6566
1.62326
1.5961
1.57548
1.5612
1.5533
1.55218
1.55808
1.57061
1.5885
1.60937
1.63002
1.64706
1.65792
1.66158
1.65858
1.65048
1.63906
1.62598
1.61313
1.60358
1.60223
1.61511
1.6459
1.69227
1.74584
1.79623
1.83493
1.8566
1.85901
1.84281
1.81168
1.77243
1.73375
1.70366
1.68676
1.68301
1.68921
1.70149
1.71666
1.73199
1.74466
1.75198
1.75232
1.74587
1.73454
1.72033
1.70384
1.68436
1.66163
1.63737
1.61498
1.59812
1.58985
1.59247
1.60703
1.63242
1.66495
1.69926
1.73039
1.75547
1.77404
1.78665
1.79337
1.79314
1.78449
1.76655
1.73994
1.70716
1.67259
1.64184
1.62032
1.61165
1.61655
1.63281
1.65625
1.68223
1.70672
1.72691
1.74126
1.74928
1.7514
1.74841
1.74103
1.72968
1.71467
1.6966
1.67656
1.65611
1.63698
1.62095
1.60962
1.60418
1.60488
1.61067
1.61944
1.6289
1.63727
1.64345
1.64667
1.64618
1.64132
1.63179
1.61783
1.60017
1.57994
1.55872
1.53856
1.52181
1.51055
1.50581
1.50724
1.51336
1.5224
1.53304
1.54502
1.55929
1.57755
1.60109
1.62973
1.66147
1.69346
1.72291
1.74728
1.76416
1.77166
1.76946
1.75957
1.74607
1.73374
1.7267
1.72725
1.73512
1.74763
1.7606
1.76997
1.77325
1.77054
1.76424
1.75789
1.75391
1.75198
1.74919
1.74219
1.72946
1.71235
1.6945
1.68057
1.67473
1.67953
1.6955
1.72138
1.75461
1.79176
1.8289
1.86228
1.88881
1.90628
1.91331
1.90922
1.89446
1.87116
1.84357
1.81696
1.79527
1.77947
1.76842
1.76101
1.75693
1.75536
1.7541
1.7502
1.7414
1.72652
1.70543
1.67934
1.65138
1.62626
1.60892
1.60286
1.60902
1.62545
1.64773
1.67038
1.68898
1.70146
1.70793
1.70956
1.7077
1.70338
1.69729
1.68966
1.68079
1.67171
1.66473
1.66267
1.66702
1.67628
1.68628
1.69244
1.6918
1.68392
1.67063
1.65519
1.64114
1.63118
1.62645
1.62642
1.62942
1.63315
1.63506
1.63258
1.62358
1.60697
1.58353
1.55601
1.52853
1.50549
1.49046
1.48596
1.49355
1.5137
1.54504
1.58408
1.62593
1.66597
1.70092
1.72941
1.75149
1.76788
1.77915
1.78526
1.78536
1.77808
1.76221
1.73743
1.70516
1.6688
1.63328
1.60386
1.58482
1.57849
1.58493
1.60227
1.62734
1.65646
1.68602
1.71278
1.73393
1.7472
1.751
1.74489
1.73007
1.70952
1.68742
1.66794
1.65363
1.64452
1.6386
1.63364
1.62908
1.62671
1.62933
1.63836
1.65232
1.66776
1.68157
1.69255
1.70116
1.70853
1.71559
1.72283
1.73015
1.73699
1.74255
1.7462
1.74782
1.74804
1.74819
1.74964
1.75291
1.75694
1.75919
1.7566
1.74695
1.72974
1.70645
1.68021
1.65482
1.63388
1.6198
1.61312
1.61236
1.61481
1.61781
1.61996
1.62136
1.62269
1.6241
1.62517
1.62564
1.62561
1.62513
1.62395
1.62158
1.61759
1.61198
1.60568
1.60076
1.59958
1.60353
1.61196
1.62228
1.63112
1.63538
1.63268
1.62113
1.59914
1.56629
1.52608
1.48888
1.46926
1.47499
1.49992
1.53092
1.5582
1.57786
1.58989
1.59634
1.60042
1.60575
1.61522
1.62999
1.6492
1.67056
1.69145
1.70984
1.72446
1.73456
1.73955
1.73895
1.73235
1.71948
1.70027
1.67537
1.64687
1.61881
1.5964
1.58424
1.58439
1.59597
1.61619
1.64164
1.66894
1.69486
1.71638
1.73105
1.73745
1.73573
1.72764
1.71615
1.70439
1.69452
1.68713
1.68167
1.67731
1.67359
1.67047
1.66816
1.66722
1.6688
1.67418
1.68394
1.69707
1.71085
1.7216
1.72574
1.72055
1.70462
1.67809
1.64271
1.60203
1.5612
1.5262
1.50255
1.4939
1.50091
1.52125
1.55051
1.5835
1.61567
1.64392
1.66694
1.68488
1.69858
1.70886
1.71607
1.72009
1.72058
1.71712
1.70947
1.69764
1.68204
1.66331
1.64222
1.61971
1.59717
1.57639
1.55945
1.5483
1.54454
1.54923
1.56284
1.58521
1.61546
1.6519
1.69237
1.73439
1.7752
1.81186
1.84136
1.86101
1.86899
1.86477
1.8494
1.8253
1.79616
1.76641
1.74064
1.72228
1.7124
1.70948
1.71056
1.71289
1.71483
1.71595
1.71636
1.71649
1.71705
1.71896
1.72313
1.72975
1.73768
1.74469
1.74832
1.74707
1.74117
1.73224
1.72239
1.71322
1.70527
1.69834
1.69209
1.68651
1.68187
1.67815
1.67455
1.66982
1.66281
1.65298
1.64076
1.62749
1.61536
1.60692
1.60439
1.60884
1.62009
1.63691
1.65755
1.68012
1.70258
1.72289
1.73927
1.75047
1.75591
1.75569
1.75045
1.74119
1.72899
1.715
1.70082
1.68864
1.68057
1.67751
1.6785
1.68117
1.68267
1.68085
1.67496
1.66587
1.65547
1.64571
1.63766
1.63133
1.62597
1.62068
1.61475
1.60781
1.59998
1.59191
1.58458
1.57896
1.57582
1.57611
1.5812
1.59283
1.61196
1.6375
1.66647
1.69588
1.72411
1.75072
1.77526
1.79644
1.81204
1.81947
1.81682
1.80375
1.78186
1.75437
1.72507
1.69724
1.67274
1.65187
1.63371
1.61686
1.60033
1.58431
1.57041
1.56118
1.55895
1.56447
1.5762
1.59084
1.60472
1.61537
1.62224
1.62642
1.62965
1.63322
1.63705
1.63978
1.63949
1.63485
1.62625
1.61655
1.6108
1.61429
1.62932
1.65335
1.68025
1.70353
1.71884
1.72459
1.7214
1.71136
1.69731
1.68232
1.6692
1.66005
1.65592
1.65668
1.6612
1.66763
1.67399
1.67886
1.68174
1.68286
1.68264
1.68115
1.67831
1.67402
1.66785
1.65861
1.64459
1.6245
1.5984
1.56834
1.53852
1.5145
1.50123
1.50122
1.51392
1.53701
1.56802
1.60477
1.64451
1.68312
1.71548
1.7367
1.74344
1.73472
1.71208
1.67934
1.6419
1.60569
1.57595
1.55663
1.55015
1.55777
1.57925
1.6123
1.65241
1.69388
1.73129
1.76053
1.77891
1.78484
1.7778
1.75865
1.73049
1.69896
1.67113
1.65252
1.64468
1.64579
1.65315
1.66491
1.67997
1.69748
1.71641
1.73566
1.75409
1.77057
1.78386
1.79248
1.79484
1.78981
1.77742
1.75926
1.73823
1.71743
1.69922
1.68491
1.67531
1.67117
1.67284
1.67973
1.69028
1.70245
1.71445
1.72515
1.73383
1.73982
1.7422
1.73997
1.73258
1.72066
1.70621
1.69197
1.68045
1.67309
1.6701
1.67065
1.67318
1.67597
1.67768
1.67767
1.67582
1.67206
1.66618
1.65802
1.6483
1.63923
1.63449
1.63787
1.65121
1.67326
1.70019
1.72743
1.75142
1.77039
1.78408
1.79296
1.79765
1.79848
1.79565
1.7894
1.77985
1.76694
1.75024
1.72922
1.70368
1.67458
1.64469
1.61851
1.60086
1.59477
1.60034
1.61523
1.63593
1.65866
1.67983
1.69642
1.70636
1.7089
1.70454
1.69473
1.68152
1.6676
1.65572
1.64782
1.64416
1.6435
1.64393
1.64403
1.64337
1.64265
1.64336
1.64695
1.65406
1.66398
1.67504
1.68544
1.69399
1.70064
1.70651
1.71305
1.72103
1.72958
1.73622
1.73762
1.73086
1.71421
1.68765
1.65326
1.61496
1.57786
1.54723
1.52715
1.51934
1.52274
1.5342
1.54993
1.56658
1.58176
1.59418
1.60359
1.61046
1.61544
1.61915
1.6221
1.62471
1.62717
1.62927
1.63032
1.6294
1.6258
1.61942
1.61095
1.60156
1.59246
1.58437
1.57734
1.57095
1.56481
1.55888
1.55362
1.54955
1.5468
1.54475
1.54243
1.53932
1.53642
1.53692
1.54545
1.5656
1.59689
1.63399
1.66952
1.69737
1.71425
1.71939
1.71402
1.70078
1.68338
1.66585
1.65179
1.6434
1.6409
1.64269
1.64611
1.64878
1.64954
1.64856
1.64685
1.64566
1.64583
1.64749
1.64966
1.65036
1.64754
1.64049
1.63073
1.62165
1.61677
1.61789
1.62453
1.63439
1.64457
1.65279
1.65811
1.66109
1.66325
1.66603
1.66974
1.67336
1.67554
1.67547
1.67331
1.66973
1.66529
1.66018
1.65433
1.64774
1.64053
1.63289
1.625
1.61731
1.61064
1.60605
1.60449
1.60642
1.61182
1.62061
1.63296
1.64888
1.66735
1.68597
1.70162
1.71178
1.71543
1.71316
1.70661
1.69749
1.68692
1.67521
1.66252
1.64928
1.63644
1.62526
1.61685
1.61176
1.60987
1.61052
1.61303
1.61697
1.62206
1.62786
1.63356
1.63817
1.64081
1.64106
1.63912
1.63576
1.63225
1.63009
1.63079
1.63548
1.64453
1.65703
1.67084
1.68315
1.69156
1.69501
1.69406
1.6907
1.68756
1.68692
1.68981
1.69575
1.70322
1.71086
1.71823
1.72579
1.73412
1.74315
1.75235
1.76062
1.76603
1.76572
1.75693
1.73803
1.70941
1.67381
1.63636
1.60364
1.58163
1.57346
1.57884
1.59524
1.61902
1.64589
1.67157
1.69291
1.70858
1.71894
1.72512
1.72793
1.72721
1.72213
1.71184
1.69629
1.67664
1.65539
1.63617
1.62283
1.61799
1.622
1.633
1.64796
1.66383
1.67849
1.69116
1.70224
1.71273
1.72345
1.73442
1.7446
1.7519
1.7535
1.74628
1.72745
1.69546
1.65093
1.59728
1.54065
1.48924
1.45303
1.44317
1.46661
1.51828
1.5825
1.64356
1.69205
1.72434
1.74031
1.74211
1.73371
1.72033
1.70718
1.69781
1.69312
1.69192
1.69215
1.69208
1.69081
1.68832
1.68493
1.68097
1.67652
1.67152
1.66602
1.66042
1.65536
1.65132
1.64816
1.64531
1.64204
1.63762
1.63125
1.62192
1.60859
1.59061
1.5683
1.54326
1.51817
1.49591
1.47865
1.4678
1.46445
1.46937
1.48225
1.50107
1.52279
1.54454
1.56461
1.58246
1.59828
1.61226
1.62417
1.63323
1.63861
1.64018
1.63904
1.63733
1.63738
1.64073
1.64791
1.65849
1.67106
1.68324
1.69234
1.69644
1.69553
1.69178
1.6888
1.68989
1.69647
1.70768
1.72146
1.73577
1.74896
1.75999
1.76804
1.77222
1.77159
1.76537
1.75351
1.73694
1.71733
1.69663
1.67675
1.65965
1.64761
1.64266
1.64514
1.65247
1.65998
1.66257
1.65651
1.64044
1.61606
1.588
1.56227
1.5441
1.53629
1.5388
1.54957
1.56574
1.58466
1.60435
1.62339
1.64079
1.65571
1.66722
1.67421
1.67557
1.67075
1.66051
1.64727
1.63442
1.62474
1.6191
1.61683
1.61714
1.6201
1.6263
1.63582
1.64735
1.65838
1.6661
1.66854
1.66573
1.66065
1.65837
1.66251
1.67173
1.68124
1.68731
1.6892
1.68741
1.68184
1.67181
1.65702
1.63792
1.61539
1.59069
1.56569
1.54355
1.5288
1.52653
1.54031
1.57007
1.61132
1.6565
1.69739
1.72735
1.74278
1.74367
1.73334
1.71717
1.70063
1.68758
1.67963
1.67678
1.67818
1.68257
1.68827
1.69331
1.69571
1.69382
1.68643
1.67324
1.6553
1.63511
1.61587
1.60016
1.58904
1.58204
1.57783
1.57518
1.57361
1.57368
1.57691
1.58466
1.59679
1.61097
1.62373
1.63208
1.63452
1.63091
1.6219
1.60879
1.59367
1.57938
1.5692
1.56605
1.57136
1.58429
1.60181
1.61998
1.63548
1.64664
1.65352
1.65728
1.65936
1.66084
1.66217
1.66339
1.66442
1.66509
1.6652
1.66451
1.66287
1.66035
1.65735
1.65412
1.6505
1.64578
1.63909
1.63023
1.6204
1.61225
1.60916
1.61384
1.62714
1.64766
1.67239
1.69767
1.72011
1.73725
1.74812
1.75302
1.75291
1.7487
1.74067
1.72818
1.71
1.68579
1.65828
1.63392
1.62013
1.62002
1.6304
1.64488
1.65794
1.66667
1.67058
1.67081
1.6692
1.66737
1.6661
1.66531
1.66442
1.66288
1.66058
1.65801
1.65618
1.65614
1.65841
1.66307
1.67033
1.68091
1.69546
1.71331
1.73197
1.74774
1.75709
1.75763
1.74845
1.73011
1.70419
1.67291
1.63845
1.6026
1.56734
1.53616
1.5157
1.51436
1.53627
1.57643
1.62393
1.6689
1.70552
1.73122
1.74501
1.74672
1.73689
1.71686
1.68885
1.65569
1.6205
1.58639
1.55656
1.53412
1.52191
1.52174
1.53359
1.55539
1.58383
1.61551
1.64765
1.67817
1.70552
1.72845
1.74605
1.75797
1.76457
1.76657
1.76441
1.75817
1.74788
1.73391
1.71704
1.69834
1.67894
1.6601
1.64321
1.62952
1.61972
1.61375
1.61133
1.61235
1.61671
1.62394
1.63315
1.64329
1.65328
1.66203
1.66835
1.67112
1.66945
1.66296
1.65219
1.63879
1.6254
1.61509
1.61055
1.61409
1.62785
1.653
1.68746
1.72527
1.7592
1.78412
1.79813
1.80196
1.79775
1.78807
1.77527
1.76126
1.74759
1.73559
1.72644
1.72089
1.719
1.71977
1.72134
1.72147
1.71828
1.71103
1.70045
1.6888
1.67926
1.67502
1.67776
1.68671
1.69917
1.71207
1.72332
1.73202
1.73801
1.74137
1.74237
1.74154
1.73965
1.73754
1.73569
1.73403
1.73219
1.7299
1.72727
1.72488
1.72348
1.72359
1.72503
1.72684
1.72743
1.7251
1.7186
1.70742
1.69204
1.6736
1.65363
1.63345
1.61387
1.59514
1.57733
1.5608
1.54647
1.53594
1.5309
1.53203
1.53836
1.54774
1.55785
1.56684
1.5736
1.57798
1.58085
1.58399
1.58951
1.59896
1.61249
1.62842
1.644
1.6569
1.66626
1.67236
1.67562
1.67602
1.67307
1.66613
1.65472
1.63891
1.61956
1.59878
1.57995
1.56736
1.56527
1.57619
1.59914
1.62932
1.6598
1.68426
1.69881
1.70259
1.6972
1.68578
1.67203
1.6593
1.65005
1.64537
1.64505
1.64765
1.6512
1.65387
1.65487
1.6546
1.65426
1.65504
1.65762
1.66218
1.66873
1.67725
1.68763
1.69939
1.7116
1.72301
1.7325
1.73973
1.74529
1.75045
1.75613
1.76218
1.76734
1.77004
1.76905
1.76369
1.75406
1.7412
1.72704
1.71384
1.70306
1.69445
1.6857
1.67322
1.65365
1.62552
1.59031
1.55286
1.52116
1.50402
1.50703
1.52972
1.56677
1.61141
1.65718
1.6982
1.72936
1.74704
1.74983
1.73877
1.71692
1.68862
1.65868
1.63174
1.61141
1.5996
1.59604
1.5985
1.60374
1.60882
1.61198
1.61279
1.61179
1.60984
1.6076
1.60533
1.60264
1.59858
1.59194
1.58196
1.56893
1.55459
1.54204
1.535
1.53629
1.54599
1.56087
1.57587
1.58652
1.59064
1.58883
1.58389
1.57967
1.57972
1.58614
1.59924
1.6179
1.64015
1.66362
1.68566
1.70375
1.71583
1.72072
1.71846
1.71028
1.69845
1.68575
1.67441
1.66482
1.65578
1.64592
1.63506
1.62427
1.61535
1.61029
1.61066
1.61679
1.62729
1.63943
1.65036
1.65832
1.66311
1.66573
1.66749
1.66917
1.67065
1.671
1.66919
1.66479
1.6583
1.65077
1.64303
1.6353
1.62782
1.62163
1.61873
1.62119
1.6301
1.64507
1.66429
1.68472
1.70257
1.71382
1.71505
1.70393
1.67977
1.64385
1.59971
1.55295
1.51039
1.47834
1.46107
1.45993
1.47383
1.49999
1.53462
1.57321
1.611
1.64369
1.66825
1.68336
1.68919
1.68698
1.67865
1.66641
1.65273
1.63999
1.63022
1.62484
1.62461
1.62953
1.63887
1.65086
1.66297
1.67226
1.67611
1.67283
1.66217
1.64549
1.62556
1.60617
1.59155
1.58562
1.59047
1.6051
1.62558
1.6468
1.66436
1.67545
1.67891
1.67488
1.66469
1.65066
1.63584
1.62347
1.61623
1.61564
1.6219
1.63408
1.65053
1.66909
1.68711
1.70155
1.70931
1.70793
1.69651
1.67641
1.6509
1.62381
1.59824
1.57592
1.55767
1.54388
1.53462
1.52946
1.52774
1.52896
1.53329
1.54132
1.55373
1.57097
1.59282
1.61835
1.64607
1.67416
1.7008
1.72444
1.74402
1.75925
1.77103
1.78146
1.79305
1.80704
1.82213
1.83528
1.84344
1.8447
1.83829
1.82424
1.80352
1.77798
1.74999
1.72207
1.69665
1.67618
1.66255
1.65585
1.65386
1.65344
1.65267
1.65208
1.65374
1.65878
1.66578
1.67133
1.67234
1.66777
1.65859
1.64677
1.63412
1.62181
1.61067
1.60172
1.59653
1.59635
1.60106
1.60897
1.61779
1.62561
1.63135
1.63464
1.63561
1.63473
1.63282
1.63087
1.6298
1.63027
1.63245
1.63613
1.64079
1.6458
1.65064
1.65493
1.65839
1.66051
1.66058
1.658
1.6526
1.64479
1.63569
1.62716
1.62193
1.62296
1.63205
1.64812
1.66667
1.68142
1.68695
1.68072
1.66363
1.63929
1.61281
1.58941
1.57325
1.56675
1.57029
1.58262
1.60163
1.6254
1.65257
1.68174
1.71087
1.73752
1.75983
1.77729
1.79066
1.80127
1.81038
1.81868
1.82614
1.83222
1.83604
1.83664
1.8331
1.82463
1.81087
1.7923
1.77056
1.74838
1.72867
1.71334
1.70243
1.69439
1.68705
1.67861
1.66832
1.65673
1.64567
1.63791
1.63621
1.64205
1.6549
1.67258
1.69208
1.71037
1.72478
1.73345
1.73598
1.73365
1.72885
1.72359
1.71822
1.71114
1.70012
1.68399
1.66369
1.64199
1.62197
1.60558
1.59357
1.58623
1.58404
1.58746
1.59641
1.60998
1.62668
1.64468
1.66212
1.67729
1.68896
1.6967
1.70104
1.70318
1.70457
1.70658
1.7103
1.71668
1.72642
1.7395
1.75459
1.76927
1.78128
1.78945
1.79338
1.79244
1.78501
1.76903
1.74332
1.70887
1.66908
1.62897
1.59365
1.56671
1.5493
1.53997
1.53578
1.53395
1.53366
1.53695
1.54764
1.56864
1.59939
1.6359
1.67279
1.7055
1.73121
1.74863
1.75762
1.7588
1.75351
1.74394
1.73289
1.72288
1.71519
1.70968
1.70573
1.70288
1.70066
1.69828
1.69468
1.6891
1.68184
1.67421
1.66788
1.66386
1.66165
1.65918
1.65367
1.64319
1.62768
1.60917
1.59094
1.57607
1.5668
1.56467
1.571
1.5865
1.61002
1.63821
1.6668
1.69233
1.71276
1.72722
1.73545
1.73754
1.73404
1.72606
1.71504
1.70222
1.68819
1.67291
1.65618
1.63815
1.61992
1.60373
1.59281
1.59026
1.59722
1.61147
1.62809
1.64196
1.65016
1.65278
1.65183
1.64957
1.64721
1.64463
1.64098
1.63546
1.62789
1.61865
1.60793
1.59513
1.57881
1.55779
1.53254
1.50615
1.48384
1.47112
1.47133
1.48422
1.50641
1.53324
1.56054
1.58558
1.60709
1.62468
1.63832
1.64826
1.65524
1.6606
1.66586
1.67193
1.67853
1.68441
1.68808
1.68878
1.68693
1.6841
1.68278
1.68571
1.69498
1.71122
1.73302
1.75707
1.779
1.79455
1.80063
1.79599
1.7812
1.75837
1.73057
1.70121
1.67326
1.64847
1.62747
1.6107
1.59944
1.59561
1.60018
1.61205
1.62876
1.64797
1.66824
1.68889
1.70959
1.72994
1.74868
1.76338
1.77119
1.77027
1.76066
1.74433
1.7245
1.70473
1.68827
1.67794
1.67594
1.68322
1.69836
1.71763
1.73622
1.74973
1.75499
1.75024
1.73533
1.71186
1.68353
1.65578
1.63446
1.62345
1.62287
1.62939
1.63821
1.64498
1.64686
1.64284
1.63347
1.62068
1.60729
1.59605
1.58878
1.58565
1.58553
1.58683
1.58819
1.58858
1.58732
1.58407
1.579
1.57279
1.56635
1.56056
1.5561
1.55321
1.55191
1.55214
1.55392
1.55722
1.5619
1.5676
1.57382
1.58023
1.58672
1.59337
1.60005
1.60607
1.6102
1.61137
1.60928
1.60455
1.59831
1.5917
1.58582
1.58168
1.58019
1.58189
1.58667
1.59334
1.59962
1.60227
1.59807
1.58502
1.56354
1.53711
1.51157
1.49283
1.48397
1.48402
1.48932
1.49601
1.50164
1.50546
1.50825
1.5118
1.51821
1.52879
1.54331
1.56001
1.57652
1.59138
1.60499
1.61891
1.6338
1.64793
1.65804
1.6613
1.65656
1.64438
1.62661
1.60592
1.58549
1.56857
1.55815
1.5566
1.56529
1.58408
1.61102
1.64249
1.67402
1.70157
1.72249
1.73588
1.74214
1.74225
1.73705
1.72744
1.7151
1.70259
1.69263
1.68663
1.68369
1.68076
1.67418
1.66126
1.64111
1.61478
1.58482
1.55459
1.52752
1.50642
1.49276
1.48629
1.48487
1.48511
1.48385
1.48001
1.47566
1.47553
1.48496
1.50728
1.54222
1.58636
1.63497
1.68356
1.72846
1.76695
1.79739
1.81916
1.8321
1.83606
1.83051
1.81485
1.78921
1.7552
1.71608
1.67592
1.63808
1.60436
1.57581
1.55392
1.54076
1.53791
1.54496
1.55942
1.57788
1.59754
1.6169
1.6354
1.65284
1.66861
1.68172
1.69116
1.69635
1.69733
1.69473
1.68957
1.68309
1.67684
1.67263
1.67203
1.67566
1.68266
1.69147
1.70153
1.71434
1.73197
1.75406
1.77684
1.79555
1.80688
1.80982
1.80524
1.79514
1.78182
1.76697
1.7511
1.73376
1.71457
1.69383
1.6726
1.65233
1.63414
1.61836
1.60452
1.5918
1.57965
1.56848
1.55965
1.55484
1.55531
1.56149
1.57286
1.58814
1.60554
1.62301
1.63855
1.65032
1.6569
1.65734
1.65145
1.63982
1.62381
1.60537
1.58683
1.57058
1.55861
1.55196
1.55031
1.55195
1.55466
1.5567
1.5577
1.55909
1.56373
1.57475
1.5942
1.62163
1.65386
1.68597
1.71278
1.73004
1.73497
1.72634
1.70414
1.66934
1.62407
1.57224
1.52043
1.47739
1.45148
1.4476
1.46555
1.50016
1.54294
1.58493
1.61924
1.64217
1.65303
1.65382
1.64898
1.64375
1.64133
1.64074
1.63805
1.62995
1.6159
1.59803
1.57988
1.56534
1.55788
1.55985
1.57199
1.593
1.61975
1.64772
1.67184
1.68762
1.69231
1.68611
1.67258
1.65771
1.64733
1.64444
1.64845
1.65655
1.66581
1.67431
1.68115
1.68589
1.68813
1.68739
1.68334
1.67586
1.66511
1.65129
1.63442
1.61447
1.59211
1.56936
1.54969
1.53717
1.53484
1.54345
1.56123
1.58429
1.60742
1.62553
1.63532
1.6371
1.63533
1.63627
1.64336
1.65442
1.66429
1.66929
1.66896
1.66461
1.65754
1.64824
1.63673
1.62366
1.6112
1.60266
1.60111
1.60785
1.62198
1.64113
1.6626
1.68425
1.70464
1.72273
1.7378
1.74947
1.75789
1.76384
1.76832
1.77214
1.7754
1.77733
1.77641
1.77081
1.75892
1.74019
1.71588
1.68937
1.66522
1.64703
1.63628
1.6327
1.63521
1.64209
1.65105
1.65947
1.66493
1.66574
1.66158
1.65364
1.64388
1.63383
1.62382
1.61415
1.60719
1.60696
1.61571
1.63132
1.64911
1.665
1.67653
1.68246
1.68248
1.67753
1.66984
1.66223
1.65691
1.65428
1.65269
1.64958
1.64344
1.63478
1.62546
1.61766
1.61304
1.61262
1.61663
1.62426
1.63406
1.6443
1.65321
1.65898
1.66021
1.65647
1.6486
1.63831
1.62698
1.61476
1.6007
1.58381
1.5641
1.54315
1.52453
1.51347
1.51565
1.53456
1.56889
1.61212
1.65542
1.69103
1.71406
1.72301
1.71948
1.70746
1.69207
1.67829
1.6699
1.66888
1.67508
1.68634
1.69913
1.70946
1.71401
1.71064
1.69874
1.67944
1.65603
1.63411
1.62044
1.62035
1.63508
1.66141
1.69358
1.72595
1.75439
1.77682
1.79289
1.80324
1.80857
1.80939
1.80647
1.80122
1.79542
1.79041
1.78634
1.78193
1.77519
1.76448
1.74963
1.73233
1.71524
1.70033
1.68747
1.67461
1.65936
1.6407
1.61972
1.59916
1.58257
1.57284
1.57106
1.57594
1.58448
1.59333
1.60002
1.60342
1.60341
1.60038
1.59499
1.58798
1.58011
1.57229
1.56574
1.56186
1.56177
1.56575
1.57313
1.58258
1.59252
1.60096
1.60526
1.60275
1.59201
1.57393
1.55211
1.53204
1.51875
1.51424
1.51674
1.52281
1.53021
1.53896
1.55017
1.56395
1.57855
1.59139
1.60084
1.60709
1.61177
1.61693
1.62419
1.63439
1.64771
1.66377
1.68163
1.69982
1.71657
1.73024
1.74
1.74623
1.75097
1.75768
1.76999
1.78954
1.81407
1.83801
1.85518
1.86128
1.8547
1.83603
1.80717
1.7706
1.72916
1.68604
1.64488
1.60959
1.58351
1.56817
1.56221
1.56121
1.55912
1.55124
1.53671
1.51878
1.50288
1.49417
1.49603
1.50943
1.53291
1.56317
1.59608
1.62774
1.65518
1.67642
1.69027
1.69644
1.69575
1.69018
1.68247
1.6753
1.6704
1.66806
1.6673
1.66635
1.66335
1.65692
1.64658
1.63278
1.61682
1.60054
1.58598
1.57491
1.56852
1.56717
1.5705
1.57753
1.58719
1.59855
1.61081
1.62279
1.63257
1.63764
1.63587
1.62663
1.61145
1.59352
1.57649
1.56318
1.55512
1.55279
1.55629
1.56551
1.57966
1.59713
1.61582
1.63382
1.64956
1.66155
1.66836
1.66904
1.66354
1.65303
1.63982
1.62724
1.61909
1.61876
1.62798
1.64592
1.66951
1.69462
1.71759
1.73617
1.74966
1.75848
1.76332
1.76456
1.76179
1.75409
1.74045
1.72072
1.69633
1.67038
1.64686
1.62909
1.61869
1.61531
1.61717
1.62194
1.62746
1.63223
1.63558
1.63753
1.63841
1.6385
1.63794
1.63709
1.63689
1.6389
1.64458
1.65406
1.66522
1.67408
1.6765
1.67008
1.65554
1.63812
1.62777
1.63462
1.66037
1.69609
1.72998
1.75394
1.76434
1.76077
1.7455
1.72356
1.70237
1.68988
1.69106
1.70523
1.72698
1.75016
1.77058
1.78636
1.79689
1.802
1.80151
1.79523
1.78311
1.76558
1.74384
1.71986
1.69584
1.67354
1.65385
1.63721
1.62449
1.61732
1.61681
1.62177
1.62834
1.63201
1.63012
1.62261
1.61143
1.59949
1.58986
1.58528
1.58746
1.59635
1.60981
1.62443
1.63698
1.6457
1.65064
1.65329
1.65561
1.65905
1.66391
1.66943
1.67432
1.67762
1.67927
1.67996
1.68067
1.68205
1.68442
1.68801
1.69359
1.70239
1.71519
1.73117
1.74743
1.75999
1.76557
1.76273
1.75191
1.73479
1.71383
1.69195
1.67237
1.65822
1.65158
1.65239
1.65814
1.66457
1.66711
1.6623
1.64895
1.62869
1.60601
1.58706
1.5774
1.57968
1.59312
1.61479
1.64147
1.6704
1.69906
1.72479
1.74469
1.75594
1.7562
1.74414
1.71998
1.68575
1.64529
1.60384
1.56717
1.54019
1.52525
1.52137
1.52535
1.53379
1.54454
1.55685
1.57086
1.58685
1.60496
1.62513
1.64711
1.67054
1.69478
1.71882
1.74126
1.76059
1.77567
1.78608
1.79229
1.79548
1.79698
1.79748
1.79652
1.79273
1.78446
1.77071
1.75156
1.72831
1.70302
1.67774
1.65373
1.6314
1.61125
1.59489
1.58458
1.58118
1.58305
1.58678
1.58909
1.58812
1.58404
1.57884
1.5749
1.57314
1.57282
1.57277
1.57279
1.57383
1.57713
1.58282
1.58921
1.59325
1.59186
1.58332
1.56809
1.54852
1.52804
1.51072
1.50138
1.50464
1.52279
1.55451
1.59547
1.64014
1.6832
1.7203
1.74838
1.76567
1.77149
1.76619
1.75139
1.73046
1.70859
1.69154
1.68281
1.68151
1.6833
1.6838
1.68151
1.67821
1.67693
1.67968
1.68661
1.69612
1.70566
1.71246
1.71433
1.71037
1.70123
1.6891
1.67705
1.66803
1.66388
1.66496
1.67045
1.67885
1.68834
1.69671
1.70141
1.7
1.69098
1.67467
1.6536
1.63223
1.61564
1.60749
1.60866
1.61753
1.63141
1.6478
1.66498
1.68176
1.69681
1.70773
1.71104
1.70375
1.6859
1.66206
1.63934
1.62288
1.61281
1.60579
1.59845
1.58938
1.57905
1.56886
1.56068
1.55663
1.55892
1.56931
1.58817
1.61386
1.64305
1.67172
1.69646
1.71542
1.729
1.7395
1.74938
1.75869
1.7643
1.76174
1.74853
1.72641
1.70088
1.67852
1.66351
1.65639
1.65542
1.65788
1.66022
1.65852
1.64989
1.63376
1.6121
1.58873
1.56797
1.55335
1.54683
1.54869
1.55784
1.57218
1.58932
1.60736
1.62559
1.64421
1.66306
1.68045
1.69372
1.70119
1.70347
1.70276
1.7012
1.69969
1.69793
1.69542
1.69242
1.69043
1.69177
1.69874
1.7122
1.73033
1.74853
1.76103
1.76348
1.7551
1.739
1.72054
1.70496
1.69543
1.69262
1.69546
1.70208
1.71056
1.71914
1.72614
1.72991
1.72889
1.72197
1.70889
1.69048
1.66876
1.64695
1.62908
1.61874
1.61727
1.62319
1.63355
1.64598
1.65925
1.67268
1.68554
1.69699
1.70648
1.71407
1.72044
1.72646
1.73278
1.7396
1.74654
1.75271
1.75678
1.75744
1.75413
1.74755
1.73953
1.73216
1.72677
1.72332
1.72074
1.71771
1.71347
1.70826
1.70333
1.70049
1.7015
1.70752
1.71882
1.735
1.75514
1.77786
1.8013
1.82338
1.84195
1.85528
1.8626
1.86445
1.86283
1.86067
1.86057
1.86322
1.86664
1.86722
1.86201
1.85061
1.83531
1.81946
1.80551
1.79413
1.78454
1.775
1.76321
1.74665
1.72307
1.69136
1.65257
1.61042
1.57063
1.53873
1.51727
1.50476
1.49739
1.49198
1.48809
1.48807
1.4957
1.51404
1.54335
1.58039
1.61944
1.65468
1.68199
1.69959
1.70787
1.7085
1.70364
1.69534
1.68524
1.67439
1.66305
1.65042
1.63484
1.61487
1.59052
1.56396
1.53949
1.52275
1.51866
1.52838
1.54804
1.57093
1.59114
1.60572
