-5.46438
-5.46535
-5.46632
-5.46503
-5.4673
-5.46859
-5.46859
-5.46762
-5.46892
-5.46633
-5.4673
-5.46633
-5.46697
-5.46568
-5.46633
-5.4673
-5.46794
-5.46794
-5.46859
-5.47021
-5.46989
-5.46892
-5.46795
-5.47119
-5.47378
-5.47184
-5.47216
-5.47087
-5.47151
-5.47021
-5.4673
-5.46795
-5.46794
-5.46827
-5.46762
-5.46923
-5.46891
-5.46956
-5.46859
-5.46956
-5.46891
-5.46827
-5.46827
-5.46892
-5.46924
-5.46957
-5.47119
-5.46892
-5.46924
-5.46892
-5.47021
-5.46794
-5.46697
-5.4647
-5.46276
-5.46437
-5.46502
-5.46534
-5.46534
-5.46437
-5.46437
-5.46243
-5.46567
-5.46664
-5.46696
-5.46891
-5.46988
-5.46923
-5.46891
-5.46599
-5.46599
-5.46502
-5.46534
-5.46437
-5.46502
-5.46502
-5.46534
-5.46631
-5.46534
-5.46599
-5.46404
-5.46405
-5.46502
-5.46373
-5.46308
-5.4634
-5.46405
-5.46372
-5.46631
-5.4676
-5.46695
-5.46728
-5.46728
-5.46793
-5.4689
-5.46825
-5.46793
-5.46858
-5.46955
-5.4702
-5.47085
-5.47215
-5.47377
-5.47506
-5.47603
-5.47473
-5.4715
-5.46988
-5.47117
-5.47117
-5.47311
-5.47408
-5.47344
-5.47182
-5.4702
-5.46956
-5.46988
-5.47085
-5.47118
-5.47117
-5.4715
-5.47247
-5.47214
-5.47149
-5.4715
-5.46923
-5.4702
-5.46793
-5.46567
-5.46567
-5.46599
-5.46405
-5.4647
-5.4647
-5.46664
-5.46729
-5.46567
-5.46535
-5.4634
-5.4634
-5.46404
-5.4634
-5.46372
-5.46631
-5.46631
-5.46663
-5.46631
-5.46566
-5.46793
-5.46761
-5.46697
-5.46567
-5.46729
-5.46859
-5.47053
-5.4715
-5.4702
-5.47149
-5.46987
-5.4676
-5.46696
-5.46664
-5.46728
-5.46534
-5.46437
-5.46373
-5.46405
-5.46535
-5.46729
-5.46696
-5.4689
-5.47117
-5.47019
-5.47149
-5.46987
-5.46988
-5.46988
-5.46891
-5.47085
-5.46923
-5.46729
-5.46729
-5.46729
-5.46664
-5.46891
-5.46761
-5.46826
-5.46858
-5.46664
-5.46567
-5.46599
-5.46631
-5.46696
-5.46761
-5.46664
-5.46664
-5.46599
-5.46632
-5.46891
-5.46697
-5.46664
-5.46924
-5.46826
-5.46664
-5.46794
-5.46534
-5.4647
-5.46534
-5.46534
-5.46501
-5.46566
-5.46437
-5.4634
-5.46469
-5.46599
-5.46437
-5.46567
-5.46535
-5.46794
-5.46664
-5.46793
-5.46825
-5.4676
-5.46534
-5.46372
-5.46242
-5.46566
-5.46404
-5.46566
-5.46469
-5.46275
-5.46372
-5.4634
-5.46437
-5.46502
-5.46437
-5.46275
-5.46567
-5.46826
-5.46696
-5.46728
-5.46631
-5.46631
-5.46729
-5.46664
-5.46729
-5.46891
-5.46794
-5.46923
-5.4702
-5.47279
-5.47247
-5.47214
-5.4715
-5.46956
-5.46924
-5.46762
-5.46632
-5.4673
-5.46568
-5.4673
-5.46632
-5.46827
-5.4673
-5.46697
-5.46891
-5.466
-5.46632
-5.46567
-5.46632
-5.46696
-5.46664
-5.46761
-5.46729
-5.46632
-5.466
-5.46697
-5.46924
-5.46665
-5.46535
-5.46697
-5.4673
-5.4673
-5.46859
-5.46827
-5.46762
-5.46859
-5.46599
-5.4634
-5.46405
-5.46373
-5.46373
-5.46632
-5.4647
-5.46535
-5.46534
-5.46664
-5.46599
-5.46534
-5.46405
-5.46437
-5.46373
-5.4634
-5.4647
-5.46794
-5.46924
-5.46988
-5.46924
-5.46827
-5.46859
-5.47021
-5.47118
-5.47085
-5.47053
-5.46988
-5.46858
-5.46891
-5.46826
-5.46858
-5.47052
-5.46826
-5.46923
-5.46923
-5.46697
-5.46729
-5.46697
-5.46697
-5.466
-5.4647
-5.4647
-5.46438
-5.46535
-5.46599
-5.46696
-5.46825
-5.46793
-5.46825
-5.46501
-5.46696
-5.46534
-5.46632
-5.46567
-5.46535
-5.46761
-5.47118
-5.4702
-5.47085
-5.46956
-5.46729
-5.46729
-5.46729
-5.46567
-5.46664
-5.46729
-5.46696
-5.46761
-5.46793
-5.46955
-5.46922
-5.46955
-5.4702
-5.4702
-5.46923
-5.46956
-5.46956
-5.46923
-5.46923
-5.46988
-5.47182
-5.47182
-5.47214
-5.47246
-5.47181
-5.47019
-5.4676
-5.46825
-5.46825
-5.46728
-5.4702
-5.47085
-5.47214
-5.47376
-5.47279
-5.47182
-5.47149
-5.47214
-5.47052
-5.47052
-5.46696
-5.46663
-5.46825
-5.46858
-5.46793
-5.46858
-5.46923
-5.46793
-5.46858
-5.46955
-5.4689
-5.46987
-5.46857
-5.46922
-5.4689
-5.46793
-5.4689
-5.4689
-5.46728
-5.46858
-5.46631
-5.46793
-5.46663
-5.46631
-5.46695
-5.4676
-5.46825
-5.46825
-5.46727
-5.46695
-5.46922
-5.4676
-5.46728
-5.46501
-5.46631
-5.46728
-5.46923
-5.46858
-5.46858
-5.46825
-5.46663
-5.4663
-5.4663
-5.46598
-5.46339
-5.46404
-5.46469
-5.46275
-5.46242
-5.46372
-5.46598
-5.46727
-5.46921
-5.46857
-5.47116
-5.47246
-5.47116
-5.47181
-5.47084
-5.47117
-5.47084
-5.47182
-5.46955
-5.47117
-5.47052
-5.47084
-5.46987
-5.46954
-5.47051
-5.47149
-5.47084
-5.46987
-5.47084
-5.47051
-5.47051
-5.47052
-5.46955
-5.47117
-5.47117
-5.47408
-5.47279
-5.47214
-5.47214
-5.47085
-5.46955
-5.46955
-5.46761
-5.46664
-5.46502
-5.46567
-5.46631
-5.46469
-5.46469
-5.46502
-5.4634
-5.46307
-5.46501
-5.46695
-5.46986
-5.47019
-5.47116
-5.47213
-5.47213
-5.46922
-5.46955
-5.47052
-5.47247
-5.47117
-5.47085
-5.47181
-5.47084
-5.47149
-5.46987
-5.47051
-5.46987
-5.46987
-5.46987
-5.46858
-5.46631
-5.46469
-5.46469
-5.46405
-5.46534
-5.46631
-5.46696
-5.46793
-5.46825
-5.46696
-5.4676
-5.46955
-5.46987
-5.47053
-5.46891
-5.46956
-5.47151
-5.46859
-5.46988
-5.46891
-5.46631
-5.46826
-5.46826
-5.4689
-5.46826
-5.46826
-5.46826
-5.46502
-5.46405
-5.4634
-5.46502
-5.46664
-5.46696
-5.46956
-5.47053
-5.47053
-5.46794
-5.46924
-5.46891
-5.466
-5.46632
-5.46471
-5.46438
-5.46471
-5.46632
-5.46632
-5.466
-5.46405
-5.46243
-5.46567
-5.46567
-5.46535
-5.46568
-5.466
-5.46601
-5.46504
-5.46633
-5.46472
-5.46666
-5.46795
-5.4673
-5.46892
-5.46859
-5.46989
-5.46892
-5.46957
-5.46763
-5.46763
-5.46698
-5.46698
-5.46471
-5.46568
-5.46535
-5.46503
-5.46503
-5.46859
-5.46892
-5.46795
-5.46795
-5.4686
-5.46763
-5.46795
-5.4686
-5.4686
-5.47022
-5.47184
-5.47086
-5.47216
-5.47184
-5.47346
-5.47119
-5.46827
-5.46892
-5.46827
-5.46601
-5.46503
-5.46536
-5.46633
-5.4673
-5.47021
-5.46924
-5.4686
-5.46795
-5.4699
-5.4699
-5.47022
-5.46925
-5.46957
-5.46924
-5.46924
-5.46827
-5.46795
-5.46957
-5.46795
-5.46666
-5.46828
-5.47022
-5.46957
-5.47055
-5.46828
-5.4699
-5.4686
-5.46957
-5.46731
-5.46634
-5.46666
-5.4686
-5.46795
-5.4699
-5.46828
-5.46666
-5.4686
-5.46893
-5.4699
-5.46893
-5.46764
-5.46925
-5.46958
-5.4699
-5.46861
-5.46731
-5.46699
-5.46602
-5.46504
-5.46601
-5.46504
-5.46504
-5.46504
-5.46601
-5.4673
-5.4686
-5.46666
-5.46666
-5.46828
-5.4699
-5.46925
-5.4686
-5.46666
-5.46763
-5.4686
-5.46924
-5.46957
-5.46924
-5.46892
-5.46827
-5.46795
-5.46633
-5.46795
-5.46925
-5.47184
-5.47378
-5.47281
-5.47216
-5.47151
-5.46989
-5.46989
-5.46795
-5.4686
-5.46796
-5.46666
-5.46925
-5.46893
-5.46764
-5.46731
-5.46925
-5.46698
-5.46568
-5.46698
-5.46568
-5.46439
-5.46503
-5.4673
-5.46665
-5.46924
-5.46859
-5.47021
-5.46827
-5.47021
-5.46989
-5.47022
-5.46893
-5.4699
-5.4699
-5.47217
-5.47087
-5.4712
-5.47184
-5.4699
-5.47185
-5.47185
-5.4712
-5.47022
-5.4699
-5.47054
-5.47022
-5.47086
-5.47119
-5.47216
-5.47152
-5.4712
-5.4712
-5.4712
-5.46958
-5.46732
-5.46699
-5.46602
-5.46731
-5.46796
-5.46893
-5.46796
-5.46666
-5.46893
-5.4699
-5.47022
-5.4699
-5.46958
-5.46926
-5.46894
-5.46894
-5.46926
-5.46861
-5.46699
-5.46861
-5.46796
-5.46861
-5.47056
-5.47056
-5.46991
-5.47217
-5.47314
-5.47055
-5.47055
-5.47249
-5.47444
-5.47509
-5.47282
-5.47023
-5.46764
-5.46667
-5.4644
-5.4631
-5.46537
-5.46472
-5.46342
-5.46278
-5.46278
-5.46407
-5.46375
-5.46472
-5.46796
-5.46602
-5.4644
-5.4644
-5.46472
-5.46601
-5.46601
-5.46536
-5.46536
-5.46504
-5.46537
-5.46828
-5.46829
-5.46861
-5.46829
-5.46958
-5.46828
-5.4699
-5.46893
-5.46666
-5.46666
-5.46666
-5.46569
-5.46828
-5.46796
-5.46925
-5.46763
-5.4699
-5.4712
-5.46958
-5.46958
-5.4686
-5.46828
-5.47022
-5.4686
-5.46634
-5.46666
-5.46504
-5.46634
-5.46601
-5.46536
-5.46601
-5.4686
-5.47022
-5.47119
-5.47152
-5.4712
-5.47379
-5.47217
-5.47217
-5.47347
-5.47379
-5.47282
-5.47217
-5.47023
-5.46958
-5.46764
-5.46861
-5.46958
-5.47185
-5.46958
-5.46893
-5.46828
-5.46828
-5.46666
-5.46699
-5.46634
-5.46731
-5.46667
-5.46926
-5.46926
-5.47152
-5.47185
-5.47314
-5.47444
-5.47411
-5.47152
-5.47185
-5.47217
-5.4712
-5.47087
-5.46926
-5.46828
-5.46861
-5.46893
-5.46602
-5.46343
-5.46505
-5.46537
-5.46601
-5.4686
-5.46828
-5.46893
-5.4699
-5.47022
-5.47087
-5.47055
-5.47087
-5.46958
-5.46569
-5.46537
-5.4644
-5.4631
-5.46634
-5.4686
-5.4686
-5.46893
-5.47055
-5.46795
-5.46828
-5.46828
-5.47087
-5.46925
-5.46731
-5.46634
-5.46634
-5.46537
-5.46667
-5.46505
-5.46569
-5.46634
-5.46698
-5.46763
-5.46666
-5.47023
-5.4699
-5.46893
-5.46829
-5.46796
-5.46667
-5.46796
-5.46796
-5.4699
-5.47152
-5.47119
-5.47152
-5.47055
-5.47152
-5.47185
-5.4712
-5.46958
-5.46861
-5.4657
-5.46634
-5.46472
-5.46505
-5.46569
-5.46602
-5.46699
-5.46731
-5.46732
-5.46764
-5.46893
-5.47088
-5.47055
-5.46926
-5.4712
-5.46958
-5.46796
-5.46732
-5.46505
-5.46343
-5.46279
-5.46214
-5.46311
-5.46441
-5.46408
-5.4657
-5.46343
-5.46278
-5.46084
-5.46408
-5.46537
-5.46537
-5.46699
-5.46666
-5.46602
-5.46829
-5.46829
-5.46764
-5.46796
-5.46829
-5.46634
-5.46667
-5.46505
-5.46699
-5.46796
-5.46926
-5.46829
-5.46731
-5.46796
-5.46667
-5.46731
-5.46634
-5.46731
-5.46893
-5.46926
-5.46958
-5.47055
-5.4725
-5.47055
-5.46894
-5.46861
-5.46926
-5.4699
-5.46926
-5.46893
-5.46796
-5.46958
-5.46991
-5.47023
-5.4712
-5.46926
-5.46893
-5.46667
-5.46537
-5.46537
-5.46602
-5.46699
-5.46634
-5.46602
-5.46537
-5.46343
-5.46408
-5.46473
-5.4657
-5.46602
-5.46473
-5.46538
-5.46538
-5.46635
-5.46732
-5.46958
-5.46958
-5.47088
-5.46861
-5.46958
-5.46958
-5.46926
-5.47024
-5.47088
-5.47153
-5.47153
-5.47088
-5.46959
-5.46959
-5.46991
-5.46861
-5.46829
-5.46991
-5.46926
-5.46926
-5.46862
-5.46829
-5.46765
-5.46829
-5.46959
-5.46797
-5.46538
-5.46603
-5.46765
-5.46765
-5.46668
-5.46797
-5.46732
-5.46797
-5.46959
-5.46992
-5.46927
-5.47024
-5.46765
-5.46798
-5.467
-5.46862
-5.46732
-5.46829
-5.46829
-5.46668
-5.46571
-5.46409
-5.46474
-5.46636
-5.46409
-5.46507
-5.46572
-5.4641
-5.4641
-5.4641
-5.46604
-5.46863
-5.47025
-5.46701
-5.46766
-5.46863
-5.46928
-5.46895
-5.46765
-5.46409
-5.46571
-5.46506
-5.46474
-5.46442
-5.46313
-5.46475
-5.46507
-5.46474
-5.46442
-5.46668
-5.46603
-5.46797
-5.46603
-5.46538
-5.46538
-5.46603
-5.46571
-5.4683
-5.47219
-5.47251
-5.47446
-5.47349
-5.47252
-5.4709
-5.46961
-5.47058
-5.46863
-5.46928
-5.47057
-5.47154
-5.47122
-5.47057
-5.46928
-5.46798
-5.46799
-5.46637
-5.46637
-5.4654
-5.46475
-5.46669
-5.46475
-5.4641
-5.46605
-5.46507
-5.46572
-5.46572
-5.46507
-5.46377
-5.46313
-5.46378
-5.46378
-5.46637
-5.46604
-5.46604
-5.46702
-5.46831
-5.46572
-5.46475
-5.46605
-5.46476
-5.4667
-5.46572
-5.4654
-5.46216
-5.46249
-5.46313
-5.46411
-5.46443
-5.46216
-5.46345
-5.46345
-5.46345
-5.46442
-5.46539
-5.46637
-5.46701
-5.46831
-5.46798
-5.47025
-5.4696
-5.46961
-5.4709
-5.46896
-5.46896
-5.46961
-5.46929
-5.46994
-5.46831
-5.46669
-5.46669
-5.46701
-5.46474
-5.46474
-5.46572
-5.46507
-5.46475
-5.46572
-5.46702
-5.46831
-5.4709
-5.46993
-5.46929
-5.46962
-5.46832
-5.46735
-5.4667
-5.46411
-5.46346
-5.46475
-5.4641
-5.46766
-5.4654
-5.46378
-5.46313
-5.46346
-5.46314
-5.46249
-5.46217
-5.46055
-5.46022
-5.46055
-5.46152
-5.46087
-5.46217
-5.46475
-5.4654
-5.46507
-5.46507
-5.46507
-5.46475
-5.46573
-5.46735
-5.46929
-5.47058
-5.46929
-5.46929
-5.47058
-5.47058
-5.46993
-5.4722
-5.47381
-5.47284
-5.47316
-5.47058
-5.4709
-5.46701
-5.46701
-5.46863
-5.46896
-5.46896
-5.46896
-5.46832
-5.46832
-5.46605
-5.46993
-5.46896
-5.46928
-5.46831
-5.46863
-5.46766
-5.46701
-5.46637
-5.46669
-5.46572
-5.46572
-5.46572
-5.4654
-5.46475
-5.46313
-5.46572
-5.4654
-5.46119
-5.46022
-5.45989
-5.46183
-5.46054
-5.46119
-5.46183
-5.46313
-5.46248
-5.46022
-5.46151
-5.46086
-5.46216
-5.46475
-5.46507
-5.46442
-5.46313
-5.4641
-5.46572
-5.46443
-5.4654
-5.46507
-5.46669
-5.46539
-5.46669
-5.46733
-5.46766
-5.46896
-5.4696
-5.46831
-5.47058
-5.47058
-5.46831
-5.46928
-5.46895
-5.47025
-5.46928
-5.46864
-5.46896
-5.46897
-5.46994
-5.47026
-5.46994
-5.46832
-5.46832
-5.46799
-5.46572
-5.4654
-5.46443
-5.4641
-5.46346
-5.46475
-5.4654
-5.46314
-5.46314
-5.46249
-5.46411
-5.46573
-5.46703
-5.46411
-5.46638
-5.46702
-5.46767
-5.46735
-5.46897
-5.46897
-5.46865
-5.46703
-5.46735
-5.46509
-5.46606
-5.46541
-5.46573
-5.46703
-5.4667
-5.46606
-5.46898
-5.46671
-5.46606
-5.468
-5.46703
-5.46703
-5.46347
-5.46671
-5.46671
-5.4667
-5.46638
-5.46573
-5.46702
-5.46702
-5.46767
-5.46605
-5.46605
-5.46735
-5.46509
-5.46477
-5.46606
-5.4693
-5.46801
-5.46833
-5.46897
-5.46865
-5.46735
-5.46703
-5.46864
-5.46864
-5.46929
-5.46767
-5.46541
-5.46573
-5.46671
-5.46735
-5.468
-5.468
-5.46767
-5.46832
-5.46702
-5.46702
-5.46929
-5.46832
-5.46832
-5.46865
-5.46832
-5.46897
-5.46929
-5.47026
-5.47091
-5.47026
-5.46994
-5.47091
-5.46832
-5.46767
-5.4667
-5.46799
-5.46929
-5.46864
-5.46605
-5.46702
-5.46508
-5.46702
-5.46573
-5.46509
-5.46639
-5.46671
-5.46638
-5.46638
-5.46638
-5.46476
-5.46347
-5.46411
-5.46508
-5.46573
-5.46767
-5.468
-5.46832
-5.46573
-5.46703
-5.46476
-5.46314
-5.46411
-5.46346
-5.46217
-5.4612
-5.4612
-5.46153
-5.46347
-5.4638
-5.46444
-5.46606
-5.46767
-5.46768
-5.46735
-5.46735
-5.46671
-5.468
-5.46606
-5.46735
-5.468
-5.46541
-5.46735
-5.46832
-5.46832
-5.47091
-5.47059
-5.46962
-5.46897
-5.46801
-5.46833
-5.46639
-5.46736
-5.468
-5.46735
-5.4667
-5.4667
-5.4667
-5.46703
-5.46573
-5.46443
-5.46638
-5.46638
-5.4667
-5.46638
-5.46508
-5.46281
-5.46476
-5.46411
-5.46379
-5.46379
-5.46541
-5.46476
-5.46509
-5.46412
-5.46282
-5.46282
-5.46573
-5.46541
-5.46508
-5.46961
-5.46702
-5.4667
-5.46864
-5.46605
-5.46605
-5.46605
-5.46508
-5.46508
-5.4667
-5.46638
-5.46703
-5.46768
-5.46865
-5.46962
-5.47189
-5.47059
-5.47059
-5.47253
-5.47318
-5.4735
-5.47447
-5.47447
-5.47415
-5.47415
-5.47254
-5.47189
-5.47059
-5.47157
-5.47092
-5.46897
-5.46768
-5.46833
-5.468
-5.46736
-5.46832
-5.46832
-5.46994
-5.46897
-5.468
-5.46703
-5.4667
-5.46541
-5.46638
-5.468
-5.46865
-5.468
-5.46833
-5.46833
-5.46833
-5.46768
-5.46735
-5.46897
-5.46897
-5.47027
-5.47156
-5.47448
-5.4706
-5.46995
-5.46931
-5.46931
-5.47157
-5.47125
-5.47028
-5.47189
-5.47254
-5.47124
-5.46995
-5.46865
-5.46574
-5.46671
-5.46735
-5.46509
-5.46476
-5.46639
-5.46671
-5.46704
-5.46574
-5.46865
-5.46995
-5.47221
-5.47189
-5.47156
-5.47124
-5.46962
-5.46962
-5.4693
-5.46995
-5.46865
-5.46768
-5.4693
-5.47027
-5.47026
-5.46929
-5.46897
-5.47124
-5.47059
-5.46995
-5.47027
-5.46963
-5.46963
-5.46833
-5.4693
-5.47092
-5.47027
-5.46768
-5.46833
-5.46865
-5.46606
-5.46671
-5.46639
-5.46606
-5.46703
-5.46994
-5.46897
-5.46832
-5.46865
-5.4693
-5.46995
-5.47027
-5.4693
-5.46833
-5.46574
-5.46542
-5.46671
-5.4667
-5.46606
-5.46476
-5.46606
-5.46541
-5.46477
-5.46476
-5.4625
-5.46509
-5.4667
-5.46573
-5.46443
-5.46605
-5.46637
-5.46832
-5.4693
-5.46995
-5.4693
-5.46962
-5.47189
-5.47286
-5.47189
-5.47189
-5.47254
-5.47189
-5.47383
-5.47318
-5.47221
-5.46962
-5.46703
-5.46768
-5.46574
-5.46671
-5.4693
-5.46703
-5.46768
-5.46962
-5.46897
-5.46671
-5.46509
-5.46541
-5.46541
-5.46541
-5.46476
-5.46476
-5.46444
-5.46606
-5.46671
-5.46542
-5.46672
-5.46801
-5.46769
-5.46834
-5.46347
-5.46477
-5.46476
-5.46508
-5.46541
-5.46606
-5.46509
-5.46574
-5.46638
-5.46574
-5.46509
-5.46509
-5.46606
-5.46639
-5.46801
-5.46898
-5.4719
-5.46963
-5.46995
-5.4706
-5.47092
-5.47124
-5.47156
-5.47091
-5.46962
-5.47091
-5.468
-5.46703
-5.46704
-5.46833
-5.46995
-5.47124
-5.47157
-5.47027
-5.46962
-5.47059
-5.46929
-5.46897
-5.46897
-5.46962
-5.46995
-5.4693
-5.47092
-5.4693
-5.46994
-5.46735
-5.46767
-5.46735
-5.4667
-5.46638
-5.46638
-5.4667
-5.46638
-5.46735
-5.46962
-5.47286
-5.47027
-5.46962
-5.46864
-5.46637
-5.4654
-5.46702
-5.46637
-5.46767
-5.46637
-5.46929
-5.46734
-5.46831
-5.46799
-5.46766
-5.46831
-5.46864
-5.46767
-5.47123
-5.47059
-5.46929
-5.46994
-5.47058
-5.46961
-5.47155
-5.47317
-5.47446
-5.47381
-5.47154
-5.46863
-5.46701
-5.4654
-5.46411
-5.46444
-5.46476
-5.46605
-5.46637
-5.46702
-5.46572
-5.46378
-5.46443
-5.46702
-5.46735
-5.46864
-5.47026
-5.46994
-5.46865
-5.46897
-5.46993
-5.47123
-5.46961
-5.46831
-5.46832
-5.46832
-5.468
-5.46605
-5.46606
-5.46768
-5.4667
-5.46833
-5.46962
-5.468
-5.46767
-5.46799
-5.4667
-5.46702
-5.46734
-5.46701
-5.46734
-5.47155
-5.47188
-5.47156
-5.47027
-5.47157
-5.47255
-5.47157
-5.47157
-5.4693
-5.47124
-5.4722
-5.47058
-5.47188
-5.47317
-5.47155
-5.47026
-5.47123
-5.47155
-5.46928
-5.46864
-5.46831
-5.46734
-5.46638
-5.46735
-5.46703
-5.46833
-5.46995
-5.46994
-5.46962
-5.46735
-5.46541
-5.46411
-5.46703
-5.46735
-5.46897
-5.46897
-5.47059
-5.47123
-5.47123
-5.47091
-5.47027
-5.4693
-5.47027
-5.47027
-5.47027
-5.4693
-5.46833
-5.46768
-5.46995
-5.47059
-5.47124
-5.46994
-5.46832
-5.46865
-5.46994
-5.47124
-5.47091
-5.46897
-5.46929
-5.46929
-5.46767
-5.46799
-5.46767
-5.46411
-5.46314
-5.46282
-5.46153
-5.46412
-5.46509
-5.46898
-5.47059
-5.47091
-5.47221
-5.47318
-5.47091
-5.47188
-5.47221
-5.47415
-5.47286
-5.46962
-5.46833
-5.46897
-5.46768
-5.468
-5.46832
-5.46735
-5.46961
-5.46929
-5.47058
-5.47156
-5.47059
-5.47156
-5.47188
-5.47253
-5.47318
-5.47285
-5.47026
-5.46896
-5.46929
-5.46896
-5.46831
-5.46701
-5.46766
-5.46702
-5.46572
-5.46799
-5.46767
-5.46832
-5.46832
-5.46767
-5.46799
-5.46961
-5.46929
-5.47059
-5.47059
-5.47156
-5.47253
-5.47221
-5.47285
-5.47252
-5.46896
-5.46766
-5.46571
-5.4641
-5.46377
-5.46507
-5.46572
-5.46411
-5.4654
-5.46573
-5.46702
-5.46928
-5.47025
-5.4709
-5.46863
-5.46766
-5.46604
-5.46766
-5.46636
-5.46474
-5.46507
-5.46378
-5.46507
-5.4654
-5.46637
-5.46604
-5.46669
-5.46507
-5.4628
-5.4641
-5.46474
-5.46668
-5.46474
-5.46345
-5.46507
-5.46572
-5.46702
-5.46734
-5.46669
-5.46572
-5.46734
-5.46735
-5.46735
-5.46864
-5.46605
-5.46702
-5.46703
-5.46541
-5.46702
-5.46573
-5.46637
-5.46637
-5.46702
-5.46573
-5.46508
-5.46638
-5.46508
-5.46541
-5.46605
-5.46573
-5.46282
-5.46411
-5.46378
-5.4654
-5.46734
-5.46734
-5.46572
-5.46766
-5.46734
-5.46799
-5.46961
-5.46767
-5.46799
-5.46702
-5.46443
-5.46411
-5.46541
-5.46184
-5.4625
-5.46541
-5.46444
-5.46509
-5.46574
-5.46542
-5.46509
-5.46412
-5.46509
-5.46639
-5.46833
-5.46865
-5.46962
-5.46929
-5.46735
-5.46606
-5.46638
-5.46671
-5.46703
-5.46833
-5.46833
-5.4693
-5.47124
-5.46994
-5.46736
-5.46671
-5.468
-5.46833
-5.46768
-5.4693
-5.46702
-5.46573
-5.4654
-5.46282
-5.46087
-5.46023
-5.4612
-5.4625
-5.46476
-5.46573
-5.46541
-5.46476
-5.46638
-5.468
-5.46832
-5.46897
-5.468
-5.46735
-5.46638
-5.46541
-5.46573
-5.46865
-5.47124
-5.47124
-5.46994
-5.46994
-5.46994
-5.46767
-5.46702
-5.46508
-5.46444
-5.46444
-5.46508
-5.4667
-5.46735
-5.47059
-5.47123
-5.47058
-5.47026
-5.46961
-5.46962
-5.468
-5.46703
-5.4667
-5.46864
-5.47026
-5.47026
-5.47058
-5.46993
-5.47187
-5.47381
-5.47252
-5.47381
-5.47284
-5.47446
-5.47349
-5.4696
-5.46896
-5.46831
-5.46572
-5.46475
-5.46507
-5.46572
-5.46443
-5.46702
-5.4696
-5.46993
-5.46896
-5.46766
-5.46507
-5.46506
-5.46571
-5.46474
-5.46507
-5.46604
-5.46798
-5.46799
-5.46961
-5.46961
-5.47156
-5.47091
-5.47059
-5.47026
-5.47059
-5.46994
-5.46799
-5.46701
-5.46604
-5.4641
-5.46442
-5.46507
-5.46604
-5.46475
-5.46378
-5.46572
-5.46572
-5.4654
-5.46605
-5.46475
-5.46475
-5.46508
-5.46572
-5.46799
-5.46637
-5.46604
-5.46572
-5.46378
-5.46604
-5.46669
-5.46863
-5.47024
-5.46992
-5.47154
-5.47155
-5.47155
-5.47025
-5.46864
-5.46766
-5.46637
-5.46572
-5.46507
-5.46604
-5.46669
-5.46539
-5.46507
-5.46572
-5.46669
-5.46734
-5.46798
-5.46798
-5.46895
-5.47025
-5.46798
-5.46798
-5.4709
-5.47122
-5.47219
-5.47284
-5.46992
-5.47024
-5.47089
-5.46895
-5.47089
-5.4696
-5.4683
-5.46863
-5.47025
-5.47024
-5.47154
-5.46959
-5.46927
-5.46798
-5.46765
-5.46668
-5.46312
-5.46474
-5.46539
-5.46669
-5.46636
-5.46539
-5.46604
-5.46377
-5.46635
-5.46797
-5.46797
-5.47024
-5.47024
-5.47154
-5.47122
-5.47057
-5.47025
-5.47057
-5.4696
-5.46928
-5.46799
-5.46766
-5.4696
-5.46765
-5.46862
-5.46959
-5.47283
-5.47283
-5.47121
-5.46959
-5.46765
-5.46798
-5.47089
-5.47187
-5.47057
-5.47025
-5.47057
-5.46993
-5.46895
-5.47025
-5.4696
-5.46733
-5.46765
-5.46895
-5.46927
-5.47154
-5.46895
-5.4683
-5.46798
-5.46507
-5.46604
-5.46572
-5.46701
-5.46604
-5.46702
-5.46831
-5.46734
-5.46798
-5.46604
-5.46604
-5.46701
-5.46766
-5.46668
-5.46668
-5.46571
-5.46928
-5.46701
-5.46442
-5.46183
-5.46248
-5.46248
-5.46377
-5.46377
-5.46538
-5.46603
-5.4683
-5.46668
-5.46765
-5.46928
-5.47089
-5.47024
-5.4696
-5.46992
-5.46928
-5.46992
-5.47025
-5.46992
-5.46798
-5.4683
-5.46928
-5.46992
-5.47057
-5.46928
-5.46896
-5.46993
-5.47122
-5.4696
-5.4683
-5.46765
-5.46765
-5.46765
-5.46863
-5.46895
-5.46961
-5.47058
-5.4722
-5.47026
-5.47091
-5.46929
-5.46961
-5.46766
-5.46799
-5.46896
-5.46831
-5.46669
-5.46701
-5.46733
-5.46831
-5.46961
-5.46896
-5.46799
-5.46831
-5.46993
-5.46799
-5.46734
-5.46799
-5.46702
-5.46539
-5.46604
-5.46572
-5.46733
-5.46734
-5.46863
-5.46993
-5.47025
-5.47026
-5.46961
-5.46896
-5.46799
-5.46799
-5.46928
-5.46928
-5.46896
-5.46701
-5.4654
-5.46637
-5.4654
-5.4667
-5.4654
-5.46572
-5.46734
-5.46766
-5.46702
-5.46604
-5.46799
-5.46734
-5.46702
-5.46799
-5.46799
-5.46961
-5.47025
-5.4696
-5.46928
-5.46928
-5.46961
-5.46993
-5.47091
-5.46864
-5.46508
-5.46638
-5.4667
-5.4667
-5.46475
-5.46637
-5.46508
-5.46346
-5.46508
-5.46702
-5.4667
-5.46508
-5.46443
-5.46411
-5.46476
-5.46411
-5.46574
-5.46574
-5.46671
-5.46541
-5.46638
-5.46832
-5.46864
-5.46832
-5.46832
-5.46605
-5.46767
-5.46832
-5.4667
-5.46864
-5.46832
-5.46994
-5.46929
-5.46735
-5.46799
-5.46897
-5.46864
-5.46735
-5.46864
-5.46864
-5.47026
-5.46929
-5.46929
-5.468
-5.46832
-5.468
-5.4667
-5.46702
-5.46314
-5.46249
-5.46249
-5.46184
-5.46314
-5.46443
-5.46443
-5.4654
-5.46735
-5.46605
-5.468
-5.46832
-5.46929
-5.46799
-5.46864
-5.46929
-5.46961
-5.46864
-5.46864
-5.46929
-5.46994
-5.46896
-5.46799
-5.46929
-5.46929
-5.47123
-5.46929
-5.46929
-5.46929
-5.46768
-5.46703
-5.46703
-5.4667
-5.468
-5.46605
-5.46897
-5.46735
-5.46573
-5.46444
-5.46217
-5.46443
-5.46508
-5.46637
-5.46443
-5.46476
-5.46606
-5.46703
-5.46542
-5.46703
-5.46703
-5.46638
-5.46735
-5.46735
-5.46929
-5.46897
-5.46768
-5.46768
-5.468
-5.46606
-5.46638
-5.46606
-5.46541
-5.46735
-5.46638
-5.46735
-5.46573
-5.46735
-5.46735
-5.46864
-5.46702
-5.46605
-5.4667
-5.4667
-5.46702
-5.46799
-5.46832
-5.46767
-5.46735
-5.46929
-5.46993
-5.46864
-5.46897
-5.46994
-5.47091
-5.46864
-5.46864
-5.46831
-5.46734
-5.46864
-5.46734
-5.46637
-5.46377
-5.46539
-5.46604
-5.46637
-5.46637
-5.46669
-5.46605
-5.4654
-5.46702
-5.46734
-5.47155
-5.47026
-5.46993
-5.46928
-5.46831
-5.46928
-5.46896
-5.47058
-5.4709
-5.47091
-5.4722
-5.47188
-5.47317
-5.47188
-5.4722
-5.47253
-5.47123
-5.46929
-5.46961
-5.46767
-5.46702
-5.46832
-5.47026
-5.47026
-5.47026
-5.46929
-5.46864
-5.46734
-5.46734
-5.46767
-5.46799
-5.46799
-5.46961
-5.46896
-5.46767
-5.46961
-5.46831
-5.46831
-5.46734
-5.46669
-5.4667
-5.4667
-5.4667
-5.46896
-5.46897
-5.47285
-5.4735
-5.47382
-5.47253
-5.4735
-5.4735
-5.47382
-5.47091
-5.46929
-5.46961
-5.46994
-5.46799
-5.46605
-5.46605
-5.46573
-5.46444
-5.46444
-5.46703
-5.46671
-5.46638
-5.46703
-5.46606
-5.46703
-5.46605
-5.46443
-5.46735
-5.47123
-5.46994
-5.46929
-5.46832
-5.46897
-5.468
-5.46897
-5.46994
-5.46606
-5.46638
-5.46573
-5.468
-5.46735
-5.46768
-5.46574
-5.46768
-5.46768
-5.46703
-5.46573
-5.46606
-5.46444
-5.46444
-5.46379
-5.46444
-5.46476
-5.46541
-5.46638
-5.46412
-5.46476
-5.46476
-5.46152
-5.46087
-5.46151
-5.46151
-5.46249
-5.46411
-5.4654
-5.46605
-5.46573
-5.46767
-5.46864
-5.468
-5.46864
-5.46767
-5.468
-5.46962
-5.468
-5.4667
-5.46605
-5.46605
-5.46573
-5.46734
-5.46896
-5.46734
-5.46993
-5.47091
-5.47156
-5.47156
-5.47091
-5.47188
-5.47415
-5.47383
-5.47318
-5.47545
-5.47544
-5.47803
-5.47415
-5.4735
-5.47253
-5.4735
-5.4722
-5.47155
-5.47058
-5.47123
-5.47026
-5.47027
-5.47027
-5.47092
-5.4693
-5.46995
-5.4693
-5.46735
-5.46605
-5.468
-5.46832
-5.46735
-5.4667
-5.46638
-5.46508
-5.46476
-5.46605
-5.4667
-5.46832
-5.46605
-5.46508
-5.46897
-5.46864
-5.46735
-5.46994
-5.46897
-5.468
-5.46865
-5.46735
-5.46541
-5.46379
-5.46379
-5.46574
-5.46476
-5.46541
-5.46638
-5.46767
-5.468
-5.46994
-5.47189
-5.47189
-5.47027
-5.47027
-5.47059
-5.46865
-5.4693
-5.46735
-5.46801
-5.46995
-5.4693
-5.46898
-5.46865
-5.46865
-5.46864
-5.46702
-5.46508
-5.46379
-5.46346
-5.46314
-5.46281
-5.46184
-5.46184
-5.46249
-5.46378
-5.46443
-5.46476
-5.46378
-5.46475
-5.4667
-5.4667
-5.4654
-5.4667
-5.46703
-5.46573
-5.46541
-5.46638
-5.46444
-5.46217
-5.46282
-5.46476
-5.46444
-5.46444
-5.46897
-5.46962
-5.46962
-5.46897
-5.47157
-5.47286
-5.47481
-5.47416
-5.47222
-5.4706
-5.46962
-5.47059
-5.47156
-5.47285
-5.47285
-5.47156
-5.46961
-5.46832
-5.46768
-5.46508
-5.46541
-5.46444
-5.46476
-5.46476
-5.46509
-5.46606
-5.46768
-5.46768
-5.46606
-5.46703
-5.46638
-5.46476
-5.46346
-5.46443
-5.46508
-5.46572
-5.46314
-5.46281
-5.46152
-5.46184
-5.46151
-5.46151
-5.46313
-5.46346
-5.46573
-5.4654
-5.46832
-5.46832
-5.46832
-5.47026
-5.46929
-5.46961
-5.46961
-5.47058
-5.47123
-5.47285
-5.47349
-5.47285
-5.47285
-5.46928
-5.46669
-5.46702
-5.46799
-5.46896
-5.47026
-5.46767
-5.46864
-5.46896
-5.46863
-5.47155
-5.46993
-5.46928
-5.46961
-5.46961
-5.46864
-5.46637
-5.46508
-5.46605
-5.46572
-5.46443
-5.46475
-5.46605
-5.46638
-5.46605
-5.4667
-5.46735
-5.46702
-5.46896
-5.46896
-5.46961
-5.46929
-5.46896
-5.47026
-5.46702
-5.46507
-5.46443
-5.46314
-5.46282
-5.46606
-5.46606
-5.46703
-5.46638
-5.46638
-5.4667
-5.46735
-5.4667
-5.4654
-5.46766
-5.46734
-5.47026
-5.46994
-5.47156
-5.47059
-5.47286
-5.47059
-5.46865
-5.46703
-5.46671
-5.46671
-5.46735
-5.46606
-5.46444
-5.46444
-5.46379
-5.46541
-5.46444
-5.46509
-5.46477
-5.46509
-5.46639
-5.46736
-5.46509
-5.46671
-5.46671
-5.46768
-5.46606
-5.46768
-5.46833
-5.46768
-5.46736
-5.46736
-5.46704
-5.4664
-5.4651
-5.46543
-5.46607
-5.46348
-5.46412
-5.46445
-5.46444
-5.46541
-5.46671
-5.46994
-5.47027
-5.4693
-5.46736
-5.46865
-5.46671
-5.46703
-5.46768
-5.4693
-5.4693
-5.4693
-5.46768
-5.46832
-5.46994
-5.47091
-5.47124
-5.46994
-5.47027
-5.47092
-5.47156
-5.47156
-5.47027
-5.46897
-5.46865
-5.46833
-5.4693
-5.46897
-5.46897
-5.47156
-5.47253
-5.47383
-5.47415
-5.47383
-5.47383
-5.47383
-5.47513
-5.47351
-5.47222
-5.47189
-5.47189
-5.47189
-5.47156
-5.468
-5.46768
-5.47124
-5.47124
-5.47253
-5.47027
-5.46897
-5.46606
-5.46476
-5.46606
-5.46573
-5.4667
-5.46735
-5.46702
-5.46735
-5.46735
-5.46929
-5.46832
-5.46832
-5.46768
-5.46735
-5.46995
-5.47254
-5.47254
-5.47189
-5.47156
-5.47156
-5.47188
-5.47382
-5.47285
-5.47091
-5.47189
-5.47124
-5.46865
-5.46994
-5.46897
-5.47124
-5.47091
-5.47026
-5.47155
-5.47188
-5.47058
-5.47188
-5.47317
-5.47026
-5.47027
-5.46994
-5.46638
-5.46541
-5.46638
-5.46508
-5.46346
-5.46249
-5.46378
-5.4654
-5.4654
-5.4654
-5.46281
-5.46152
-5.46314
-5.46606
-5.46606
-5.46444
-5.46412
-5.46315
-5.46379
-5.46509
-5.46476
-5.4667
-5.46767
-5.46767
-5.46832
-5.46736
-5.46833
-5.47027
-5.468
-5.47027
-5.47124
-5.47059
-5.46994
-5.4667
-5.46767
-5.46574
-5.46509
-5.46606
-5.46736
-5.46768
-5.46735
-5.46606
-5.46541
-5.46476
-5.46281
-5.46378
-5.4667
-5.46799
-5.46735
-5.46799
-5.46767
-5.46735
-5.468
-5.46703
-5.4667
-5.468
-5.46897
-5.46865
-5.468
-5.46832
-5.468
-5.46897
-5.46735
-5.46961
-5.46767
-5.46864
-5.46605
-5.46703
-5.46865
-5.46865
