-4.71475
-4.71475
-4.71475
-4.71475
-4.71475
-4.71369
-4.71158
-4.7084
-4.70463
-4.70191
-4.69994
-4.69798
-4.69571
-4.69602
-4.69541
-4.69496
-4.6942
-4.6948
-4.6954
-4.69585
-4.69646
-4.69631
-4.69737
-4.69827
-4.69722
-4.69843
-4.69873
-4.69858
-4.69903
-4.69903
-4.69934
-4.69964
-4.70024
-4.7013
-4.7019
-4.70221
-4.70206
-4.70145
-4.70039
-4.69994
-3.9487
-3.94816
-3.94786
-3.94786
-3.94756
-3.9474
-3.9474
-3.94725
-3.94664
-3.94724
-3.9477
-3.94815
-3.948
-3.9477
-3.94785
-3.948
-3.9474
-3.94786
-3.94801
-3.94831
-3.94786
-3.94771
-3.94755
-3.94861
-3.94861
-3.94922
-3.94801
-3.94846
-3.94861
-3.9477
-3.9474
-3.94785
-3.94785
-3.94891
-3.9483
-3.948
-3.94891
-3.94921
-3.94906
-3.948
-3.63615
-3.63742
-3.63757
-3.63772
-3.63742
-3.63681
-3.63621
-3.63575
-3.63545
-3.6353
-3.63454
-3.63424
-3.63469
-3.63439
-3.63363
-3.63379
-3.63318
-3.63364
-3.63319
-3.63349
-3.63273
-3.63304
-3.63304
-3.63243
-3.63243
-3.63167
-3.63243
-3.63152
-3.63198
-3.63167
-3.63198
-3.63273
-3.63379
-3.63334
-3.63304
-3.63273
-3.63289
-3.63289
-3.63334
-3.63288
-3.37288
-3.37208
-3.37343
-3.37343
-3.37388
-3.37494
-3.37494
-3.37403
-3.37388
-3.37403
-3.37494
-3.37464
-3.37449
-3.37343
-3.37374
-3.37374
-3.37389
-3.37389
-3.37238
-3.37132
-3.37117
-3.37086
-3.37117
-3.37117
-3.37087
-3.37147
-3.37253
-3.37118
-3.37178
-3.37223
-3.37208
-3.37192
-3.37162
-3.37056
-3.36995
-3.37025
-3.3692
-3.37011
-3.37192
-3.37329
-3.44191
-3.44187
-3.43991
-3.44036
-3.44005
-3.44096
-3.44171
-3.44095
-3.4399
-3.43945
-3.4402
-3.44081
-3.44081
-3.44051
-3.43976
-3.44006
-3.44036
-3.4399
-3.44051
-3.44005
-3.43944
-3.4402
-3.4408
-3.44065
-3.44126
-3.44171
-3.44172
-3.44187
-3.44187
-3.44308
-3.44429
-3.44414
-3.44459
-3.44383
-3.44398
-3.44398
-3.44398
-3.44458
-3.44534
-3.44444
-3.34366
-3.34372
-3.34327
-3.34357
-3.34402
-3.34478
-3.34493
-3.34448
-3.34433
-3.34523
-3.34508
-3.34478
-3.34372
-3.34296
-3.34327
-3.34296
-3.34281
-3.34387
-3.34417
-3.34387
-3.34538
-3.34508
-3.34614
-3.34659
-3.34599
-3.34584
-3.34493
-3.34508
-3.34463
-3.34523
-3.34447
-3.34341
-3.34447
-3.34387
-3.34327
-3.34312
-3.34358
-3.34448
-3.34403
-3.34478
-3.36642
-3.36394
-3.36409
-3.36424
-3.36575
-3.3653
-3.36455
-3.36364
-3.36334
-3.36364
-3.36288
-3.36213
-3.36107
-3.36122
-3.36137
-3.36152
-3.36016
-3.36031
-3.36092
-3.36273
-3.36273
-3.36273
-3.36318
-3.36379
-3.36303
-3.36424
-3.36409
-3.36349
-3.36409
-3.36424
-3.36394
-3.36379
-3.36409
-3.36455
-3.365
-3.36485
-3.36424
-3.36424
-3.36454
-3.36318
-3.21258
-3.21194
-3.21209
-3.2121
-3.2121
-3.21255
-3.21301
-3.21316
-3.21331
-3.21377
-3.21407
-3.21346
-3.21331
-3.21331
-3.21316
-3.21467
-3.21467
-3.21451
-3.21436
-3.21436
-3.21421
-3.21346
-3.21331
-3.21256
-3.21211
-3.21286
-3.21301
-3.21256
-3.21331
-3.21331
-3.21362
-3.21392
-3.21498
-3.21407
-3.21301
-3.21391
-3.21375
-3.2133
-3.213
-3.21255
-3.2445
-3.24424
-3.24545
-3.2453
-3.24636
-3.24666
-3.24651
-3.2462
-3.2465
-3.2465
-3.24696
-3.24726
-3.24666
-3.24666
-3.24576
-3.24667
-3.24697
-3.24666
-3.24605
-3.24635
-3.2456
-3.24529
-3.24605
-3.24711
-3.24636
-3.24681
-3.24696
-3.24696
-3.24651
-3.24621
-3.24636
-3.24712
-3.24757
-3.24727
-3.24727
-3.24606
-3.24515
-3.2453
-3.24545
-3.2456
-3.23361
-3.23468
-3.23408
-3.23468
-3.23408
-3.23348
-3.23393
-3.23424
-3.23348
-3.23378
-3.23378
-3.23378
-3.23469
-3.2353
-3.23514
-3.23454
-3.23559
-3.23408
-3.23317
-3.23226
-3.23272
-3.23302
-3.23363
-3.23333
-3.23242
-3.23196
-3.23211
-3.23302
-3.23318
-3.23272
-3.23287
-3.23332
-3.23378
-3.23408
-3.23393
-3.23484
-3.23348
-3.23394
-3.23409
-3.23424
-3.37355
-3.37308
-3.37353
-3.37293
-3.37248
-3.37218
-3.37233
-3.37112
-3.37233
-3.37127
-3.37203
-3.37173
-3.37173
-3.37173
-3.37203
-3.37112
-3.37141
-3.37217
-3.37307
-3.37292
-3.37322
-3.37307
-3.37232
-3.37308
-3.37323
-3.37414
-3.37489
-3.37414
-3.37444
-3.3752
-3.37519
-3.37625
-3.3761
-3.37655
-3.37806
-3.37851
-3.37791
-3.37806
-3.37851
-3.37836
-3.50753
-3.50844
-3.50889
-3.50769
-3.50738
-3.50754
-3.50633
-3.50602
-3.50632
-3.50723
-3.50738
-3.50693
-3.50617
-3.50647
-3.50647
-3.50677
-3.50632
-3.50587
-3.50481
-3.50406
-3.50345
-3.5033
-3.5033
-3.50315
-3.5027
-3.5027
-3.50179
-3.50134
-3.50134
-3.50209
-3.50224
-3.5027
-3.50315
-3.50406
-3.503
-3.50375
-3.50345
-3.50345
-3.50284
-3.50239
-3.39823
-3.39893
-3.39938
-3.39817
-3.39787
-3.39847
-3.39938
-3.39877
-3.39908
-3.39847
-3.39983
-3.39923
-3.39772
-3.39803
-3.39833
-3.39878
-3.39954
-3.39969
-3.39938
-3.39954
-3.39939
-3.39939
-3.39863
-3.39697
-3.39591
-3.39561
-3.39606
-3.39501
-3.39516
-3.39576
-3.39606
-3.39667
-3.39667
-3.39621
-3.39697
-3.39727
-3.39757
-3.39863
-3.39803
-3.39787
-3.39257
-3.39252
-3.39146
-3.39161
-3.39131
-3.38965
-3.38905
-3.3892
-3.3901
-3.39025
-3.39116
-3.3907
-3.3904
-3.39145
-3.39115
-3.39146
-3.39161
-3.39086
-3.39116
-3.39055
-3.3904
-3.39116
-3.39176
-3.39161
-3.39191
-3.39207
-3.39237
-3.39192
-3.39222
-3.39343
-3.39237
-3.39252
-3.39327
-3.39252
-3.39131
-3.39191
-3.39145
-3.3913
-3.39145
-3.39206
-3.26455
-3.26732
-3.26838
-3.26853
-3.26807
-3.26732
-3.26732
-3.26746
-3.26761
-3.26806
-3.26776
-3.26791
-3.26791
-3.26761
-3.26837
-3.26898
-3.26958
-3.26837
-3.26882
-3.26867
-3.26852
-3.26791
-3.26867
-3.26912
-3.26867
-3.26898
-3.26973
-3.27034
-3.26913
-3.26822
-3.26822
-3.26882
-3.26836
-3.26791
-3.26746
-3.26882
-3.26912
-3.26882
-3.26837
-3.26761
-3.39814
-3.39777
-3.39656
-3.39701
-3.39792
-3.39852
-3.39913
-3.39943
-3.39973
-3.39958
-3.39943
-3.39988
-3.39973
-3.39958
-3.39928
-3.40019
-3.39959
-3.39959
-3.39853
-3.39747
-3.39686
-3.39625
-3.3958
-3.3961
-3.39565
-3.39626
-3.3946
-3.39475
-3.39475
-3.39536
-3.39626
-3.39536
-3.39535
-3.39565
-3.39625
-3.39761
-3.39732
-3.39853
-3.39838
-3.39853
-3.45137
-3.4509
-3.45074
-3.45119
-3.44983
-3.44983
-3.45059
-3.45074
-3.45074
-3.45059
-3.45211
-3.45271
-3.45211
-3.45165
-3.45195
-3.45119
-3.45059
-3.45089
-3.4515
-3.45104
-3.45104
-3.45029
-3.45028
-3.45013
-3.45059
-3.45044
-3.45104
-3.45074
-3.44908
-3.44998
-3.45029
-3.44938
-3.44953
-3.44953
-3.45074
-3.45089
-3.45195
-3.45195
-3.45225
-3.45119
-3.43767
-3.43578
-3.43668
-3.43744
-3.43714
-3.43714
-3.43699
-3.43638
-3.43578
-3.43593
-3.43593
-3.43548
-3.43502
-3.43518
-3.43488
-3.43563
-3.43563
-3.43563
-3.43442
-3.43351
-3.43366
-3.43397
-3.43291
-3.43276
-3.43306
-3.43336
-3.43321
-3.43563
-3.43472
-3.43487
-3.43608
-3.43578
-3.43638
-3.43592
-3.43547
-3.43547
-3.43487
-3.43548
-3.43608
-3.43487
-3.46117
-3.4627
-3.4618
-3.46149
-3.46089
-3.46119
-3.46104
-3.46134
-3.46103
-3.46028
-3.46058
-3.46013
-3.46013
-3.45907
-3.45892
-3.45953
-3.45937
-3.46013
-3.45937
-3.45907
-3.45907
-3.45877
-3.45847
-3.45846
-3.45816
-3.45755
-3.45725
-3.45696
-3.45756
-3.45862
-3.45892
-3.45892
-3.45877
-3.45831
-3.45846
-3.45846
-3.45846
-3.45801
-3.45846
-3.45726
-3.45117
-3.45056
-3.45026
-3.45162
-3.45222
-3.45298
-3.45253
-3.45298
-3.45404
-3.45373
-3.45328
-3.45313
-3.45419
-3.45449
-3.45495
-3.45449
-3.45419
-3.45358
-3.45434
-3.45343
-3.45222
-3.45117
-3.45147
-3.45117
-3.45117
-3.45071
-3.45162
-3.45268
-3.45298
-3.45237
-3.45192
-3.45131
-3.45101
-3.45071
-3.45026
-3.45011
-3.44935
-3.45041
-3.45071
-3.45087
-3.46719
-3.46875
-3.4689
-3.4689
-3.46845
-3.4683
-3.46845
-3.46875
-3.46859
-3.46965
-3.46996
-3.47071
-3.47056
-3.47011
-3.46966
-3.47057
-3.47057
-3.47117
-3.47163
-3.47177
-3.47162
-3.47162
-3.47192
-3.47207
-3.47207
-3.47147
-3.47117
-3.47042
-3.47072
-3.46966
-3.46996
-3.47056
-3.47026
-3.47026
-3.46996
-3.47026
-3.47027
-3.46981
-3.46966
-3.46996
-3.46279
-3.46262
-3.46217
-3.46201
-3.46292
-3.46337
-3.46322
-3.46367
-3.46322
-3.46246
-3.46231
-3.46246
-3.46231
-3.46277
-3.46352
-3.46428
-3.46383
-3.46292
-3.46231
-3.46216
-3.46216
-3.46246
-3.46276
-3.46261
-3.46292
-3.46322
-3.46262
-3.46247
-3.46307
-3.46291
-3.46321
-3.46442
-3.46381
-3.46412
-3.46472
-3.46533
-3.46518
-3.46579
-3.46639
-3.46624
-3.46573
-3.46641
-3.46641
-3.46641
-3.46747
-3.46716
-3.46625
-3.4664
-3.4658
-3.46519
-3.46504
-3.46489
-3.46564
-3.46519
-3.46519
-3.4655
-3.46565
-3.46489
-3.46489
-3.4655
-3.46505
-3.46565
-3.46626
-3.46565
-3.46626
-3.46762
-3.46807
-3.46716
-3.46746
-3.46807
-3.46746
-3.46686
-3.4658
-3.46595
-3.46671
-3.46656
-3.46641
-3.46686
-3.46777
-3.46761
-3.3448
-3.3447
-3.34531
-3.3435
-3.34335
-3.3438
-3.34395
-3.34349
-3.34365
-3.34455
-3.34501
-3.34485
-3.3441
-3.34319
-3.34319
-3.34304
-3.34365
-3.34335
-3.34365
-3.34335
-3.34289
-3.3435
-3.34274
-3.34395
-3.34365
-3.34335
-3.3441
-3.34425
-3.3435
-3.34335
-3.3429
-3.34154
-3.3423
-3.3429
-3.34275
-3.3432
-3.3438
-3.3435
-3.34319
-3.34289
-3.29646
-3.29651
-3.2953
-3.29545
-3.29469
-3.2956
-3.2962
-3.29665
-3.2965
-3.29635
-3.2959
-3.2959
-3.29666
-3.29681
-3.29772
-3.29711
-3.29575
-3.2959
-3.29636
-3.29545
-3.2953
-3.29515
-3.2956
-3.29621
-3.29726
-3.29757
-3.29727
-3.29696
-3.29636
-3.29651
-3.29757
-3.29802
-3.29817
-3.29786
-3.29802
-3.29832
-3.29862
-3.29848
-3.29727
-3.29682
-3.453
-3.45418
-3.45373
-3.45418
-3.45373
-3.45297
-3.45237
-3.45222
-3.45267
-3.45282
-3.45282
-3.45297
-3.45282
-3.45282
-3.45524
-3.45554
-3.45523
-3.45493
-3.45433
-3.45478
-3.45554
-3.45569
-3.45615
-3.45539
-3.45615
-3.4563
-3.4572
-3.45796
-3.45856
-3.45811
-3.45811
-3.45857
-3.45856
-3.45766
-3.45766
-3.45735
-3.45811
-3.45917
-3.45826
-3.45826
-3.34315
-3.34236
-3.34206
-3.34206
-3.34131
-3.34191
-3.34161
-3.34176
-3.34146
-3.34191
-3.34146
-3.34176
-3.34161
-3.341
-3.34161
-3.34146
-3.34101
-3.34206
-3.34176
-3.34146
-3.34055
-3.33904
-3.33904
-3.33874
-3.33904
-3.33889
-3.33949
-3.33965
-3.3401
-3.3398
-3.33949
-3.3413
-3.3413
-3.34009
-3.33949
-3.33964
-3.3404
-3.33844
-3.33647
-3.33632
-3.32693
-3.32706
-3.32721
-3.32767
-3.32813
-3.32828
-3.32662
-3.32677
-3.32752
-3.32721
-3.32646
-3.3263
-3.3263
-3.32615
-3.3251
-3.32464
-3.32359
-3.32147
-3.32162
-3.32193
-3.32162
-3.32162
-3.31966
-3.31951
-3.31996
-3.32102
-3.32102
-3.31981
-3.31876
-3.31921
-3.31891
-3.31981
-3.32057
-3.31981
-3.32102
-3.32102
-3.32238
-3.32344
-3.3245
-3.32556
-3.34186
-3.34216
-3.34322
-3.34307
-3.34246
-3.34201
-3.34413
-3.34262
-3.34352
-3.34413
-3.34473
-3.34504
-3.34504
-3.34519
-3.34549
-3.34534
-3.34534
-3.34518
-3.34503
-3.34503
-3.34519
-3.34594
-3.3458
-3.34655
-3.34716
-3.347
-3.34685
-3.34821
-3.35002
-3.35017
-3.35002
-3.35002
-3.35032
-3.35077
-3.35062
-3.35123
-3.35108
-3.35108
-3.35123
-3.35033
-3.4115
-3.4117
-3.41064
-3.41003
-3.40973
-3.41034
-3.41125
-3.41035
-3.41019
-3.41004
-3.41004
-3.40898
-3.40837
-3.40898
-3.40897
-3.40882
-3.40928
-3.40973
-3.40958
-3.41079
-3.41019
-3.41004
-3.41064
-3.41064
-3.40928
-3.40943
-3.41049
-3.41004
-3.40958
-3.40974
-3.40943
-3.41004
-3.41064
-3.41064
-3.41019
-3.41019
-3.40959
-3.41095
-3.41095
-3.40989
-3.30558
-3.30438
-3.30423
-3.30362
-3.30377
-3.30317
-3.30469
-3.30424
-3.30484
-3.30499
-3.30483
-3.30393
-3.30332
-3.30287
-3.30393
-3.30438
-3.30499
-3.30408
-3.30423
-3.30438
-3.30378
-3.30362
-3.30242
-3.30181
-3.30181
-3.30121
-3.30136
-3.3006
-3.30075
-3.30015
-3.3
-3.3
-3.30091
-3.30166
-3.30121
-3.30181
-3.30332
-3.30302
-3.30181
-3.30181
-3.3678
-3.3681
-3.36795
-3.36871
-3.36992
-3.36992
-3.37037
-3.36976
-3.36825
-3.36855
-3.3684
-3.36809
-3.36794
-3.36749
-3.36674
-3.36659
-3.36614
-3.36614
-3.36629
-3.36629
-3.36629
-3.36659
-3.36689
-3.36734
-3.36749
-3.36779
-3.36779
-3.36825
-3.3693
-3.36915
-3.3687
-3.3684
-3.36795
-3.36871
-3.3678
-3.36855
-3.36916
-3.36916
-3.37021
-3.37006
-3.49497
-3.49541
-3.49557
-3.49647
-3.49572
-3.49512
-3.49557
-3.49678
-3.49557
-3.49557
-3.49542
-3.49557
-3.49526
-3.49602
-3.49617
-3.49602
-3.49542
-3.49527
-3.49557
-3.49481
-3.49572
-3.49647
-3.49723
-3.49678
-3.49617
-3.49587
-3.49587
-3.49496
-3.49511
-3.49481
-3.49435
-3.49451
-3.49466
-3.49451
-3.49436
-3.49421
-3.49511
-3.49542
-3.49557
-3.49527
-3.53992
-3.53998
-3.53998
-3.53953
-3.53923
-3.53847
-3.53907
-3.53847
-3.53817
-3.53817
-3.53801
-3.53892
-3.53937
-3.53998
-3.53953
-3.53922
-3.53786
-3.53771
-3.53817
-3.53832
-3.53922
-3.53816
-3.53801
-3.53741
-3.53681
-3.53726
-3.53802
-3.53681
-3.5365
-3.53635
-3.53756
-3.5362
-3.5365
-3.5359
-3.53515
-3.53576
-3.5353
-3.5359
-3.53651
-3.5362
-3.4791
-3.47744
-3.4782
-3.47759
-3.47759
-3.47683
-3.47683
-3.47593
-3.47532
-3.47578
-3.47548
-3.47548
-3.47503
-3.47609
-3.47639
-3.47654
-3.47699
-3.47775
-3.47789
-3.4788
-3.47774
-3.47774
-3.47729
-3.47729
-3.4776
-3.47775
-3.47745
-3.4776
-3.47654
-3.47593
-3.47623
-3.47699
-3.47699
-3.47805
-3.4788
-3.47895
-3.4788
-3.4794
-3.48001
-3.48061
-3.28507
-3.28585
-3.28601
-3.28555
-3.28707
-3.28646
-3.28631
-3.28752
-3.28752
-3.28767
-3.28782
-3.28766
-3.28796
-3.28797
-3.28751
-3.28782
-3.28721
-3.28707
-3.28782
-3.28616
-3.28752
-3.28767
-3.28767
-3.28706
-3.28706
-3.28616
-3.286
-3.28615
-3.28691
-3.28676
-3.28707
-3.28722
-3.28707
-3.28677
-3.28661
-3.28676
-3.28646
-3.28646
-3.28691
-3.28601
-3.23792
-3.23778
-3.23702
-3.23657
-3.23687
-3.23717
-3.23702
-3.23642
-3.23642
-3.23582
-3.23642
-3.23627
-3.23597
-3.23491
-3.23506
-3.23476
-3.23596
-3.23581
-3.23626
-3.23626
-3.23626
-3.23627
-3.23717
-3.23627
-3.23582
-3.23597
-3.23581
-3.23566
-3.23521
-3.23506
-3.23415
-3.23325
-3.23249
-3.23189
-3.23144
-3.23189
-3.23159
-3.23158
-3.23068
-3.23007
-3.11093
-3.11153
-3.11153
-3.11289
-3.1135
-3.1141
-3.11395
-3.11501
-3.11441
-3.11501
-3.11607
-3.11607
-3.11683
-3.11698
-3.11728
-3.11682
-3.11622
-3.11622
-3.11667
-3.11712
-3.11742
-3.11757
-3.11697
-3.11682
-3.11743
-3.11713
-3.11652
-3.11652
-3.11622
-3.11697
-3.11591
-3.11561
-3.11591
-3.11682
-3.11682
-3.11727
-3.11742
-3.11818
-3.11848
-3.11727
-3.39785
-3.39905
-3.3992
-3.39935
-3.3998
-3.40056
-3.3995
-3.3992
-3.39875
-3.39935
-3.3998
-3.3998
-3.39904
-3.401
-3.39994
-3.39994
-3.39979
-3.40025
-3.40085
-3.40161
-3.40206
-3.40222
-3.40267
-3.40251
-3.40282
-3.40387
-3.40387
-3.40251
-3.40176
-3.40221
-3.40161
-3.40206
-3.40282
-3.40297
-3.40252
-3.40176
-3.40221
-3.40312
-3.40327
-3.40281
-3.35668
-3.35484
-3.35378
-3.35348
-3.35333
-3.35288
-3.35318
-3.35303
-3.35258
-3.35243
-3.35258
-3.35258
-3.35258
-3.35303
-3.35288
-3.35213
-3.35228
-3.35152
-3.35062
-3.35031
-3.35016
-3.35031
-3.35016
-3.35016
-3.35001
-3.35031
-3.35062
-3.35137
-3.35167
-3.35077
-3.35122
-3.34956
-3.34971
-3.34911
-3.34956
-3.34926
-3.34911
-3.34865
-3.34805
-3.34805
-3.34881
-3.3488
-3.3488
-3.34895
-3.3494
-3.34955
-3.35001
-3.35031
-3.35001
-3.35001
-3.35016
-3.35107
-3.35062
-3.35153
-3.35123
-3.35123
-3.35213
-3.35137
-3.35152
-3.35212
-3.35213
-3.35258
-3.35304
-3.35349
-3.35243
-3.35228
-3.35289
-3.35289
-3.35228
-3.35122
-3.35152
-3.35213
-3.35212
-3.35197
-3.35167
-3.35076
-3.35076
-3.35152
-3.35212
-3.35349
-3.35409
-3.3559
-3.3556
-3.35485
-3.35409
-3.35424
-3.35485
-3.3553
-3.35575
-3.35575
-3.35621
-3.35606
-3.35575
-3.35545
-3.35529
-3.3562
-3.3556
-3.35545
-3.35515
-3.355
-3.35484
-3.35499
-3.35469
-3.35394
-3.35318
-3.35364
-3.35394
-3.35379
-3.35334
-3.35303
-3.35197
-3.35136
-3.35152
-3.35197
-3.35137
-3.35137
-3.35092
-3.35047
-3.35046
-3.35077
-3.35046
-3.35077
-3.35092
-3.35077
-3.35122
-3.35228
-3.35303
-3.35318
-3.35303
-3.35334
-3.35303
-3.35288
-3.35243
-3.35348
-3.35363
-3.35348
-3.35318
-3.35288
-3.35152
-3.35183
-3.35122
-3.35123
-3.35153
-3.35153
-3.35198
-3.35213
-3.35107
-3.35122
-3.35137
-3.35167
-3.35122
-3.35076
-3.35061
-3.35076
-3.35091
-3.35061
-3.35016
-3.35077
-3.35062
-3.35077
-3.35016
-3.35076
-3.35091
-3.35031
-3.35061
-3.35031
-3.35032
-3.35032
-3.34956
-3.3494
-3.3494
-3.34985
-3.34849
-3.3488
-3.3488
-3.34986
-3.35031
-3.35031
-3.35061
-3.35031
-3.35106
-3.35046
-3.35091
-3.35107
-3.35031
-3.35047
-3.35122
-3.35168
-3.35122
-3.35213
-3.35061
-3.34986
-3.34956
-3.34925
-3.34925
-3.34986
-3.3491
-3.34986
-3.3491
-3.3494
-3.34956
-3.35137
-3.35077
-3.35153
-3.35168
-3.35168
-3.35062
-3.35092
-3.34986
-3.35001
-3.34986
-3.35076
-3.35092
-3.35107
-3.35167
-3.35228
-3.35243
-3.35349
-3.35318
-3.35348
-3.35303
-3.35348
-3.35363
-3.3553
-3.35515
-3.35545
-3.35575
-3.35515
-3.35485
-3.35455
-3.35545
-3.35455
-3.35454
-3.35469
-3.35484
-3.35379
-3.35288
-3.35227
-3.35152
-3.35212
-3.35136
-3.35122
-3.35183
-3.35213
-3.35138
-3.35108
-3.35062
-3.35153
-3.35168
-3.35228
-3.35258
-3.35257
-3.35272
-3.35272
-3.35242
-3.35258
-3.35228
-3.35288
-3.35258
-3.35228
-3.35258
-3.35243
-3.35409
-3.35334
-3.35334
-3.35379
-3.35394
-3.35439
-3.35379
-3.35439
-3.355
-3.35425
-3.3547
-3.35425
-3.3532
-3.35244
-3.35259
-3.35365
-3.35485
-3.3553
-3.3547
-3.35424
-3.35334
-3.35228
-3.35198
-3.35198
-3.35243
-3.35213
-3.35243
-3.35228
-3.35243
-3.35258
-3.35319
-3.35379
-3.3538
-3.3535
-3.3541
-3.35395
-3.35274
-3.35304
-3.35198
-3.35228
-3.35228
-3.35243
-3.35228
-3.35258
-3.35198
-3.35288
-3.35303
-3.35424
-3.35379
-3.35349
-3.35379
-3.35379
-3.35364
-3.35319
-3.35319
-3.35183
-3.35137
-3.35061
-3.34971
-3.3494
-3.3488
-3.34925
-3.34971
-3.35031
-3.35153
-3.35093
-3.34957
-3.34927
-3.35048
-3.35062
-3.35016
-3.35001
-3.35061
-3.35107
-3.35122
-3.35198
-3.35168
-3.35168
-3.35198
-3.35258
-3.35228
-3.35288
-3.35243
-3.35288
-3.35243
-3.35183
-3.35108
-3.35123
-3.35183
-3.35183
-3.35138
-3.35137
-3.35168
-3.35107
-3.35016
-3.34956
-3.34971
-3.34971
-3.35062
-3.35062
-3.35077
-3.35183
-3.35092
-3.35107
-3.35107
-3.35243
-3.35213
-3.35062
-3.34986
-3.35001
-3.34881
-3.34911
-3.34987
-3.34866
-3.34821
-3.3479
-3.3479
-3.34866
-3.3479
-3.34715
-3.3473
-3.34745
-3.34745
-3.34669
-3.34745
-3.34684
-3.34699
-3.34805
-3.34851
-3.34821
-3.34745
-3.34851
-3.34806
-3.34866
-3.34866
-3.3476
-3.34851
-3.34896
-3.35047
-3.35077
-3.34956
-3.34926
-3.34971
-3.34956
-3.35031
-3.35167
-3.35153
-3.35122
-3.35183
-3.35138
-3.35062
-3.35002
-3.34986
-3.35017
-3.35077
-3.34926
-3.34911
-3.34956
-3.34971
-3.35032
-3.35032
-3.35032
-3.35017
-3.34986
-3.34941
-3.34971
-3.34881
-3.34805
-3.34835
-3.34865
-3.34881
-3.35001
-3.34971
-3.34881
-3.34775
-3.34654
-3.34835
-3.3482
