-5.13438
-5.11177
-5.08406
-5.05398
-5.02966
-5.01475
-5.01133
-5.01282
-5.01705
-5.02117
-5.02149
-5.01836
-5.00974
-4.99652
-4.97796
-4.95387
-4.92616
-4.89964
-4.87962
-4.87134
-4.878
-4.90029
-4.93372
-4.9718
-5.00873
-5.03928
-5.06188
-5.07458
-5.07902
-5.07761
-5.07549
-5.07592
-5.08207
-5.09313
-5.10737
-5.11875
-5.12256
-5.11697
-5.09965
-5.07266
-5.04383
-5.01959
-5.00838
-5.01024
-5.02458
-5.04467
-5.0631
-5.07734
-5.08395
-5.08206
-5.07509
-5.06129
-5.04492
-5.02858
-5.01486
-5.00427
-4.99786
-4.9954
-4.99614
-4.99989
-5.00291
-5.00333
-5.0001
-4.99236
-4.98431
-4.97632
-4.96974
-4.9649
-4.96181
-4.95821
-4.9549
-4.94926
-4.94076
-4.92826
-4.91726
-4.90854
-4.90255
-4.90053
-4.90152
-4.90259
-4.90458
-4.90583
-4.90835
-4.9154
-4.92871
-4.95061
-4.97923
-5.00868
-5.03654
-5.0605
-5.07808
-5.08816
-5.09307
-5.09406
-5.09407
-5.09383
-5.09438
-5.09253
-5.08378
-5.06441
-5.03373
-4.99259
-4.94479
-4.89515
-4.85005
-4.81319
-4.78537
-4.76489
-4.7513
-4.74452
-4.74402
-4.75012
-4.76201
-4.78016
-4.80427
-4.83067
-4.85826
-4.88495
-4.9054
-4.92088
-4.93167
-4.93563
-4.93189
-4.92205
-4.91071
-4.89726
-4.88429
-4.87587
-4.86773
-4.86054
-4.85401
-4.84964
-4.85021
-4.85542
-4.86492
-4.87832
-4.8951
-4.91347
-4.93396
-4.95714
-4.97945
-5.00021
-5.01659
-5.02756
-5.03059
-5.02693
-5.01585
-4.99746
-4.97696
-4.95516
-4.93838
-4.9271
-4.92256
-4.92551
-4.93331
-4.94161
-4.9491
-4.95209
-4.95058
-4.94554
-4.9421
-4.94054
-4.94266
-4.94804
-4.95479
-4.95978
-4.96084
-4.95674
-4.94601
-4.93093
-4.91003
-4.88531
-4.85814
-4.82817
-4.8009
-4.78161
-4.76708
-4.75765
-4.75296
-4.74791
-4.74433
-4.74378
-4.74613
-4.75578
-4.7717
-4.79336
-4.82086
-4.85301
-4.89163
-4.92896
-4.96445
-4.99498
-5.02183
-5.04279
-5.05959
-5.07166
-5.07924
-5.08272
-5.08108
-5.07216
-5.05599
-5.03081
-4.99718
-4.95618
-4.91336
-4.87367
-4.84432
-4.82963
-4.83379
-4.8517
-4.87798
-4.90905
-4.93859
-4.96612
-4.9896
-5.00723
-5.01897
-5.02598
-5.03054
-5.03352
-5.03282
-5.02929
-5.02139
-5.01081
-4.99788
-4.98525
-4.97591
-4.97235
-4.97716
-4.98894
-5.00783
-5.02919
-5.049
-5.06378
-5.07301
-5.07401
-5.07095
-5.06318
-5.05245
-5.04143
-5.03154
-5.02501
-5.02444
-5.02904
-5.03547
-5.03835
-5.03276
-5.02116
-5.00463
-4.98863
-4.97634
-4.97188
-4.97396
-4.97828
-4.98004
-4.98063
-4.97873
-4.97278
-4.96125
-4.94643
-4.92644
-4.90363
-4.88058
-4.86148
-4.84849
-4.84169
-4.84201
-4.8503
-4.86634
-4.89034
-4.92081
-4.95509
-4.98867
-5.01727
-5.0358
-5.04304
-5.03795
-5.02403
-5.00676
-4.99332
-4.9868
-4.98063
-4.97196
-4.95781
-4.94487
-4.93807
-4.93855
-4.94768
-4.96294
-4.98106
-4.99856
-5.01017
-5.01682
-5.01577
-5.00942
-5.00065
-4.99016
-4.98093
-4.97417
-4.97013
-4.96928
-4.97283
-4.97967
-4.98934
-4.99846
-5.00406
-5.00421
-5.00021
-4.99171
-4.97861
-4.96112
-4.94016
-4.91724
-4.89752
-4.87935
-4.86613
-4.85634
-4.84957
-4.84254
-4.83679
-4.83275
-4.83222
-4.83537
-4.84485
-4.86104
-4.88527
-4.91212
-4.93946
-4.96394
-4.98321
-4.99497
-5.00137
-5.00353
-5.00262
-4.99979
-4.99355
-4.98307
-4.97
-4.95684
-4.94526
-4.93878
-4.93439
-4.93182
-4.9295
-4.92713
-4.92771
-4.93048
-4.93808
-4.95232
-4.96797
-4.98317
-4.99293
-4.99682
-4.9939
-4.98695
-4.97782
-4.9696
-4.96327
-4.96286
-4.96641
-4.97329
-4.98049
-4.98749
-4.99007
-4.98749
-4.98115
-4.96806
-4.94952
-4.928
-4.90679
-4.88736
-4.87377
-4.86689
-4.86675
-4.87522
-4.89078
-4.90819
-4.92041
-4.92222
-4.91323
-4.89638
-4.87776
-4.86106
-4.84957
-4.84067
-4.83693
-4.83677
-4.83778
-4.84114
-4.85071
-4.86645
-4.88646
-4.90915
-4.93079
-4.94938
-4.96185
-4.966
-4.96491
-4.95765
-4.94867
-4.93785
-4.92988
-4.92353
-4.91715
-4.91248
-4.90768
-4.90335
-4.90356
-4.90625
-4.9125
-4.92282
-4.93668
-4.94808
-4.95553
-4.9558
-4.94891
-4.93547
-4.91586
-4.89519
-4.87523
-4.86387
-4.86399
-4.88163
-4.91598
-4.95898
-4.99841
-5.02742
-5.04151
-5.04001
-5.0266
-4.99861
-4.96153
-4.91802
-4.87332
-4.8339
-4.81203
-4.81431
-4.83536
-4.86539
-4.89509
-4.92033
-4.93907
-4.95113
-4.95423
-4.95051
-4.94103
-4.92779
-4.91466
-4.90712
-4.91038
-4.92238
-4.94532
-4.97193
-4.99737
-5.01545
-5.02137
-5.01975
-5.0174
-5.0155
-5.0097
-4.99796
-4.97837
-4.95508
-4.93126
-4.90605
-4.87405
-4.83555
-4.79462
-4.75946
-4.73918
-4.74259
-4.77371
-4.82191
-4.87893
-4.93659
-4.98801
-5.02953
-5.05892
-5.08054
-5.09193
-5.09519
-5.09197
-5.08456
-5.0729
-5.05843
-5.04252
-5.02627
-5.00899
-4.99179
-4.97627
-4.96147
-4.94789
-4.93544
-4.92906
-4.93489
-4.96096
-5.00008
-5.04031
-5.07384
-5.09453
