1.8
1.77812
1.7489
1.71913
1.69512
1.68081
1.67634
1.67873
1.68386
1.68813
1.68921
1.68593
1.67776
1.66423
1.64507
1.62083
1.59357
1.56722
1.5472
1.53907
1.54633
1.56862
1.60189
1.63997
1.67675
1.7076
1.7299
1.7429
1.74765
1.74684
1.74442
1.74456
1.7501
1.76116
1.77479
1.78617
1.79043
1.78424
1.76677
1.74038
1.71095
1.68657
1.67431
1.67662
1.69065
1.71043
1.72977
1.74401
1.75062
1.74918
1.84662
1.83294
1.81627
1.80009
1.78636
1.77607
1.76967
1.76735
1.7687
1.77214
1.77516
1.77543
1.7719
1.76521
1.75701
1.74873
1.74124
1.73519
1.73089
1.72775
1.72413
1.71834
1.70969
1.699
1.68816
1.67929
1.6739
1.67219
1.67317
1.67529
1.67744
1.67959
1.68318
1.69068
1.70475
1.72665
1.75496
1.78592
1.81514
1.83909
1.85592
1.86555
1.8694
1.86994
1.86965
1.87002
1.87041
1.8681
1.8592
1.84013
1.84263
1.80184
1.75268
1.70289
1.65764
1.62003
1.591
1.57007
1.55633
1.54909
1.54814
1.55364
1.56568
1.58397
1.60748
1.63433
1.66207
1.68816
1.71042
1.72726
1.73759
1.74095
1.73766
1.72903
1.71724
1.70469
1.69324
1.68361
1.67547
1.66828
1.66221
1.65844
1.65855
1.66362
1.67357
1.68742
1.70405
1.72287
1.74366
1.76593
1.7884
1.809
1.82553
1.83605
1.83938
1.83497
1.82313
1.8052
1.78379
1.7626
1.847
1.83585
1.83161
1.8344
1.8419
1.8508
1.85769
1.86022
1.85811
1.85323
1.84858
1.84687
1.84943
1.85572
1.86353
1.86972
1.87139
1.86698
1.85641
1.84042
1.81983
1.79526
1.76764
1.73888
1.71206
1.69035
1.67522
1.66563
1.65913
1.65393
1.65005
1.64905
1.65276
1.66226
1.67788
1.69969
1.72763
1.761
1.7978
1.83529
1.87077
1.90221
1.92846
1.94942
1.96576
1.97813
1.98647
1.99011
1.98816
1.97985
1.94537
1.92149
1.88816
1.84777
1.80435
1.76436
1.73501
1.72168
1.7257
1.74405
1.77139
1.80246
1.83321
1.86089
1.88376
1.90109
1.91313
1.92075
1.925
1.92663
1.92578
1.92209
1.9151
1.90482
1.89235
1.87988
1.87038
1.86668
1.87057
1.8822
1.89989
1.92049
1.94014
1.95537
1.96415
1.96621
1.96255
1.95462
1.94405
1.93273
1.923
1.91722
1.9168
1.92094
1.92646
1.92889
1.92451
1.9123
1.89502
1.87812
1.78055
1.77561
1.77648
1.78004
1.78316
1.7839
1.78124
1.77454
1.76331
1.74743
1.7276
1.70554
1.68385
1.66521
1.65176
1.64482
1.64514
1.65328
1.66962
1.69392
1.72469
1.75897
1.79254
1.82069
1.83921
1.84554
1.83986
1.82579
1.80973
1.7975
1.79022
1.78419
1.77523
1.76274
1.75041
1.74331
1.74455
1.75398
1.76923
1.78704
1.80395
1.81676
1.82326
1.82281
1.81662
1.8071
1.79691
1.78798
1.78137
1.77778
1.81354
1.8167
1.82384
1.83305
1.84142
1.84641
1.84686
1.84271
1.83406
1.82096
1.80362
1.78312
1.7614
1.74078
1.72322
1.70969
1.6999
1.69268
1.68671
1.6814
1.67737
1.67623
1.68
1.69023
1.70747
1.7308
1.7578
1.78514
1.80947
1.82828
1.84049
1.84659
1.8483
1.84739
1.84441
1.83832
1.82799
1.81416
1.79995
1.78867
1.78159
1.77765
1.77524
1.77322
1.77145
1.77097
1.77389
1.78209
1.79543
1.81123
1.84511
1.85351
1.85664
1.85402
1.84693
1.83764
1.82897
1.82355
1.82283
1.82669
1.83372
1.84182
1.84867
1.85216
1.85064
1.84323
1.82999
1.81191
1.79084
1.76933
1.7502
1.73586
1.72808
1.72839
1.73761
1.75377
1.77118
1.78295
1.78475
1.77637
1.76088
1.74287
1.72662
1.71468
1.70744
1.70385
1.70278
1.70395
1.70821
1.71718
1.73201
1.75202
1.77456
1.79605
1.81342
1.82484
1.82959
1.8279
1.82094
1.81106
1.81348
1.80464
1.79768
1.79222
1.78724
1.78274
1.77962
1.77907
1.78206
1.78908
1.79969
1.81219
1.82374
1.83119
1.83207
1.82532
1.81144
1.79228
1.77086
1.75135
1.73924
1.74057
1.75912
1.79301
1.83449
1.87362
1.90247
1.91702
1.91642
1.90165
1.87457
1.83764
1.79414
1.74898
1.71018
1.68816
1.68953
1.71072
1.7412
1.77166
1.79735
1.81639
1.82784
1.83125
1.82707
1.81684
1.80346
1.79094
1.78369
1.78545
1.79805
1.82039
1.84804
1.87408
1.89171
1.89809
1.89662
1.89382
1.89206
1.88733
1.87528
1.856
1.83255
1.80723
1.77959
1.74745
1.70955
1.66862
1.63272
1.61304
1.61811
1.64863
1.69773
1.7555
1.813
1.86397
1.90504
1.93533
1.9556
1.96713
1.97115
1.96869
1.96083
1.94887
1.9341
1.91758
1.90012
1.88254
1.86579
1.85057
1.83653
1.82264
1.80959
1.80261
1.81011
1.83603
1.87469
1.91507
1.94813
1.96913
