-6.51624
-6.53327
-6.55511
-6.57539
-6.59659
-6.61198
-6.62028
-6.62171
-6.61991
-6.60954
-6.59952
-6.58666
-6.57753
-6.57143
-6.57402
-6.58407
-6.60045
-6.62205
-6.64918
-6.68078
-6.71188
-6.74106
-6.76587
-6.78737
-6.7982
-6.79318
-6.77962
-6.75616
-6.72994
-6.70031
-6.66943
-6.64319
-6.61814
-6.59705
-6.58126
-6.57657
-6.58037
-6.59573
-6.61883
-6.65116
-6.68643
-6.72331
-6.75927
-6.791
-6.81458
-6.82831
-6.83286
-6.82384
-6.80934
-6.78784
-6.76288
-6.73017
-6.69539
-6.65734
-6.61972
-6.58832
-6.56122
-6.54125
-6.52995
-6.52723
-6.53475
-6.54838
-6.57326
-6.59956
-6.62641
-6.65376
-6.67716
-6.69468
-6.70757
-6.71274
-6.71572
-6.71278
-6.70649
-6.69498
-6.68253
-6.66872
-6.65642
-6.64755
-6.64047
-6.63883
-6.63775
-6.64032
-6.64368
-6.64251
-6.63774
-6.62807
-6.61205
-6.58881
-6.56445
-6.53904
-6.51782
-6.50894
-6.51296
-6.52892
-6.55335
-6.58202
-6.61534
-6.65232
-6.69009
-6.72541
-6.75589
-6.77994
-6.7959
-6.80301
-6.80235
-6.79381
-6.78003
-6.76703
-6.75848
-6.75208
-6.75212
-6.75592
-6.76197
-6.76893
-6.77496
-6.77803
-6.77582
-6.76692
-6.75062
-6.72936
-6.70716
-6.68781
-6.67195
-6.6614
-6.6563
-6.65178
-6.6516
-6.64843
-6.64567
-6.64639
-6.64937
-6.6519
-6.65771
-6.66161
-6.66395
-6.65953
-6.64626
-6.62751
-6.60125
-6.57313
-6.54473
-6.5174
-6.4965
-6.48586
-6.48253
-6.49061
-6.50924
-6.53728
-6.57474
-6.61157
-6.64519
-6.67118
-6.69054
-6.6993
-6.69937
-6.69162
-6.67823
-6.66795
-6.65855
-6.65425
-6.65771
-6.66661
-6.67947
-6.69002
-6.69908
-6.70396
-6.70432
-6.70037
-6.69307
-6.68187
-6.6742
-6.67083
-6.66992
-6.67726
-6.68663
-6.7005
-6.71469
-6.7258
-6.73602
-6.73825
-6.73576
-6.73108
-6.72242
-6.70927
-6.69566
-6.67661
-6.66
-6.64623
-6.63482
-6.62832
-6.62524
-6.62296
-6.62186
-6.62253
-6.62424
-6.62991
-6.63757
-6.64803
-6.6614
-6.66938
-6.67647
-6.6823
-6.67935
-6.67043
-6.6604
-6.64461
-6.63102
-6.62054
-6.61219
-6.60734
-6.60894
-6.61573
-6.63033
-6.65275
-6.67679
-6.69474
-6.7082
-6.71009
-6.70494
-6.6882
-6.6701
-6.65096
-6.63343
-6.61804
-6.60693
-6.59889
-6.59691
-6.59081
-6.58885
-6.58625
-6.58609
-6.5935
-6.6043
-6.61968
-6.63563
-6.64868
-6.65758
-6.66787
-6.67607
-6.68038
-6.68748
-6.69453
-6.70265
-6.70986
-6.71151
-6.70897
-6.70156
-6.68696
-6.67264
-6.65944
-6.6527
-6.65029
-6.65612
-6.66908
-6.68599
-6.70665
-6.72496
-6.73995
-6.75225
-6.75676
-6.75956
-6.75515
-6.74927
-6.73622
-6.71983
-6.70228
-6.67783
-6.65676
-6.63765
-6.6254
-6.62027
-6.62139
-6.62975
-6.64095
-6.65395
-6.66859
-6.68424
-6.69961
-6.70746
-6.71282
-6.71612
-6.71193
-6.70029
-6.68277
-6.65762
-6.62859
-6.60079
-6.57232
-6.54922
-6.5359
-6.52802
-6.52596
-6.53093
-6.53556
-6.54644
-6.56122
-6.5823
-6.60625
-6.6338
-6.66242
-6.69232
-6.71942
-6.74409
-6.76696
-6.78755
-6.80096
-6.80767
-6.80668
-6.79929
-6.78792
-6.77345
-6.75456
-6.73106
-6.70466
-6.67593
-6.64605
-6.61964
-6.59695
-6.58284
-6.58034
-6.58465
-6.60238
-6.62683
-6.65313
-6.68208
-6.70645
-6.72359
-6.72954
-6.72366
-6.70781
-6.68196
-6.65024
-6.61422
-6.57823
-6.54625
-6.52058
-6.50753
-6.50579
-6.5244
-6.55173
-6.58877
-6.62612
-6.66202
-6.69675
-6.72797
-6.74902
-6.76503
-6.77167
-6.76978
-6.76308
-6.75029
-6.73103
-6.71112
-6.68959
-6.66778
-6.64938
-6.63458
-6.62648
-6.62337
-6.62901
-6.64272
-6.66081
-6.67811
-6.69217
-6.69856
-6.69687
-6.68901
-6.67725
-6.66412
-6.64822
-6.63356
-6.62166
-6.61339
-6.61036
-6.61359
-6.62715
-6.64543
-6.66515
-6.68787
-6.70512
-6.71907
-6.73006
-6.73657
-6.74211
-6.74723
-6.75136
-6.75014
-6.74702
-6.7375
-6.72979
-6.7242
-6.71831
-6.71195
-6.70586
-6.69683
-6.6816
-6.66398
-6.64407
-6.62311
-6.60802
-6.59784
-6.59793
-6.6044
-6.61499
-6.62904
-6.64069
-6.64724
-6.65209
-6.64859
-6.6445
-6.63387
-6.62184
-6.61034
-6.60082
-6.59597
-6.59727
-6.60526
-6.62095
-6.64434
-6.66631
-6.68916
-6.70708
-6.72338
-6.73254
-6.73471
-6.72614
-6.71125
-6.6917
-6.67041
-6.65401
-6.64403
-6.6397
-6.63653
-6.63645
-6.63349
-6.62416
-6.61358
-6.60391
-6.59739
-6.59529
-6.60222
-6.61713
-6.64621
-6.6828
-6.72117
-6.76049
-6.79239
-6.81667
-6.83006
-6.83429
-6.82526
-6.81133
-6.78868
-6.76366
-6.73717
-6.71333
-6.69354
-6.67608
-6.65869
-6.64251
-6.63046
-6.62053
-6.61533
-6.61452
-6.61612
-6.62197
-6.62597
-6.6316
-6.63214
-6.63426
-6.63983
-6.64724
-6.6562
-6.66582
-6.67142
-6.67547
-6.67632
-6.67668
-6.67398
-6.66571
-6.65602
-6.6444
-6.62977
-6.61679
-6.60808
-6.6032
-6.60489
-6.61112
-6.62594
-6.64822
-6.67494
-6.70078
-6.72786
-6.74985
-6.76433
-6.76584
-6.75873
-6.74475
-6.72299
-6.69966
-6.67336
-6.65049
-6.62835
-6.60892
-6.59115
-6.57333
-6.55563
-6.53995
-6.52802
-6.51845
-6.51428
-6.51296
-6.51403
-6.5182
-6.52563
-6.53734
-6.55892
-6.59052
-6.62783
-6.66887
-6.70539
-6.73607
-6.75531
-6.75485
-6.74487
-6.72322
-6.69699
-6.67845
-6.66449
-6.65773
-6.65443
-6.65475
-6.65711
-6.65806
-6.66339
-6.67182
-6.68601
-6.70411
-6.72449
-6.74944
-6.77315
-6.79403
-6.80863
-6.82208
-6.82791
-6.82425
-6.81595
-6.79682
-6.76977
-6.73499
-6.69532
-6.65137
-6.60891
-6.5713
-6.54469
-6.5364
-6.53893
-6.55338
-6.57705
-6.60457
-6.63075
-6.65099
-6.66624
-6.67082
-6.67228
-6.66851
-6.66066
-6.65507
-6.64886
-6.64586
-6.64149
-6.63823
-6.63045
-6.62183
-6.60989
-6.59704
-6.58236
-6.57388
-6.56962
-6.57278
-6.58436
-6.6068
-6.63107
-6.65623
-6.68166
-6.70488
-6.72262
-6.73783
-6.75016
-6.75937
-6.7681
-6.77451
-6.77542
-6.77515
-6.76936
-6.76124
-6.74475
-6.72315
-6.70115
-6.67504
-6.64638
-6.62027
-6.59881
-6.58299
-6.57306
-6.57101
-6.57007
-6.57264
-6.57628
-6.58188
-6.58426
-6.58623
-6.58749
-6.59209
-6.59918
-6.61029
-6.62402
-6.64126
-6.6622
-6.68028
-6.69765
-6.71553
-6.73012
-6.73742
-6.74071
-6.73462
-6.72631
-6.70966
-6.69115
-6.66715
-6.64439
-6.62525
-6.61247
-6.60388
-6.60559
-6.61096
-6.62176
-6.63919
-6.65596
-6.6728
-6.68598
-6.6962
-6.70587
-6.71004
-6.70941
-6.70207
-6.68967
-6.67381
-6.65407
-6.63299
-6.61501
-6.59897
-6.5901
-6.58888
-6.5966
-6.61182
-6.63243
-6.65288
-6.67553
-6.69721
-6.71365
-6.72056
-6.71945
-6.70968
-6.69746
-6.68284
-6.66877
-6.65817
-6.6527
-6.65332
-6.65819
-6.66502
-6.66884
-6.67172
-6.66929
-6.66419
-6.65697
-6.64839
-6.64436
-6.64617
-6.6533
-6.66798
-6.68555
-6.70914
-6.73317
-6.75592
-6.77869
-6.79085
-6.79082
-6.77839
-6.75488
-6.71646
-6.67296
-6.63139
-6.59118
-6.55764
-6.53355
-6.51818
-6.50637
-6.50418
-6.50597
-6.5185
-6.53692
-6.56851
-6.60541
-6.64744
-6.68863
-6.72924
-6.76345
-6.79322
-6.81253
-6.8267
-6.83417
-6.83121
-6.82318
-6.80371
-6.77462
-6.73853
-6.70076
-6.66759
-6.64286
-6.63234
-6.63511
-6.64935
-6.66805
-6.68807
-6.70488
-6.71497
-6.71514
-6.70703
-6.69577
-6.68186
-6.6699
-6.65684
-6.64349
-6.62904
-6.61772
-6.61561
-6.61841
-6.62573
-6.6357
-6.64697
-6.65755
-6.66574
-6.67078
-6.67277
-6.67209
-6.67155
-6.67801
-6.68662
-6.69914
-6.71229
-6.72004
-6.72262
-6.72422
-6.72219
-6.71618
-6.71382
-6.71515
-6.71792
-6.71989
-6.71841
-6.71512
-6.7096
-6.70304
-6.69263
-6.68142
-6.67313
-6.66261
-6.65354
-6.64841
-6.64753
-6.65014
-6.65052
-6.64869
-6.6441
-6.62954
-6.61226
-6.59612
-6.58247
-6.57425
-6.57097
-6.57415
-6.58484
-6.6005
-6.61925
-6.63937
-6.65192
-6.65781
-6.65557
-6.64903
-6.63709
-6.62897
-6.62257
-6.62134
-6.62944
-6.6435
-6.66028
-6.68159
-6.69859
-6.7142
-6.72301
-6.73137
-6.73412
-6.72915
-6.72104
-6.70787
-6.69265
-6.67871
-6.66171
-6.64536
-6.63272
-6.61867
-6.60784
-6.59644
-6.58766
-6.58562
-6.59301
-6.60739
-6.6276
-6.6507
-6.67339
-6.69667
-6.71217
-6.72523
-6.73537
-6.7399
-6.73818
-6.73199
-6.72091
-6.70948
-6.69735
-6.6905
-6.68661
-6.68646
-6.68292
-6.68127
-6.67994
-6.68049
-6.68163
-6.68697
-6.69254
-6.6991
-6.70151
-6.70345
-6.69872
-6.6925
-6.68118
-6.66838
-6.65378
-6.63643
-6.61664
-6.60059
-6.58658
-6.57446
-6.56688
-6.5618
-6.56028
-6.56171
-6.56387
-6.56332
-6.56417
-6.57122
-6.57995
-6.59264
-6.61104
-6.6298
-6.6519
-6.67572
-6.69927
-6.7226
-6.74324
-6.76148
-6.77383
-6.77839
-6.78084
-6.77704
-6.76779
-6.75864
-6.74497
-6.72653
-6.70736
-6.69016
-6.67112
-6.65888
-6.65097
-6.65025
-6.64933
-6.65116
-6.65588
-6.66191
-6.66527
-6.66715
-6.66103
-6.65268
-6.64259
-6.63455
-6.63175
-6.63356
-6.64483
-6.65443
-6.6627
-6.66855
-6.67102
-6.66903
-6.66739
-6.66407
-6.66419
-6.66699
-6.67138
-6.67965
-6.6887
-6.70003
-6.70895
-6.7131
-6.71072
-6.70264
-6.68695
-6.67137
-6.65329
-6.63962
-6.62972
-6.62236
-6.61728
-6.61251
-6.60852
-6.60671
-6.60871
-6.61489
-6.62248
-6.6325
-6.64873
-6.66378
-6.68038
-6.69835
-6.71362
-6.72684
-6.73667
-6.74068
-6.73944
-6.73111
-6.7139
-6.69233
-6.66221
-6.63117
-6.5987
-6.57377
-6.55185
-6.53614
-6.53158
-6.53542
-6.54839
-6.57138
-6.59605
-6.62089
-6.6453
-6.66717
-6.68396
-6.70034
-6.71225
-6.72494
-6.733
-6.73644
-6.73154
-6.72023
-6.70504
-6.68447
-6.66528
-6.64684
-6.63507
-6.6297
-6.6285
-6.6314
-6.63719
-6.64428
-6.64637
-6.647
-6.64711
-6.64689
-6.64609
-6.64375
-6.64148
-6.638
-6.63632
-6.63269
-6.62905
-6.62681
-6.6229
-6.62195
-6.62024
-6.6206
-6.62321
-6.62756
-6.63372
-6.64022
-6.6491
-6.65908
-6.66785
-6.67757
-6.68416
-6.68748
-6.687
-6.68221
-6.67669
-6.66725
-6.65531
-6.64086
-6.62758
-6.6153
-6.61075
-6.6108
-6.6219
-6.63744
-6.65472
-6.67198
-6.68494
-6.69213
-6.69206
-6.68512
-6.67286
-6.6595
-6.64663
-6.63472
-6.6285
-6.63018
-6.63556
-6.64632
-6.65925
-6.67332
-6.68648
-6.69947
-6.71115
-6.71751
-6.72007
-6.72302
-6.72453
-6.72295
-6.71973
-6.71836
-6.71409
-6.70922
-6.70265
-6.69179
-6.67697
-6.66076
-6.63811
-6.61616
-6.59232
-6.5732
-6.55647
-6.55013
-6.55266
-6.56387
-6.58504
-6.61288
-6.64762
-6.685
-6.71725
-6.74892
-6.77381
-6.78737
-6.79119
-6.78251
-6.76503
-6.7428
-6.72082
-6.69798
-6.68075
-6.66224
-6.64152
-6.62095
-6.60474
-6.59524
-6.6016
-6.61494
-6.6333
-6.65011
-6.65914
-6.66187
-6.65453
-6.64023
-6.62293
-6.60855
-6.59452
-6.58872
-6.5865
-6.59419
-6.61135
-6.63722
-6.66853
-6.70685
-6.74799
-6.78454
-6.81931
-6.84561
-6.86433
-6.87299
-6.87112
-6.86016
-6.83568
-6.80533
-6.77046
-6.73426
-6.70024
-6.6731
-6.65447
-6.64437
-6.64122
-6.63838
-6.63577
-6.62883
-6.6184
-6.60722
-6.58965
-6.57146
-6.55458
-6.53447
-6.51717
-6.5023
-6.49167
-6.48641
-6.48778
-6.49553
-6.50649
-6.52297
-6.53912
-6.55854
-6.58258
-6.61118
-6.63957
-6.67083
-6.70197
-6.72447
-6.74232
-6.74994
-6.75306
-6.74989
-6.7467
-6.73856
-6.7242
-6.70316
-6.67563
-6.65056
-6.62594
-6.60542
-6.59162
-6.58462
-6.58487
-6.59212
-6.60721
-6.62757
-6.65678
-6.68781
-6.72158
-6.75521
-6.7805
-6.7995
-6.80894
-6.80658
-6.79492
-6.77239
-6.74387
-6.71437
-6.68616
-6.65964
-6.64217
-6.63392
-6.63255
-6.63912
-6.65294
-6.6711
-6.69133
-6.71317
-6.73011
-6.74401
-6.75315
-6.75249
-6.74223
-6.72195
-6.69072
-6.65559
-6.62135
-6.58931
-6.56979
-6.55439
-6.54838
-6.54906
-6.55282
-6.55516
-6.55467
-6.55151
-6.54478
-6.53852
-6.53369
-6.53145
-6.5301
-6.53355
-6.54181
-6.55264
-6.56802
-6.58987
-6.61744
-6.64863
-6.68203
-6.71336
-6.73889
-6.75525
-6.75958
-6.75621
-6.74684
-6.73151
-6.71396
-6.7008
-6.69084
-6.68334
-6.68206
-6.68198
-6.68804
-6.69295
-6.70517
-6.72293
-6.74307
-6.76505
-6.78654
-6.80382
-6.81551
-6.81727
-6.81765
-6.80695
-6.79305
-6.77483
-6.75552
-6.73271
-6.70825
-6.68291
-6.66021
-6.64114
-6.63072
-6.62853
-6.63212
-6.63778
-6.64137
-6.64585
-6.64345
-6.63341
-6.62346
-6.6118
-6.60085
-6.58619
-6.5742
-6.56388
-6.55635
-6.54895
-6.54168
-6.53947
-6.53702
-6.53907
-6.54618
-6.55595
-6.56995
-6.58745
-6.60909
-6.63038
-6.64512
-6.6566
-6.66057
-6.6609
-6.65445
-6.64902
-6.64352
-6.63962
-6.6388
-6.63872
-6.63725
-6.63965
-6.64072
-6.6418
-6.64985
-6.66123
-6.67893
-6.69824
-6.71985
-6.74157
-6.7588
-6.76989
-6.77144
-6.76342
-6.74674
-6.72711
-6.70599
-6.68496
-6.67025
-6.66063
-6.65782
-6.66037
-6.6695
-6.68088
-6.68978
-6.69881
-6.70281
-6.70321
-6.69716
-6.68489
-6.66441
-6.64836
-6.63408
-6.62674
-6.62678
-6.63569
-6.6466
-6.65738
-6.66461
-6.67038
-6.66996
-6.66946
-6.66512
-6.66181
-6.66243
-6.66627
-6.67379
-6.68553
-6.68894
-6.68829
-6.6838
-6.67059
-6.65391
-6.6309
-6.61344
-6.59296
-6.57449
-6.55999
-6.55209
-6.55555
-6.56892
-6.59479
-6.62924
-6.67332
-6.72212
-6.76512
-6.80209
-6.82813
-6.84099
-6.83382
-6.81437
-6.78447
-6.74681
-6.70576
-6.66755
-6.63697
-6.61327
-6.59987
-6.59327
-6.59293
-6.59906
-6.60674
-6.61265
-6.61588
-6.61585
-6.61408
-6.61376
-6.61417
-6.62048
-6.63458
-6.65033
-6.6699
-6.68995
-6.70688
-6.72076
-6.73001
-6.73643
-6.74047
-6.74225
-6.74368
-6.74528
-6.74128
-6.73643
-6.7281
-6.71903
-6.70782
-6.69431
-6.681
-6.67596
-6.67365
-6.67939
-6.68263
-6.68369
-6.68183
-6.67394
-6.66116
-6.64521
-6.62606
-6.6023
-6.57693
-6.55387
-6.53447
-6.52048
-6.51428
-6.51188
-6.51298
-6.51292
-6.51774
-6.52022
-6.52566
-6.53736
-6.55253
-6.57287
-6.59847
-6.62727
-6.65498
-6.67994
-6.69756
-6.71035
-6.72082
-6.73015
-6.73813
-6.74634
-6.75457
-6.7601
-6.76352
-6.75801
-6.74976
-6.73657
-6.71938
-6.71019
-6.70656
-6.70926
-6.72058
-6.7326
-6.74466
-6.75491
-6.76047
-6.76167
-6.75449
-6.74442
-6.72889
-6.70792
-6.68387
-6.65881
-6.63397
-6.61175
-6.59205
-6.57762
-6.57186
-6.569
-6.57049
-6.57504
-6.58267
-6.59426
-6.61567
-6.64002
-6.66883
-6.69965
-6.73064
-6.75478
-6.77272
-6.78044
-6.77813
-6.76729
-6.75011
-6.72177
-6.68764
-6.6554
-6.61628
-6.58271
-6.55727
-6.53494
-6.52346
-6.51973
-6.52149
-6.52925
-6.5424
-6.55635
-6.57301
-6.59017
-6.60699
-6.62237
-6.63746
-6.64776
-6.65866
-6.67128
-6.683
-6.69541
-6.71008
-6.7257
-6.74234
-6.7593
-6.77279
-6.78381
-6.78987
-6.79394
-6.79282
-6.78749
-6.78009
-6.77109
-6.75634
-6.73564
-6.71127
-6.68259
-6.65527
-6.62834
-6.60676
-6.59188
-6.58503
-6.58476
-6.59362
-6.60804
-6.62338
-6.63574
-6.64443
-6.64657
-6.64268
-6.63401
-6.62458
-6.61926
-6.61698
-6.62191
-6.63268
-6.64973
-6.66272
-6.67934
-6.69369
-6.70394
-6.70995
-6.7062
-6.69504
-6.68131
-6.66379
-6.64407
-6.62634
-6.61211
-6.60057
-6.59768
-6.59953
-6.60337
-6.61326
-6.62761
-6.64102
-6.65281
-6.66002
-6.66792
-6.67114
-6.6735
-6.67304
-6.67377
-6.67625
-6.6785
-6.68175
-6.68195
-6.67897
-6.66968
-6.65771
-6.6478
-6.63963
-6.63555
-6.63743
-6.6475
-6.66689
-6.6877
-6.70925
-6.72858
-6.74053
-6.74541
-6.74243
-6.73848
-6.73629
-6.73614
-6.739
-6.74782
-6.75521
-6.7549
-6.75068
-6.73782
-6.7187
-6.69775
-6.67984
-6.66327
-6.6548
-6.65533
-6.66233
-6.6722
-6.68103
-6.68472
-6.68224
-6.67071
-6.65437
-6.63538
-6.61588
-6.60138
-6.59291
-6.5904
-6.58509
-6.57681
-6.56648
-6.55272
-6.54451
-6.53803
-6.53393
-6.53693
-6.55247
-6.57711
-6.61235
-6.65211
-6.69264
-6.72909
-6.76078
-6.78686
-6.80303
-6.80816
-6.80503
-6.79381
-6.7738
-6.75105
-6.72325
-6.69546
-6.66844
-6.64443
-6.62601
-6.6062
-6.5899
-6.57625
-6.56025
-6.55153
-6.55023
-6.55372
-6.56341
-6.58083
-6.60549
-6.63308
-6.66253
-6.69304
-6.72621
-6.76033
-6.79509
-6.82355
-6.84051
-6.84745
-6.84054
-6.81891
-6.7876
-6.74393
-6.70418
-6.66555
-6.63339
-6.60936
-6.5943
-6.58589
-6.58678
-6.59455
-6.60666
-6.62271
-6.64134
-6.66086
-6.67802
-6.69358
-6.7046
-6.71278
-6.71005
-6.70337
-6.69027
-6.67116
-6.64922
-6.62899
-6.61417
-6.60782
-6.61296
-6.6202
-6.63197
-6.64344
-6.65163
-6.65323
-6.64717
-6.63444
-6.61786
-6.60395
-6.59736
-6.5963
-6.60398
-6.61777
-6.63447
-6.6491
-6.65775
-6.66202
-6.65677
-6.64977
-6.63918
-6.63544
-6.63855
-6.6506
-6.67168
-6.69941
-6.73025
-6.75913
-6.78355
-6.79966
-6.80462
-6.79095
-6.76788
-6.73651
-6.70041
-6.66703
-6.64158
-6.6212
-6.61006
-6.60228
-6.60321
-6.60312
-6.61019
-6.62148
-6.63927
-6.66443
-6.69399
-6.72408
-6.75682
-6.77973
-6.79334
-6.79829
-6.79206
-6.77363
-6.74916
-6.71809
-6.68434
-6.65133
-6.62451
-6.60832
-6.60481
-6.60914
-6.61609
-6.6218
-6.62192
-6.61771
-6.60987
-6.6033
-6.59881
-6.59964
-6.60942
-6.62628
-6.64324
-6.65964
-6.67056
-6.67041
-6.65906
-6.64133
-6.62196
-6.60808
-6.6025
-6.60998
-6.62837
-6.65125
-6.67363
-6.69097
-6.70485
-6.71379
-6.71274
-6.70605
-6.69038
-6.66392
-6.63349
-6.60281
-6.57487
-6.55784
-6.55379
-6.56429
-6.59159
-6.63837
-6.69349
-6.7532
-6.80769
-6.85148
-6.87538
-6.87539
-6.85607
-6.81882
-6.77623
-6.72905
-6.6803
-6.63886
-6.60417
-6.57469
-6.55429
-6.54503
-6.54409
-6.54991
-6.56702
-6.59348
-6.62589
-6.66064
-6.69459
-6.72009
-6.73742
-6.74491
-6.74228
-6.73364
-6.72058
-6.70768
-6.69635
-6.69023
-6.68212
-6.67569
-6.66814
-6.66335
-6.65973
-6.65887
-6.66199
-6.6691
-6.6792
-6.69297
-6.70593
-6.71772
-6.72632
-6.73196
-6.73456
-6.73657
-6.73354
-6.72736
-6.71642
-6.70254
-6.68793
-6.67139
-6.65188
-6.62827
-6.60207
-6.57968
-6.56158
-6.54923
-6.54801
-6.55582
-6.56912
-6.59151
-6.61793
-6.64317
-6.66861
-6.68611
-6.69891
-6.70219
-6.6989
-6.69446
-6.69081
-6.68748
-6.69171
-6.69862
-6.70834
-6.71342
-6.71279
-6.70876
-6.70094
-6.68651
-6.67153
-6.65797
-6.64827
-6.64975
-6.6574
-6.67393
-6.69388
-6.71114
-6.7254
-6.73114
-6.7282
-6.71683
-6.6977
-6.67145
-6.64354
-6.6164
-6.59049
-6.5693
-6.55557
-6.55387
-6.56127
-6.57712
-6.60308
-6.63006
-6.65904
-6.68668
-6.7122
-6.73691
-6.76054
-6.77842
-6.79168
-6.79436
-6.78586
-6.76348
-6.72624
-6.67965
-6.62805
-6.57774
-6.54271
-6.52599
-6.52983
-6.55182
-6.58596
-6.62273
-6.65403
-6.68027
-6.69519
-6.70089
-6.69956
-6.69185
-6.68137
-6.66746
-6.65584
-6.64604
-6.64338
-6.64242
-6.64523
-6.65209
-6.65659
-6.66031
-6.65837
-6.65256
-6.6423
-6.63158
-6.61858
-6.60586
-6.59867
-6.59435
-6.59648
-6.60083
-6.61151
-6.62911
-6.64784
-6.66776
-6.68611
-6.7019
-6.71483
-6.72701
-6.73384
-6.73713
-6.73859
-6.73333
-6.72868
-6.71987
-6.70639
-6.69411
-6.67885
-6.66781
-6.66048
-6.65948
-6.66256
-6.6714
-6.68539
-6.69744
-6.70929
-6.71757
-6.71945
-6.71242
-6.70312
-6.68631
-6.66708
-6.64596
-6.62334
-6.6023
-6.59046
-6.58356
-6.58547
-6.59564
-6.60763
-6.62454
-6.64011
-6.65219
-6.66409
-6.67576
-6.68181
-6.69227
-6.70554
-6.71509
-6.72536
-6.73316
-6.7355
-6.73142
-6.719
-6.70093
-6.67743
-6.65199
-6.62615
-6.60552
-6.59031
-6.5807
-6.57826
-6.58262
-6.59071
-6.60136
-6.6147
-6.6281
-6.64362
-6.66075
-6.67401
-6.68331
-6.68946
-6.69055
-6.68306
-6.66816
-6.65194
-6.63207
-6.61701
-6.609
-6.60535
-6.60826
-6.61691
-6.63007
-6.64517
-6.66201
-6.67791
-6.69273
-6.70721
-6.72352
-6.73874
-6.75076
-6.76026
-6.76425
-6.76374
-6.75734
-6.74515
-6.72883
-6.71073
-6.6894
-6.66422
-6.63814
-6.61547
-6.59684
-6.58177
-6.57523
-6.57398
-6.57884
-6.58649
-6.59446
-6.60168
-6.60621
-6.61308
-6.61908
-6.62721
-6.63966
-6.65487
-6.67185
-6.68594
-6.69713
-6.70367
-6.70601
-6.7011
-6.68822
-6.67102
-6.65104
-6.63515
-6.62364
-6.61514
-6.61628
-6.62229
-6.63756
-6.65604
-6.67592
-6.70145
-6.72706
-6.74854
-6.76738
-6.78145
-6.78818
-6.78421
-6.77485
-6.75657
-6.72841
-6.69361
-6.65616
-6.61875
-6.58918
-6.56912
-6.55914
-6.56384
-6.58257
-6.61352
-6.64953
-6.68876
-6.72249
-6.74995
-6.76369
-6.76522
-6.75385
-6.73098
-6.69704
-6.65543
-6.61379
-6.5774
-6.55044
-6.53825
-6.53771
-6.54601
-6.55779
-6.57372
-6.59516
-6.61649
-6.63853
-6.66157
-6.68129
-6.69915
-6.71242
-6.71984
-6.72223
-6.71444
-6.70265
-6.68694
-6.66752
-6.65266
-6.63953
-6.63417
-6.63735
-6.64785
-6.66748
-6.68887
-6.70923
-6.72359
-6.73061
-6.73051
-6.72292
-6.71071
-6.69574
-6.6821
-6.66979
-6.65824
-6.65037
-6.64513
-6.64042
-6.6344
-6.62725
-6.61932
-6.61385
-6.61156
-6.60885
-6.61046
-6.61516
-6.61573
-6.61474
-6.61206
-6.6065
-6.60735
-6.61364
-6.62289
-6.64031
-6.65613
-6.67055
-6.68286
-6.69164
-6.69436
-6.69553
-6.69285
-6.69341
-6.69618
-6.70362
-6.71324
-6.72092
-6.73157
-6.73608
-6.7338
-6.72116
-6.69915
-6.67167
-6.63786
-6.61103
-6.59159
-6.58343
-6.59154
-6.60889
-6.63434
-6.66016
-6.68428
-6.70563
-6.7236
-6.73515
-6.74055
-6.73669
-6.72557
-6.71073
-6.68984
-6.67375
-6.66241
-6.65948
-6.65974
-6.66442
-6.67439
-6.68789
-6.70538
-6.7247
-6.73887
-6.74553
-6.74681
-6.74214
-6.73049
-6.71365
-6.69585
-6.67494
-6.65348
-6.6376
-6.6267
-6.61886
-6.61656
-6.61255
-6.61342
-6.61735
-6.6208
-6.62895
-6.63481
-6.6396
-6.6382
-6.63458
-6.62793
-6.61738
-6.6091
-6.60104
-6.59914
-6.60284
-6.61065
-6.62101
-6.63622
-6.65369
-6.67732
-6.69406
-6.70606
-6.71076
-6.70985
-6.69984
-6.68504
-6.66676
-6.65213
-6.6418
-6.63905
-6.63689
-6.63949
-6.64332
-6.64776
-6.65163
-6.65835
-6.66914
-6.68099
-6.69424
-6.7053
-6.71248
-6.71432
-6.71503
-6.71375
-6.71027
-6.70543
-6.69724
-6.6882
-6.67815
-6.66614
-6.65011
-6.636
-6.62796
-6.62995
-6.64387
-6.67022
-6.7036
-6.73921
-6.77137
-6.79616
-6.80704
-6.80911
-6.79722
-6.77628
-6.74413
-6.70872
-6.67258
-6.6376
-6.60803
-6.58948
-6.58116
-6.58304
-6.59251
-6.6041
-6.6163
-6.62825
-6.6383
-6.64067
-6.64002
-6.63663
-6.62829
-6.61686
-6.60641
-6.59528
-6.58821
-6.58347
-6.58525
-6.5923
-6.60254
-6.61475
-6.62658
-6.63727
-6.64607
-6.65471
-6.66457
-6.67424
-6.68546
-6.69689
-6.70928
-6.72267
-6.72991
-6.73316
-6.72675
-6.71569
-6.70161
-6.68427
-6.66649
-6.6511
-6.64285
-6.63675
-6.63514
-6.63776
-6.64139
-6.64868
-6.65848
-6.6724
-6.69278
-6.71819
-6.74549
-6.77072
-6.79117
-6.80025
-6.79798
-6.78951
-6.76925
-6.73984
-6.70336
-6.66997
-6.63768
-6.61214
-6.59806
-6.59227
-6.59142
-6.59587
-6.6072
-6.62313
-6.64153
-6.65664
-6.66906
-6.67327
-6.67198
-6.6634
-6.65436
-6.64636
-6.63961
-6.63725
-6.64068
-6.64557
-6.65499
-6.66118
-6.66144
-6.66209
-6.6591
-6.6589
-6.65916
-6.66169
-6.66975
-6.67935
-6.68667
-6.68997
-6.69136
-6.68634
-6.67782
-6.66222
-6.6442
-6.62291
-6.60296
-6.58384
-6.56694
-6.55645
-6.54776
-6.54889
-6.55729
-6.57127
-6.59268
-6.6184
-6.6455
-6.67398
-6.70152
-6.7221
-6.74127
-6.75405
-6.76289
-6.76494
-6.76448
-6.75991
-6.75174
-6.73995
-6.7277
-6.71543
-6.70308
-6.68978
-6.67818
-6.67174
-6.66816
-6.67176
-6.67706
-6.68906
-6.70359
-6.71585
-6.72529
-6.72942
-6.72665
-6.71969
-6.70472
-6.69042
-6.66729
-6.6398
-6.60942
-6.57764
-6.5543
-6.53799
-6.53444
-6.54011
-6.55744
-6.58004
-6.60148
-6.61595
-6.62825
-6.63468
-6.63856
-6.64469
-6.65203
-6.66379
-6.67515
-6.68631
-6.69859
-6.7105
-6.71918
-6.72881
-6.73567
-6.73893
-6.74035
-6.73391
-6.72488
-6.7101
-6.69738
-6.68388
-6.67394
-6.66389
-6.65681
-6.65277
-6.6489
-6.64634
-6.64601
-6.64708
-6.64922
-6.65345
-6.66136
-6.66919
-6.67563
-6.6832
-6.68954
-6.69295
-6.68996
-6.68661
-6.68135
-6.67501
-6.67152
-6.66664
-6.66371
-6.66108
-6.66473
-6.66948
-6.67549
-6.68159
-6.68654
-6.68675
-6.68122
-6.67128
-6.65385
-6.63606
-6.61161
-6.59068
-6.57576
-6.56956
-6.57528
-6.58844
-6.60958
-6.6323
-6.65487
-6.67711
-6.69511
-6.71163
-6.72228
-6.7311
-6.73674
-6.73852
-6.7389
-6.74223
-6.74458
-6.74882
-6.75412
-6.75757
-6.75524
-6.74839
-6.73612
-6.72053
-6.70221
-6.68486
-6.66897
-6.6549
-6.6423
-6.63266
-6.62169
-6.61099
-6.60498
-6.59835
-6.597
-6.59988
-6.60861
-6.62272
-6.63963
-6.65673
-6.67399
-6.68568
-6.69798
-6.70448
-6.70859
-6.70912
-6.70991
-6.70799
-6.70518
-6.69854
-6.69324
-6.69065
-6.68988
-6.6897
-6.69292
-6.70073
-6.70859
-6.71272
-6.71259
-6.70795
-6.69338
-6.67317
-6.65056
-6.62571
-6.60509
-6.58749
-6.57639
-6.57802
-6.58832
-6.59911
-6.61334
-6.62742
-6.64146
-6.65115
-6.65961
-6.66488
-6.66259
-6.66293
-6.66236
-6.66623
-6.66931
-6.67469
-6.67762
-6.68296
-6.68453
-6.68422
-6.68309
-6.68427
-6.6844
-6.68666
-6.68808
-6.68988
-6.68953
-6.68607
-6.67743
-6.65852
-6.63543
-6.60664
-6.57334
-6.54615
-6.52862
-6.52189
-6.52779
-6.54348
-6.56428
-6.58671
-6.60841
-6.63149
-6.65215
-6.66945
-6.68608
-6.69885
-6.71023
-6.71946
-6.72131
-6.71876
-6.71205
-6.70186
-6.68872
-6.67738
-6.66871
-6.66214
-6.66681
-6.67696
-6.6924
-6.71029
-6.72787
-6.74495
-6.75927
-6.76551
-6.76491
-6.76032
-6.7473
-6.73277
-6.71058
-6.69318
-6.67869
-6.66972
-6.66193
-6.65848
-6.65942
-6.66782
-6.68017
-6.69676
-6.71244
-6.72327
-6.72303
-6.71528
-6.69789
-6.6741
-6.64964
-6.63046
-6.61378
-6.60047
-6.59134
-6.58497
-6.57897
-6.57498
-6.57404
-6.57479
-6.57945
-6.58303
-6.58972
-6.60187
-6.60956
-6.616
-6.62672
-6.63503
-6.6445
-6.65575
-6.66342
-6.66697
-6.66631
-6.66303
-6.65887
-6.65116
-6.64678
-6.6463
-6.65075
-6.65885
-6.67231
-6.68804
-6.70265
-6.71565
-6.73022
-6.74541
-6.7586
-6.77362
-6.78316
-6.78973
-6.78971
-6.77801
-6.75804
-6.73163
-6.70261
-6.67459
-6.64931
-6.62982
-6.61678
-6.60886
-6.6032
-6.5985
-6.59372
-6.59062
-6.58928
-6.58985
-6.59087
-6.5924
-6.59351
-6.59791
-6.60562
-6.61462
-6.62569
-6.6416
-6.65673
-6.66832
-6.67771
-6.68523
-6.68755
-6.68824
-6.69121
-6.69533
-6.69743
-6.70025
-6.70769
-6.71096
-6.71313
-6.71443
-6.71908
-6.72195
-6.72322
-6.71723
-6.70337
-6.68264
-6.65611
-6.62718
-6.59739
-6.57157
-6.55242
-6.54259
-6.54266
-6.55162
-6.5665
-6.5828
-6.6049
-6.62878
-6.65697
-6.6867
-6.71612
-6.74225
-6.76182
-6.77009
-6.766
-6.75432
-6.73289
-6.70535
-6.67637
-6.65065
-6.6275
-6.60802
-6.58875
-6.57459
-6.56188
-6.55366
-6.54878
-6.54935
-6.55688
-6.56731
-6.58182
-6.59407
-6.60929
-6.62183
-6.63537
-6.65197
-6.66596
-6.68039
-6.69303
-6.70579
-6.71881
-6.73453
-6.75102
-6.76672
-6.78171
-6.78992
-6.79448
-6.79639
-6.79308
-6.78395
-6.76981
-6.74724
-6.72508
-6.70149
-6.67956
-6.66608
-6.65462
-6.65006
-6.65003
-6.6502
-6.64753
-6.64119
-6.63482
-6.63193
-6.6305
-6.63092
-6.63514
-6.6417
-6.64765
-6.65195
-6.65467
-6.65372
-6.64788
-6.64127
-6.63131
-6.62273
-6.6161
-6.61458
-6.62171
-6.63253
-6.65289
-6.68115
-6.71239
-6.74437
-6.77538
-6.79406
-6.80048
-6.78946
-6.76349
-6.72581
-6.68286
-6.64091
-6.60768
-6.5918
-6.58853
-6.60259
-6.6248
-6.65672
-6.68953
-6.7246
-6.7499
-6.76686
-6.77352
-6.77066
-6.75872
-6.74065
-6.7167
-6.69079
-6.66615
-6.64133
-6.62001
-6.59827
-6.58102
-6.56582
-6.55393
-6.54507
-6.53738
-6.52796
-6.52477
-6.52398
-6.53061
-6.54328
-6.56879
-6.6022
-6.64089
-6.6832
-6.7252
-6.76219
-6.79044
-6.80676
-6.81195
-6.80489
-6.78357
-6.7574
-6.72651
-6.6949
-6.66746
-6.64628
-6.63435
-6.62678
-6.62392
-6.62434
-6.63022
-6.63306
-6.63658
-6.63744
-6.63573
-6.62956
-6.62218
-6.61401
-6.61068
-6.61175
-6.6155
-6.621
-6.62595
-6.63218
-6.63759
-6.64178
-6.64487
-6.64766
-6.65295
-6.66218
-6.67331
-6.68559
-6.6946
-6.70111
-6.70786
-6.71211
-6.71779
-6.72528
-6.73546
-6.74827
-6.76112
-6.77259
-6.77615
-6.77386
-6.76635
-6.75383
-6.73737
-6.71803
-6.69413
-6.67339
-6.6576
-6.64015
-6.62611
-6.61037
-6.59678
-6.58208
-6.56886
-6.55794
-6.54576
-6.53666
-6.531
-6.52988
-6.53576
-6.54723
-6.56522
-6.58314
-6.60318
-6.62195
-6.63857
-6.65393
-6.66383
-6.66513
-6.66004
-6.65092
-6.6405
-6.6326
-6.63229
-6.63719
-6.64883
-6.66831
-6.6873
-6.70217
-6.71676
-6.7243
-6.73064
-6.73094
-6.72923
-6.73041
-6.73436
-6.74207
-6.75719
-6.77451
-6.78596
-6.79502
-6.79564
-6.78334
-6.76393
-6.73805
-6.70396
-6.66649
-6.62976
-6.5985
-6.57386
-6.55642
-6.54912
-6.5491
-6.55838
-6.5756
-6.59569
-6.61109
-6.62024
-6.62419
-6.62026
-6.61152
-6.59967
-6.5872
-6.58347
-6.589
-6.60383
-6.62593
-6.64764
-6.668
-6.68386
-6.69063
-6.69938
-6.70689
-6.71469
-6.72521
-6.73545
-6.75073
-6.7617
-6.76985
-6.77301
-6.76804
-6.75304
-6.72912
-6.69807
-6.66463
-6.63147
-6.60025
-6.57731
-6.56308
-6.55496
-6.55344
-6.56256
-6.58031
-6.60672
-6.64042
-6.67546
-6.71047
-6.74307
-6.76858
-6.78412
-6.78999
-6.78793
-6.77781
-6.76367
-6.74403
-6.72753
-6.70764
-6.69225
-6.67491
-6.66234
-6.65117
-6.63882
