0.846994
0.837267
0.829015
0.824436
0.825345
0.832171
0.843732
0.857783
0.871833
0.883856
0.892543
0.897338
0.898176
0.895292
0.889046
0.879905
0.868557
0.856081
0.844032
0.834367
0.829173
0.830105
0.837743
0.851237
0.868529
0.887025
0.904255
0.918346
0.928139
0.933229
0.933987
0.931558
0.927684
0.924127
0.921988
0.921207
0.92064
0.918719
0.914189
0.906538
0.896302
0.88504
0.875034
0.868595
0.867235
0.87108
0.878934
0.888824
0.898662
0.90677
0.912211
0.914916
0.915581
0.915361
0.915443
0.916669
0.919271
0.922875
0.926675
0.929665
0.930972
0.930043
0.926812
0.921643
0.915247
0.908408
0.901731
0.895574
0.890094
0.885307
0.881065
0.877125
0.873255
0.869378
0.865585
0.862086
0.85914
0.857068
0.85621
0.856906
0.859324
0.863315
0.868328
0.873529
0.878064
0.88134
0.883197
0.883966
0.884469
0.885918
0.889648
0.896685
0.907334
0.920908
0.9359
0.950439
0.962868
0.972039
0.977431
0.978969
0.976851
0.971411
0.963026
0.952123
0.939183
0.924699
0.909132
0.892935
0.876599
0.860601
0.84543
0.831516
0.819228
0.808886
0.800881
0.795753
0.794247
0.797314
0.805856
0.820228
0.839743
0.862591
0.886247
0.908208
0.926456
0.939737
0.947524
0.949858
0.947158
0.940197
0.930047
0.918031
0.905618
0.894192
0.884687
0.877263
0.871356
0.866101
0.860927
0.855901
0.851659
0.849051
0.848659
0.850554
0.854355
0.859451
0.865258
0.871282
0.877012
0.881906
0.885475
0.887542
0.888423
0.888916
0.890028
0.892619
0.89713
0.903501
0.911379
0.920225
0.929428
0.938323
0.946195
0.952357
0.956191
0.957236
0.955252
0.950327
0.942905
0.933727
0.923699
0.913725
0.904503
0.896486
0.889871
0.884686
0.880818
0.878046
0.87618
0.87514
0.87494
0.875564
0.876744
0.877924
0.878524
0.878181
0.876834
0.874697
0.872148
0.869691
0.867807
0.866757
0.866262
0.865462
0.86318
0.858613
0.85194
0.844473
0.838033
0.833732
0.831148
0.828829
0.825706
0.822218
0.820186
0.82159
0.827537
0.838263
0.85356
0.872477
0.892757
0.911128
0.924555
0.931354
0.93166
0.927236
0.920795
0.914938
0.911158
0.909408
0.908553
0.907252
0.904628
0.900526
0.8953
0.889447
0.883248
0.876725
0.86989
0.863046
0.856961
0.852679
0.851143
0.852884
0.857886
0.865844
0.876496
0.889747
0.905528
0.923356
0.942033
0.959785
0.974601
0.984701
0.988908
0.986708
0.978202
0.964089
0.945721
0.925148
0.904831
0.887066
0.873427
0.864622
0.86046
0.860044
0.862157
0.865778
0.870459
0.876346
0.883828
0.893078
0.903657
0.914524
0.924337
0.931817
0.936075
0.936748
0.934011
0.928493
0.921213
0.913419
0.9064
0.901244
0.898556
0.898274
0.899723
0.901856
0.903595
0.904109
0.902921
0.899945
0.8954
0.889741
0.883672
0.878224
0.874771
0.874727
0.878923
0.887026
0.897517
0.90836
0.917797
0.924724
0.928625
0.929347
0.927062
0.92224
0.915671
0.908275
0.900881
0.893981
0.887707
0.881953
0.876567
0.871529
0.867071
0.863649
0.861885
0.862349
0.865406
0.871063
0.878921
0.888212
0.898013
0.907489
0.916125
0.923806
0.930797
0.937589
0.944665
0.952225
0.95998
0.967181
0.97282
0.976033
0.976343
0.973738
0.96859
0.96144
0.952825
0.943138
0.932614
0.921414
0.909749
0.898023
0.886901
0.877258
0.870018
0.865934
0.865433
0.868526
0.87486
0.883818
0.894615
0.906414
0.91839
0.929773
0.939828
0.9479
0.953478
0.956368
0.956815
0.955496
0.953343
0.95119
0.94935
0.947363
0.944094
0.93825
0.929181
0.91749
0.905156
0.894931
0.889215
0.888965
0.89357
0.901512
0.911237
0.92161
0.931869
0.941463
0.949923
0.956699
0.961178
0.962777
0.961327
0.957532
0.953021
0.94968
0.948652
0.94959
0.950901
0.950668
0.947535
0.941202
0.932491
0.92302
0.914495
0.907884
0.903121
0.899484
0.896346
0.89358
0.891563
0.890941
0.892332
0.896056
0.901869
0.908832
0.915542
0.92059
0.923065
0.922849
0.920556
0.917131
0.913457
0.910004
0.906735
0.903265
0.899085
0.893812
0.887508
0.880891
0.875235
0.871897
0.871633
0.874184
0.878456
0.88308
0.886831
0.888792
0.888339
0.885066
0.878872
0.870078
0.859467
0.8481
0.836842
0.825954
0.815285
0.804992
0.796243
0.790997
0.790869
0.795774
0.803587
0.81102
0.815184
0.814972
0.811952
0.810208
0.81423
0.825531
0.841234
0.856418
0.867446
0.87319
0.874414
0.872749
0.869972
0.867522
0.866035
0.865115
0.863524
0.859858
0.853332
0.844193
0.833554
0.822851
0.813324
0.805821
0.800795
0.79847
0.798891
0.801943
0.807326
0.814606
0.823269
0.832726
0.842311
0.851336
0.859275
0.865959
0.871597
0.876666
0.881656
0.886911
0.892559
0.898568
0.904848
0.911298
0.91786
0.9245
0.931156
0.937718
0.944006
0.949669
0.95412
0.956562
0.956114
0.95199
0.94373
0.931365
0.915595
0.897858
0.880236
0.864985
0.85386
0.847548
