1.35
1.3487
1.34481
1.33825
1.32882
1.31623
1.30013
1.2801
1.25563
1.22624
1.19144
1.1509
1.10456
1.05274
0.99627
0.936573
0.875659
0.816026
0.76036
0.711187
0.670533
0.639596
0.618677
0.60727
0.604215
0.607951
0.616768
0.62893
0.642852
0.657186
0.670852
0.683094
0.693453
0.701765
0.70811
0.712735
0.715969
0.718137
0.719488
0.720135
0.720049
0.719081
0.716991
0.713534
0.708509
0.701844
0.693647
0.684217
0.67402
0.663609
1.02554
1.01265
0.997128
0.980303
0.962972
0.946006
0.930275
0.91653
0.905334
0.896974
0.891385
0.888168
0.88665
0.886138
0.886101
0.886298
0.886703
0.887364
0.888264
0.889223
0.890016
0.890474
0.89058
0.890522
0.890547
0.890863
0.891591
0.892798
0.894518
0.896857
0.900083
0.904491
0.910284
0.917397
0.92543
0.933763
0.941764
0.94893
0.954953
0.959599
0.962625
0.963752
0.962716
0.959317
0.953517
0.945552
0.935997
0.925689
0.915663
0.906936
1.31831
1.31112
1.30224
1.2917
1.27922
1.26476
1.24879
1.23236
1.21689
1.20367
1.19338
1.18578
1.17976
1.17391
1.1668
1.1574
1.14514
1.12997
1.11226
1.09279
1.07264
1.05311
1.03568
1.02191
1.01328
1.01076
1.0143
1.02246
1.03284
1.04313
1.05198
1.05927
1.06594
1.07342
1.08314
1.09608
1.1126
1.13212
1.15318
1.17362
1.19109
1.20347
1.20931
1.20796
1.19981
1.18638
1.16999
1.15319
1.13785
1.12457
1.31068
1.29732
1.28076
1.26183
1.24155
1.22157
1.2039
1.19072
1.184
1.18508
1.19418
1.21017
1.23069
1.25275
1.27337
1.29012
1.30142
1.30669
1.30627
1.30124
1.29317
1.28382
1.27476
1.26713
1.2615
1.25779
1.25545
1.25382
1.25235
1.25063
1.24837
1.24522
1.24055
1.23366
1.22419
1.21285
1.20155
1.1929
1.18901
1.19042
1.19588
1.20299
1.20923
1.21269
1.21233
1.20805
1.20057
1.19138
1.18264
1.17695
1.28395
1.2895
1.30185
1.31991
1.3414
1.36323
1.38213
1.39544
1.4016
1.40052
1.39364
1.38366
1.37378
1.36683
1.36456
1.36734
1.37445
1.38436
1.39507
1.4043
1.40986
1.40992
1.40345
1.39043
1.372
1.35061
1.32964
1.31277
1.30296
1.30136
1.30687
1.31659
1.32708
1.33554
1.34025
1.34044
1.33601
1.32719
1.31446
1.29868
1.28118
1.26387
1.24919
1.2398
1.23796
1.24467
1.25921
1.2793
1.30184
1.32385
1.35739
1.3715
1.38283
1.39158
1.39903
1.406
1.41229
1.41685
1.41844
1.41626
1.41026
1.40122
1.39045
1.37954
1.37026
1.3643
1.36286
1.36612
1.37321
1.38241
1.39177
1.39952
1.40444
1.40601
1.40432
1.39967
1.39239
1.38277
1.37138
1.35917
1.3474
1.33711
1.32876
1.32245
1.31841
1.31733
1.3201
1.32705
1.33755
1.35021
1.36357
1.37642
1.38773
1.39635
1.40103
1.40069
1.39482
1.38356
1.36757
1.34779
1.30017
1.2774
1.25491
1.23666
1.22564
1.224
1.23197
1.24759
1.26755
1.28839
1.3073
1.32241
1.33251
1.33664
1.33402
1.32416
1.30744
1.28538
1.26092
1.23824
1.22195
1.21582
1.22142
1.23733
1.25962
1.2833
1.30401
1.31896
1.32698
1.32808
1.32281
1.31187
1.29585
1.27541
1.25157
1.22592
1.20085
1.17945
1.16527
1.16154
1.17029
1.19143
1.22261
1.25983
1.29854
1.33451
1.36432
1.38556
1.39705
1.39898
1.47511
1.46264
1.44655
1.43066
1.4173
1.40731
1.40009
1.39443
1.38929
1.38424
1.37954
1.37562
1.37273
1.37076
1.36947
1.36873
1.36853
1.36886
1.36955
1.37028
1.3708
1.37105
1.37101
1.37047
1.36898
1.366
1.36121
1.35471
1.34723
1.33992
1.3341
1.33081
1.33055
1.33324
1.33839
1.34532
1.35327
1.36135
1.3687
1.37461
1.37866
1.381
1.38216
1.38292
1.38415
1.38666
1.39111
1.39797
1.40737
1.41907
1.4028
1.4154
1.42848
1.43996
1.44836
1.45251
1.45175
1.44599
1.43568
1.42156
1.40437
1.38471
1.36306
1.34008
1.3169
1.29541
1.27788
1.26633
1.26189
1.26473
1.27432
1.28974
1.30978
1.33281
1.35678
1.37933
1.39801
1.41076
1.41625
1.41424
1.40567
1.3925
1.37738
1.36307
1.3519
1.34528
1.34358
1.34636
1.35263
1.36124
1.37123
1.38195
1.39316
1.40448
1.41493
1.42276
1.42593
1.42294
1.41338
1.39821
1.37951
1.36014
1.34306
1.33067
1.32432
1.32412
1.32922
1.33807
1.34879
1.35946
1.3685
1.37485
1.37804
1.37815
1.37559
1.3709
1.36453
1.35678
1.34793
1.33883
1.33145
1.32849
1.3318
1.34066
1.35181
1.361
1.36475
1.36127
1.35082
1.33558
1.31903
1.30501
1.29657
1.29511
1.30051
1.31171
1.327
1.34409
1.36021
1.37268
1.37961
1.3803
1.37523
1.36572
1.35343
1.33991
1.32625
1.31292
1.29975
1.28613
