-7.85046
-7.83801
-7.79754
-7.72002
-7.62901
-7.5253
-7.41237
-7.29314
-7.17964
-7.07624
-6.98967
-6.92595
-6.88716
-6.87205
-6.8802
-6.90499
-6.9399
-6.97906
-7.01836
-7.05223
-7.07959
-7.09839
-7.10931
-7.11169
-7.1062
-7.09531
-7.08341
-7.07045
-7.05962
-7.04904
-7.04607
-7.04035
-7.02524
-7.00485
-6.98194
-6.96021
-6.94108
-6.92642
-6.91788
-6.91239
-6.90715
-6.90347
-6.8998
-6.89445
-6.88465
-6.87369
-6.86077
-6.84299
-6.82533
-6.8063
-6.78993
-6.76991
-6.75252
-6.73768
-6.72592
-6.71804
-6.71176
-6.71178
-6.71921
-6.73201
-6.7511
-6.77321
-6.79229
-6.80768
-6.81576
-6.81955
-6.81723
-6.80409
-6.78958
-6.77368
-6.75703
-6.74091
-6.72473
-6.7083
-6.69493
-6.68345
-6.67227
-6.66072
-6.65091
-6.64478
-6.64263
-6.64447
-6.65341
-6.66775
-6.68791
-6.70888
-6.72893
-6.74113
-6.7499
-6.75217
-6.74523
-6.7297
-6.71548
-6.69923
-6.6834
-6.6727
-6.66159
-6.65408
-6.64932
-6.64692
-6.64874
-6.65078
-6.65669
-6.66081
-6.66494
-6.66326
-6.65827
-6.64892
-6.63489
-6.61721
-6.6001
-6.58515
-6.57492
-6.57578
-6.58612
-6.60813
-6.63513
-6.66715
-6.69891
-6.72939
-6.75703
-6.77889
-6.79561
-6.80547
-6.8108
-6.81506
-6.81703
-6.82066
-6.8203
-6.82079
-6.82272
-6.82144
-6.81554
-6.80609
-6.79071
-6.76988
-6.74871
-6.7235
-6.7
-6.67649
-6.65669
-6.64054
-6.63172
-6.62784
-6.62885
-6.63329
-6.63816
-6.64221
-6.64836
-6.65285
-6.65605
-6.65804
-6.6536
-6.65323
-6.65379
-6.65314
-6.65576
-6.65743
-6.65919
-6.66114
-6.66089
-6.65994
-6.65853
-6.65787
-6.65362
-6.64459
-6.63475
-6.62628
-6.61245
-6.59968
-6.59021
-6.58252
-6.58044
-6.58056
-6.58604
-6.591
-6.59981
-6.60891
-6.62119
-6.63617
-6.65424
-6.67019
-6.68749
-6.70233
-6.71052
-6.71834
-6.72143
-6.7231
-6.72091
-6.71417
-6.70376
-6.68797
-6.66973
-6.65834
-6.65588
-6.66503
-6.68449
-6.70759
-6.73309
-6.75621
-6.77651
-6.79146
-6.79852
-6.79756
-6.78704
-6.77079
-6.75049
-6.72899
-6.70561
-6.68474
-6.66449
-6.64727
-6.63827
-6.6265
-6.62124
-6.61676
-6.61001
-6.60015
-6.58535
-6.56936
-6.54924
-6.53153
-6.52073
-6.51944
-6.52796
-6.54733
-6.57678
-6.60902
-6.64044
-6.67072
-6.69172
-6.70028
-6.69544
-6.68069
-6.65685
-6.63243
-6.6087
-6.58578
-6.56848
-6.55896
-6.55615
-6.55656
-6.56298
-6.57301
-6.58437
-6.59728
-6.61169
-6.62509
-6.6415
-6.65491
-6.66499
-6.67246
-6.67851
-6.68312
-6.67953
-6.67838
-6.67607
-6.67171
-6.67243
-6.67485
-6.6754
-6.67164
-6.66087
-6.64329
-6.62365
-6.60446
-6.59185
-6.58451
-6.58325
-6.58876
-6.59957
-6.60408
-6.60894
-6.61414
-6.61907
-6.62438
-6.63144
-6.64031
-6.6517
-6.66544
-6.67919
-6.69805
-6.71214
-6.72457
-6.73243
-6.73468
-6.73339
-6.72474
-6.71422
-6.69819
-6.67498
-6.64713
-6.61519
-6.58365
-6.55288
-6.52806
-6.51335
-6.5047
-6.50654
-6.51818
-6.53834
-6.56173
-6.58507
-6.60319
-6.61588
-6.62298
-6.61887
-6.61084
-6.59619
-6.5777
-6.55802
-6.5328
-6.51291
-6.49973
-6.50172
-6.5152
-6.54061
-6.56894
-6.59707
-6.623
-6.64698
-6.66217
-6.67296
-6.67603
-6.67339
-6.66782
-6.6545
-6.64349
-6.63255
-6.62421
-6.62026
-6.61811
-6.62143
-6.62998
-6.63839
-6.64477
-6.65412
-6.66401
-6.6752
-6.68635
-6.69653
-6.70337
-6.70909
-6.71215
-6.70991
-6.70511
-6.69381
-6.67859
-6.65332
-6.62795
-6.59729
-6.56437
-6.53388
-6.508
-6.49097
-6.48448
-6.49071
-6.50636
-6.5329
-6.56179
-6.59394
-6.62345
-6.64765
-6.66481
-6.67829
-6.68812
-6.68943
-6.68731
-6.67741
-6.66087
-6.63895
-6.61201
-6.58173
-6.55316
-6.52819
-6.50902
-6.49528
-6.49473
-6.50872
-6.53447
-6.56817
-6.60828
-6.65255
-6.69324
-6.73043
-6.76282
-6.78651
-6.7974
-6.79624
-6.78151
-6.76017
-6.73202
-6.70456
-6.67971
-6.65995
-6.64789
-6.63649
-6.62974
-6.62861
-6.63495
-6.65127
-6.67123
-6.69472
-6.72115
-6.74659
-6.7682
-6.78391
-6.79719
-6.80402
-6.80565
-6.80161
-6.79313
-6.78082
-6.76826
-6.74898
-6.72853
-6.70661
-6.68483
-6.66347
-6.64781
-6.63808
-6.62966
-6.62669
-6.61874
-6.61148
-6.59947
-6.58541
-6.57419
-6.56187
-6.55593
-6.55216
-6.55504
-6.56257
-6.57379
-6.58584
-6.59965
-6.61316
-6.62845
-6.64221
-6.65225
-6.66025
-6.66401
-6.66433
-6.65675
-6.64313
-6.62539
-6.602
-6.57521
-6.54721
-6.52741
-6.5132
-6.50715
-6.50865
-6.52081
-6.53818
-6.56138
-6.58585
-6.60643
-6.62544
-6.6389
-6.64591
-6.64869
-6.64987
-6.65247
-6.65596
-6.6622
-6.66836
-6.67372
-6.6751
-6.66921
-6.65699
-6.63717
-6.61529
-6.58684
-6.55911
-6.53738
-6.51589
-6.50245
-6.49317
-6.49301
-6.49972
-6.50955
-6.52823
-6.55225
-6.58358
-6.61659
-6.65048
-6.68077
-6.69936
-6.70688
-6.69904
-6.67587
-6.63892
-6.59507
-6.55214
-6.51229
-6.48252
-6.46316
-6.45207
-6.44891
-6.44845
-6.4505
-6.45419
-6.45978
-6.47178
-6.49203
-6.52467
-6.56523
-6.60764
-6.64592
-6.6765
-6.69887
-6.71991
-6.73613
-6.74781
-6.75299
-6.75099
-6.74245
-6.73071
-6.71938
-6.70814
-6.70286
-6.70316
-6.70812
-6.7177
-6.72937
-6.73896
-6.74554
-6.74422
-6.7335
-6.71686
-6.69389
-6.66788
-6.64663
-6.62831
-6.61515
-6.61076
-6.61396
-6.62141
-6.6374
-6.65577
-6.67769
-6.69717
-6.71456
-6.7281
-6.73436
-6.73217
-6.72858
-6.71995
-6.70834
-6.6935
-6.68048
-6.66377
-6.64484
-6.62164
-6.59751
-6.57395
-6.55604
-6.5418
-6.5341
-6.53523
-6.55059
-6.57668
-6.60524
-6.63595
-6.6609
-6.67809
-6.68172
-6.68104
-6.67506
-6.67074
-6.66712
-6.66987
-6.68126
-6.69842
-6.72011
-6.74081
-6.75714
-6.77464
-6.78248
-6.78465
-6.78181
-6.76884
-6.75319
-6.72914
-6.70423
-6.67774
-6.65399
-6.63087
-6.6121
-6.60243
-6.60118
-6.60691
-6.61288
-6.62356
-6.62748
-6.62432
-6.61027
-6.59057
-6.56913
-6.55329
-6.54518
-6.54025
-6.53538
-6.5293
-6.52816
-6.53178
-6.54813
-6.57191
-6.60318
-6.63789
-6.67483
-6.70914
-6.73544
-6.74967
-6.75217
-6.73806
-6.71847
-6.69085
-6.65948
-6.63305
-6.61495
-6.60649
-6.6039
-6.61044
-6.62411
-6.64334
-6.66841
-6.69344
-6.71183
-6.72311
-6.72985
-6.73359
-6.72874
-6.71952
-6.70958
-6.69733
-6.68548
-6.67444
-6.66283
-6.65307
-6.64508
-6.6422
-6.6408
-6.64462
-6.65301
-6.66415
-6.67578
-6.69049
-6.70583
-6.71558
-6.72134
-6.72728
-6.72923
-6.72548
-6.71528
-6.70214
-6.68743
-6.67123
-6.65682
-6.6468
-6.64042
-6.63792
-6.63936
-6.64502
-6.64748
-6.65424
-6.65799
-6.65823
-6.65939
-6.65954
-6.65921
-6.6559
-6.64922
-6.64388
-6.63991
-6.63277
-6.62484
-6.61604
-6.60642
-6.59882
-6.59019
-6.5859
-6.58148
-6.58104
-6.58335
-6.59163
-6.60223
-6.61799
-6.63687
-6.65368
-6.66944
-6.68192
-6.69123
-6.69966
-6.70776
-6.71577
-6.72261
-6.72682
-6.72837
-6.72595
-6.72167
-6.70965
-6.69388
-6.67665
-6.65718
-6.63871
-6.622
-6.61086
-6.60758
-6.61105
-6.62157
-6.63869
-6.65946
-6.67774
-6.69557
-6.70742
-6.71212
-6.71058
-6.70202
-6.68582
-6.66715
-6.64835
-6.63049
-6.61458
-6.60472
-6.60097
-6.60115
-6.61014
-6.6208
-6.63628
-6.65094
-6.66526
-6.67767
-6.68856
-6.7011
-6.7128
-6.72568
-6.73509
-6.73858
-6.74046
-6.73444
-6.72378
-6.70386
-6.6831
-6.65833
-6.6352
-6.61934
-6.61198
-6.61696
-6.63038
-6.64852
-6.66791
-6.68201
-6.69112
-6.6883
-6.66925
-6.63924
-6.59974
-6.56093
-6.52647
-6.50279
-6.4943
-6.50398
-6.52804
-6.55812
-6.59211
-6.62279
-6.6469
-6.66432
-6.67448
-6.68136
-6.68435
-6.68622
-6.68919
-6.69267
-6.70174
-6.70674
-6.70956
-6.70989
-6.70873
-6.70713
-6.71125
-6.7151
-6.72088
-6.72093
-6.71616
-6.70384
-6.68595
-6.66297
-6.63848
-6.61621
-6.59543
-6.57731
-6.56354
-6.55799
-6.55704
-6.56453
-6.57848
-6.59965
-6.621
-6.63826
-6.65155
-6.6612
-6.67098
-6.68112
-6.69028
-6.69757
-6.70369
-6.70154
-6.69537
-6.68499
-6.67617
-6.67077
-6.67135
-6.6763
-6.68537
-6.691
-6.6925
-6.6921
-6.69003
-6.68318
-6.67595
-6.67046
-6.66706
-6.66487
-6.66729
-6.67079
-6.6778
-6.6887
-6.69765
-6.7015
-6.70121
-6.69459
-6.68164
-6.66883
-6.65505
-6.64781
-6.64679
-6.64919
-6.65701
-6.66972
-6.68097
-6.6893
-6.69427
-6.69123
-6.68582
-6.67479
-6.66751
-6.66506
-6.67036
-6.67615
-6.68618
-6.69384
-6.69899
-6.70076
-6.70318
-6.70398
-6.70804
-6.71237
-6.7148
-6.71648
-6.71673
-6.714
-6.70506
-6.69059
-6.67197
-6.64684
-6.61934
-6.59178
-6.57096
-6.55736
-6.5531
-6.55915
-6.56969
-6.58118
-6.59191
-6.59858
-6.6047
-6.6085
-6.61298
-6.61423
-6.61122
-6.60366
-6.59717
-6.58942
-6.58285
-6.57813
-6.58219
-6.58774
-6.59968
-6.61406
-6.62875
-6.64972
-6.66866
-6.68603
-6.7045
-6.71867
-6.72865
-6.73112
-6.72791
-6.72562
-6.72142
-6.71889
-6.71973
-6.72502
-6.73195
-6.74142
-6.74528
-6.75018
-6.75285
-6.75644
-6.75833
-6.7551
-6.75009
-6.738
-6.72737
-6.71871
-6.71298
-6.71386
-6.71603
-6.72077
-6.72211
-6.71727
-6.70368
-6.68312
-6.65504
-6.62346
-6.58933
-6.55616
-6.52748
-6.50861
-6.49839
-6.49776
-6.50682
-6.51939
-6.53651
-6.55236
-6.56798
-6.58301
-6.59634
-6.60933
-6.62089
-6.62901
-6.63389
-6.63367
-6.62952
-6.62762
-6.62538
-6.62841
-6.63798
-6.65472
-6.67683
-6.70202
-6.72242
-6.74054
-6.75359
-6.75692
-6.75446
-6.74164
-6.72239
-6.69495
-6.66476
-6.63661
-6.61729
-6.60452
-6.60362
-6.60885
-6.61944
-6.63712
-6.65502
-6.67637
-6.69342
-6.7089
-6.71839
-6.72214
-6.72189
-6.71326
-6.70801
-6.70562
-6.70925
-6.71552
-6.73005
-6.74249
-6.75836
-6.77104
-6.77785
-6.7811
-6.77629
-6.76275
-6.74326
-6.71834
-6.68936
-6.65572
-6.6218
-6.58702
-6.55562
-6.5305
-6.51322
-6.50979
