-6.36475
-6.36345
-6.35956
-6.353
-6.34356
-6.33083
-6.31322
-6.29046
-6.26283
-6.23042
-6.19335
-6.15085
-6.103
-6.04936
-5.99198
-5.93259
-5.87062
-5.81068
-5.75441
-5.70553
-5.66548
-5.63515
-5.61408
-5.60328
-5.60113
-5.60547
-5.61384
-5.6254
-5.64053
-5.65486
-5.66853
-5.68092
-5.69143
-5.70095
-5.7073
-5.71208
-5.71531
-5.71763
-5.72019
-5.72129
-5.72135
-5.71963
-5.71739
-5.71348
-5.708
-5.70134
-5.69329
-5.68386
-5.6726
-5.66234
-5.65216
-5.64247
-5.63451
-5.62899
-5.62525
-5.62388
-5.6255
-5.62876
-5.63432
-5.64115
-5.64756
-5.65557
-5.66322
-5.66924
-5.67412
-5.6779
-5.68053
-5.68108
-5.68192
-5.68171
-5.68018
-5.67748
-5.67659
-5.67474
-5.67517
-5.67639
-5.67856
-5.68048
-5.68471
-5.68797
-5.69295
-5.69784
-5.70139
-5.70494
-5.7084
-5.71098
-5.71399
-5.71779
-5.71993
-5.72347
-5.72662
-5.72878
-5.73028
-5.73203
-5.73192
-5.73103
-5.72921
-5.72704
-5.72336
-5.71881
-5.71349
-5.70938
-5.70569
-5.70266
-5.70064
-5.70008
-5.70113
-5.70293
-5.70555
-5.70766
-5.70971
-5.71144
-5.71191
-5.71277
-5.71181
-5.71157
-5.71064
-5.70955
-5.7071
-5.7028
-5.69717
-5.69043
-5.68074
-5.67113
-5.66064
-5.65089
-5.64153
-5.63385
-5.62958
-5.62894
-5.63014
-5.63463
-5.64001
-5.64653
-5.65462
-5.66257
-5.6699
-5.67741
-5.68359
-5.69032
-5.69534
-5.69903
-5.70228
-5.70647
-5.70979
-5.71261
-5.71674
-5.72035
-5.72389
-5.72632
-5.72817
-5.73044
-5.73196
-5.73292
-5.73341
-5.73434
-5.73482
-5.73523
-5.73505
-5.73432
-5.73351
-5.73234
-5.73014
-5.72783
-5.72586
-5.72449
-5.72449
-5.72522
-5.72749
-5.7287
-5.73109
-5.73501
-5.74018
-5.74522
-5.75128
-5.75703
-5.76265
-5.76673
-5.77183
-5.77492
-5.77673
-5.77925
-5.78238
-5.78374
-5.78599
-5.7891
-5.79194
-5.79407
-5.7966
-5.79932
-5.80082
-5.80082
-5.80171
-5.80109
-5.79993
-5.79683
-5.79223
-5.78657
-5.77952
-5.77282
-5.76488
-5.75787
-5.75131
-5.74538
-5.73955
-5.73481
-5.73049
-5.72678
-5.72397
-5.72178
-5.72003
-5.71897
-5.71882
-5.71932
-5.71948
-5.72061
-5.72053
-5.72055
-5.7196
-5.71977
-5.71825
-5.71619
-5.71507
-5.71374
-5.7114
-5.70964
-5.70825
-5.70639
-5.7058
-5.70656
-5.70942
-5.71286
-5.7174
-5.72419
-5.73275
-5.74281
-5.7531
-5.76442
-5.77559
-5.78545
-5.79497
-5.80337
-5.80947
-5.81653
-5.82055
-5.82227
-5.82224
-5.81924
-5.81316
-5.80573
-5.79502
-5.78191
-5.76641
-5.74989
-5.73181
-5.71405
-5.69815
-5.68322
-5.67085
-5.66168
-5.65622
-5.65426
-5.65543
-5.65987
-5.66698
-5.67541
-5.68416
-5.69322
-5.70133
-5.71044
-5.71934
-5.72681
-5.73324
-5.73954
-5.74646
-5.75262
-5.75946
-5.76487
-5.77074
-5.77661
-5.78272
-5.78701
-5.79081
-5.79286
-5.79229
-5.7921
-5.79097
-5.78828
-5.78362
-5.77946
-5.77463
-5.76895
-5.76325
-5.75722
-5.75011
-5.74325
-5.73621
-5.72989
-5.72617
-5.72408
-5.72576
-5.72984
-5.73565
-5.74342
-5.75214
-5.76217
-5.7697
-5.77658
-5.78236
-5.78738
-5.79146
-5.79428
-5.79729
-5.79973
-5.80122
-5.8019
-5.80232
-5.80171
-5.79986
-5.79697
-5.79216
-5.78685
-5.78152
-5.77643
-5.77234
-5.7699
-5.76831
-5.76967
-5.77342
-5.77788
-5.78365
-5.79014
-5.79709
-5.80434
-5.80908
-5.81367
-5.81664
-5.8195
-5.82081
-5.8207
-5.82009
-5.81837
-5.81694
-5.81491
-5.8128
-5.81042
-5.80895
-5.8059
-5.80276
-5.7988
-5.79313
-5.78507
-5.77399
-5.76206
-5.749
-5.73639
-5.72604
-5.71861
-5.71718
-5.71925
-5.72307
-5.72813
-5.73255
-5.73644
-5.73858
-5.739
-5.73882
-5.73675
-5.73275
-5.72672
-5.71892
-5.71175
-5.70297
-5.69462
-5.68921
-5.68528
-5.6842
-5.68537
-5.69089
-5.69954
-5.71015
-5.72187
-5.73423
-5.74818
-5.76076
-5.77241
-5.78144
-5.78864
-5.79345
-5.79671
-5.79738
-5.79557
-5.79287
-5.78939
-5.78644
-5.78348
-5.78034
-5.77646
-5.77251
-5.76802
-5.76271
-5.75605
-5.74782
-5.73961
-5.73101
-5.72328
-5.71699
-5.71317
-5.71194
-5.71347
-5.7181
-5.72509
-5.73398
-5.74388
-5.75424
-5.76386
-5.77202
-5.77846
-5.78246
-5.78384
-5.78406
-5.78177
-5.77759
-5.77052
-5.76302
-5.75481
-5.74691
-5.73922
-5.73254
-5.72899
-5.72654
-5.72596
-5.72556
-5.72878
-5.73242
-5.73816
-5.74421
-5.75207
-5.75982
-5.76683
-5.77343
-5.77887
-5.78301
-5.78483
-5.78462
-5.78296
-5.78185
-5.77887
-5.77619
-5.77447
-5.77426
-5.77627
-5.77949
-5.78509
-5.79315
-5.80224
-5.81122
-5.8215
-5.83199
-5.84227
-5.85016
-5.85525
-5.86014
-5.86246
-5.86218
-5.86082
-5.85765
-5.85444
-5.85176
-5.84823
-5.84631
-5.84436
-5.84336
-5.84084
-5.83739
-5.83387
-5.82874
-5.82255
-5.81638
-5.81082
-5.8064
-5.803
-5.80085
-5.79869
-5.79682
-5.79428
-5.7925
-5.78998
-5.78903
-5.78861
-5.78731
-5.78695
-5.7853
-5.78086
-5.77678
-5.77051
-5.7632
-5.7559
-5.74904
-5.74247
