-0.0318372
-0.0318404
-0.03185
-0.0318659
-0.0318881
-0.0319166
-0.0319515
-0.0319926
-0.03204
-0.0320938
-0.0321539
-0.0322204
-0.0322932
-0.0323749
-0.0324679
-0.0325677
-0.0326742
-0.0328018
-0.0329271
-0.033069
-0.033223
-0.0333749
-0.0335414
-0.0337059
-0.0338899
-0.0340914
-0.0342915
-0.0345044
-0.034721
-0.0349459
-0.03517
-0.0354122
-0.0356611
-0.0359072
-0.0361745
-0.036449
-0.0367333
-0.0370205
-0.0373158
-0.0376193
-0.0379384
-0.0382546
-0.0385869
-0.038936
-0.039314
-0.039681
-0.0400634
-0.0404642
-0.0408767
-0.0413061
-0.0417412
-0.0421908
-0.0426659
-0.0431485
-0.0436581
-0.0441929
-0.0447397
-0.0453086
-0.0458887
-0.0464998
-0.0471333
-0.047788
-0.0484601
-0.0491602
-0.0498897
-0.050652
-0.0514322
-0.052253
-0.053097
-0.0539848
-0.0548971
-0.0558522
-0.0568523
-0.0578829
-0.0589771
-0.0601186
-0.0613004
-0.0625349
-0.0638203
-0.0651597
-0.0665636
-0.0680381
-0.0695844
-0.071209
-0.0729016
-0.0746855
-0.0765413
-0.078495
-0.0805438
-0.0826994
-0.0849494
-0.0873117
-0.0897828
-0.092365
-0.0950593
-0.0978746
-0.100798
-0.103825
-0.10694
-0.110138
-0.113395
-0.116586
-0.11974
-0.122801
-0.125693
-0.128284
-0.13046
-0.132064
-0.132907
-0.13282
-0.131665
-0.129345
-0.125912
-0.121637
-0.117035
-0.112826
-0.109862
-0.108882
-0.110297
-0.114104
-0.119891
-0.126959
-0.134454
-0.141552
-0.147595
-0.152133
-0.155113
-0.156849
-0.158062
-0.159683
-0.162619
-0.167459
-0.174191
-0.182264
-0.190763
-0.198728
-0.205381
-0.210257
-0.21319
-0.214274
-0.2138
-0.212193
-0.209923
-0.207401
-0.204955
-0.202746
-0.200816
-0.199078
-0.197437
-0.195811
-0.194099
-0.192171
-0.190145
-0.188133
-0.186445
-0.185595
-0.186148
-0.188522
-0.192852
-0.198952
-0.206392
-0.214587
-0.222956
-0.230951
-0.238117
-0.244086
-0.248637
-0.251669
-0.253221
-0.253452
-0.252655
-0.251175
-0.249406
-0.247778
-0.246645
-0.246309
-0.24691
-0.248472
-0.250879
-0.253912
-0.257284
-0.260723
-0.26397
-0.26683
-0.269196
-0.271034
-0.272398
-0.273389
-0.274138
-0.274776
-0.275382
-0.275986
-0.276579
-0.277129
-0.277613
-0.278033
-0.278416
-0.278829
-0.279309
-0.279895
-0.280596
-0.281337
-0.28213
-0.282945
-0.283745
-0.284542
-0.285354
-0.286226
-0.287217
-0.288374
-0.289774
-0.29141
-0.293281
-0.295358
-0.297589
-0.299888
-0.302155
-0.304326
-0.306299
-0.307994
-0.309333
-0.310244
-0.310668
-0.310563
-0.309925
-0.308775
-0.307195
-0.30532
-0.303324
-0.30145
-0.299908
-0.298852
-0.298343
-0.298289
-0.298515
-0.298739
-0.29868
-0.29806
-0.296706
-0.294534
-0.291622
-0.288219
-0.28479
-0.28198
-0.28048
-0.280913
-0.283598
-0.288447
-0.29494
-0.302318
-0.309725
-0.316256
-0.321398
-0.324639
-0.325577
-0.323958
-0.319764
-0.313388
-0.305788
-0.298531
-0.293538
-0.292344
-0.295425
-0.301975
-0.310358
-0.318762
-0.325735
-0.330318
-0.331984
-0.330519
-0.325922
-0.318447
-0.308575
-0.297136
-0.285271
-0.274399
-0.265976
-0.261201
-0.260712
-0.264464
-0.271715
-0.281221
-0.291628
-0.301709
-0.310601
-0.31785
-0.323383
-0.327349
-0.330039
-0.331788
-0.332895
-0.333588
-0.334036
-0.334335
-0.334542
-0.334695
-0.334824
-0.334966
-0.335158
-0.33543
-0.335814
-0.336318
-0.336984
-0.337817
-0.338808
-0.339926
-0.341132
-0.342337
-0.343459
-0.344397
-0.345023
-0.345186
-0.344709
-0.343408
-0.341071
-0.337495
-0.332544
-0.326192
-0.318595
-0.310223
-0.301886
-0.294604
-0.289341
-0.28668
-0.286595
-0.288538
-0.291671
-0.295217
-0.298614
-0.301558
-0.303977
-0.305915
-0.307472
-0.308723
-0.309751
-0.310577
-0.311209
-0.311629
-0.311806
-0.311726
-0.311391
-0.310839
-0.310158
-0.309488
-0.309005
-0.308912
-0.309367
-0.310445
-0.312085
-0.314134
-0.316344
-0.318443
-0.320208
-0.32147
-0.322129
-0.322132
-0.321504
-0.320301
-0.31862
-0.316586
-0.314334
-0.31202
-0.309821
-0.307849
-0.306228
-0.305034
-0.304298
-0.303985
-0.304067
-0.304459
-0.305087
-0.30589
-0.306799
-0.30779
-0.308855
-0.309961
-0.311102
-0.312266
-0.313383
-0.314379
-0.315135
-0.315478
-0.3152
-0.314079
-0.311877
-0.308411
-0.303576
-0.29745
-0.290392
-0.282963
-0.275895
-0.269863
-0.265279
-0.262319
-0.2609
-0.260924
-0.262277
-0.264915
-0.268732
-0.273581
-0.279239
-0.285413
-0.291886
-0.298391
-0.304607
-0.310246
-0.315001
-0.318654
-0.321002
-0.321945
-0.321444
-0.319577
-0.316553
-0.312734
-0.308596
-0.304667
-0.301377
-0.298901
-0.297117
-0.295648
-0.294067
-0.292001
-0.289306
-0.28608
-0.282616
-0.279282
-0.276419
-0.274198
-0.272724
-0.271936
-0.271721
-0.271973
-0.272617
-0.27362
-0.274959
-0.276588
-0.278477
-0.280545
-0.282715
-0.2849
-0.287031
-0.289036
-0.290892
-0.292564
-0.294044
-0.295338
-0.296445
-0.297387
-0.298187
-0.298844
-0.299389
-0.29983
-0.300186
-0.300487
-0.300726
-0.300917
-0.301065
-0.301185
-0.301275
-0.301324
-0.301349
-0.301343
-0.301286
-0.301178
-0.301006
-0.300738
-0.300383
-0.29989
-0.299244
-0.298433
-0.297455
-0.296295
-0.294987
-0.29358
-0.292168
-0.290846
-0.289752
-0.289003
-0.288708
-0.288943
-0.289717
-0.290969
-0.292601
-0.294467
-0.296407
-0.298278
-0.299949
-0.301288
-0.302216
-0.30261
-0.302415
-0.301549
-0.299982
-0.297701
-0.294749
-0.291211
-0.287289
-0.283237
-0.279381
-0.276068
-0.273662
-0.272267
-0.272139
-0.273297
-0.275672
-0.279086
-0.283318
-0.288131
-0.293228
-0.298296
-0.303075
-0.307337
-0.310874
-0.313543
-0.315264
-0.316012
-0.315828
-0.31485
-0.313298
-0.311452
-0.30962
-0.308063
-0.306916
-0.306154
-0.305587
-0.304974
-0.304097
-0.302841
-0.301289
-0.299683
-0.298337
-0.297533
-0.297453
-0.298041
-0.299143
-0.300528
-0.301959
-0.303292
-0.304475
-0.305516
-0.306492
-0.307461
-0.308461
-0.309514
-0.310606
-0.311696
-0.312732
-0.313661
-0.314503
-0.315321
-0.316264
-0.317407
-0.318979
-0.321053
-0.3236
-0.326492
-0.329517
-0.332388
-0.33487
-0.336736
-0.337838
-0.338069
-0.337386
-0.335763
-0.333223
-0.329795
-0.325501
-0.320456
-0.314815
-0.308864
-0.303049
-0.297982
-0.294284
-0.292433
-0.292552
-0.294365
-0.297249
-0.300475
-0.303438
-0.305791
-0.307492
-0.308708
-0.309784
-0.311053
-0.312743
-0.314913
-0.317445
-0.320089
-0.322492
-0.324305
-0.325203
-0.324967
-0.32356
-0.321173
-0.318257
-0.315449
-0.313316
-0.312098
-0.31154
-0.310956
-0.30951
-0.30639
-0.301392
-0.294797
-0.287462
-0.280715
-0.276048
-0.274641
-0.27693
-0.282478
-0.290133
-0.298511
-0.306456
-0.313203
-0.318469
-0.322248
-0.324729
-0.32614
-0.326743
-0.326765
-0.326366
-0.325683
-0.324807
-0.323814
-0.322732
-0.321615
-0.320478
-0.31933
-0.318191
-0.317084
-0.31601
-0.314998
-0.314056
-0.31318
-0.312394
-0.311689
-0.311076
-0.310541
-0.310084
-0.309707
-0.309419
-0.309226
-0.309166
-0.309242
-0.309498
-0.309963
-0.310626
-0.311503
-0.312579
-0.313813
-0.31513
-0.316427
-0.31762
-0.318549
-0.319074
-0.319042
-0.318277
-0.31662
-0.313948
-0.31025
-0.30565
-0.300532
-0.29561
-0.291803
-0.290023
-0.290893
-0.294425
-0.300067
-0.306955
-0.314233
-0.321259
-0.327671
-0.333329
-0.33817
-0.342227
-0.345491
-0.347898
-0.349315
-0.34953
-0.348312
-0.345447
-0.340826
-0.334594
-0.327296
-0.319814
-0.313156
-0.307971
-0.304226
-0.301353
-0.298851
-0.296894
-0.296472
-0.298842
-0.304733
-0.313794
-0.324744
-0.33599
-0.346189
-0.354488
-0.360533
-0.364347
-0.36605
-0.366034
-0.364594
-0.362059
-0.358732
-0.354881
-0.350711
-0.34637
-0.341949
-0.337581
-0.333428
-0.32978
-0.327104
-0.32595
-0.326835
-0.329999
-0.335284
-0.342089
-0.349535
-0.356672
-0.362708
-0.367034
-0.369298
-0.369409
-0.367498
-0.363926
-0.35923
-0.354014
-0.348774
-0.343799
-0.339129
-0.334754
-0.330868
-0.328024
-0.327105
-0.328897
-0.333696
-0.340911
-0.349299
-0.357358
-0.363817
-0.367977
-0.369703
-0.369469
-0.368087
-0.366479
-0.365366
-0.365079
-0.36553
-0.366384
-0.367184
-0.367843
-0.368246
-0.368324
-0.36799
-0.367107
-0.365592
-0.363493
-0.361045
-0.358655
-0.356743
-0.355658
-0.355543
-0.356331
-0.357791
-0.359664
-0.361694
-0.363704
-0.365565
-0.36716
-0.368347
-0.368989
-0.368879
-0.367772
-0.36541
-0.36161
-0.356363
-0.350028
-0.343468
-0.337916
-0.334665
-0.334415
-0.336893
-0.34094
-0.345132
-0.348273
-0.349689
-0.349237
-0.347117
-0.343732
-0.339569
-0.335109
-0.330827
-0.327081
-0.324143
-0.322191
-0.321297
-0.321479
-0.322691
-0.324857
-0.327828
-0.331485
-0.335618
-0.340012
-0.344397
-0.348503
-0.352063
-0.354854
-0.35669
-0.357437
-0.357014
-0.355423
-0.352714
-0.348987
-0.344367
-0.33897
-0.332914
-0.326317
-0.319329
-0.312256
-0.305608
-0.300077
-0.296388
-0.295145
-0.296573
-0.300455
-0.306255
-0.313305
-0.32097
-0.328729
-0.336193
-0.343064
-0.349118
-0.354126
-0.35792
-0.360343
-0.361319
-0.360812
-0.35894
-0.355939
-0.352167
-0.348016
-0.343687
-0.33897
-0.333194
-0.325448
-0.315247
-0.303429
-0.292607
-0.286243
-0.2858
-0.290907
-0.2984
-0.305006
-0.308879
-0.309693
-0.308198
-0.305592
-0.303192
-0.302082
-0.302829
-0.30532
-0.308765
-0.311943
-0.313512
-0.312331
-0.307706
-0.299676
-0.289258
-0.278541
-0.270289
-0.266953
-0.269571
-0.277391
-0.288413
-0.300419
-0.311582
-0.320784
-0.327475
-0.331556
-0.333163
-0.332556
-0.330072
-0.326057
-0.320945
-0.315211
-0.309409
-0.304118
-0.299853
-0.296987
-0.295636
-0.295677
-0.296834
-0.298719
-0.300948
-0.303188
-0.305168
-0.306663
-0.307488
-0.307447
-0.306338
-0.30405
-0.300457
-0.295513
-0.289264
-0.281915
-0.2739
-0.26593
-0.259052
-0.254451
-0.25308
-0.25521
-0.260209
-0.266782
-0.273528
-0.279342
-0.283641
-0.286303
-0.287484
-0.287459
-0.2866
-0.28524
-0.283717
-0.282304
-0.281251
-0.280723
-0.280766
-0.281368
-0.28242
-0.283752
-0.285155
-0.286462
-0.287533
-0.288282
-0.288657
-0.288646
-0.288267
-0.287548
-0.286564
-0.285357
-0.284017
-0.282632
-0.281268
-0.28001
-0.278914
-0.278051
-0.277444
-0.277106
-0.277054
-0.277259
-0.277668
-0.278245
-0.278928
-0.279645
-0.280323
-0.280873
-0.281234
-0.281313
-0.281092
-0.280544
-0.2797
-0.278597
-0.277358
-0.276126
-0.275054
-0.27431
-0.274027
-0.274289
-0.27511
-0.276406
-0.278041
-0.279828
-0.281605
-0.28321
-0.284542
-0.285535
-0.286198
-0.286536
-0.286643
-0.286598
-0.286511
-0.286459
-0.286532
-0.286759
-0.287152
-0.287684
-0.288286
-0.288877
-0.289363
-0.289667
-0.289744
-0.289536
-0.289028
-0.288212
-0.287093
-0.285726
-0.284165
-0.282459
-0.28071
-0.279
-0.277371
-0.275942
-0.274807
-0.27403
-0.273648
-0.273716
-0.274271
-0.275329
-0.27689
-0.2789
-0.281294
-0.283983
-0.286835
-0.289716
-0.292501
-0.295034
-0.297219
-0.298926
-0.300074
-0.300554
-0.300291
-0.299169
-0.297103
-0.294029
-0.289947
-0.284931
-0.279229
-0.273269
-0.267581
-0.26283
-0.259614
-0.25837
-0.259295
-0.262273
-0.266912
-0.272735
-0.279223
-0.285928
-0.292515
-0.298714
-0.304289
-0.309065
-0.312894
-0.315635
-0.317177
-0.317429
-0.316281
-0.313658
-0.309531
-0.30401
-0.297421
-0.290391
-0.283818
-0.278715
-0.275939
-0.27583
-0.278191
-0.282433
-0.287787
-0.293636
-0.299481
-0.305018
-0.309984
-0.314132
-0.317198
-0.318884
-0.318874
-0.316805
-0.312405
-0.305475
-0.29605
-0.284538
-0.271835
-0.259325
-0.248801
-0.241995
-0.240211
-0.243969
-0.252869
-0.265589
-0.280287
-0.295023
-0.308249
-0.319035
-0.327008
-0.33217
-0.334695
-0.334797
-0.332724
-0.328711
-0.323098
-0.31635
-0.309167
-0.302344
-0.296653
-0.292623
-0.290448
-0.290001
-0.291022
-0.293274
-0.296456
-0.300575
-0.305494
-0.310955
-0.316636
-0.322203
-0.327336
-0.331803
-0.335487
-0.338378
-0.340531
-0.342056
-0.343057
-0.343691
-0.344062
-0.344275
-0.344393
-0.344459
-0.344507
-0.344524
-0.344478
-0.344346
-0.344057
-0.343592
-0.342953
-0.342154
-0.341245
-0.340327
-0.339493
-0.338812
-0.338309
-0.337993
-0.337832
-0.337762
-0.337794
-0.337922
-0.3382
-0.338668
-0.339295
-0.339982
-0.34056
-0.340823
-0.340554
-0.339608
-0.337934
-0.335522
-0.332483
-0.32894
-0.325079
-0.321041
-0.316984
-0.313079
-0.309503
-0.306462
-0.304224
-0.303074
-0.303216
-0.304736
-0.307513
-0.31122
-0.315441
-0.31971
-0.323658
-0.327025
-0.329667
-0.331574
-0.332799
-0.33345
-0.333646
-0.33351
-0.333128
-0.332584
-0.331956
-0.331295
-0.330641
-0.330046
-0.329566
-0.329234
-0.329063
-0.329027
-0.329113
-0.329274
-0.329428
-0.329515
-0.329459
-0.329208
-0.32868
-0.327815
-0.326561
-0.324856
-0.322701
-0.320091
-0.317081
-0.313793
-0.310441
-0.307353
-0.304884
-0.303388
-0.303112
-0.304154
-0.306311
-0.309347
-0.312863
-0.316474
-0.319886
-0.322878
-0.32535
-0.327269
-0.328642
-0.329544
-0.330013
-0.330131
-0.329952
-0.329527
-0.328912
-0.328164
-0.327305
-0.326373
-0.325398
-0.32443
-0.323472
-0.322533
-0.321658
-0.320826
-0.320042
-0.319284
-0.318527
-0.317702
-0.31679
-0.315689
-0.314357
-0.312719
-0.310693
-0.308285
-0.305487
-0.302365
-0.299061
-0.295774
-0.29277
-0.290301
-0.288588
-0.287776
-0.287853
-0.28872
-0.290212
-0.292129
-0.294328
-0.296722
-0.299327
-0.302158
-0.305186
-0.308432
-0.311799
-0.315177
-0.318428
-0.32143
-0.324105
-0.326392
-0.328279
-0.329785
-0.330939
-0.3318
-0.33242
-0.332832
-0.333088
-0.333221
-0.333251
-0.333196
-0.333047
-0.332825
-0.332508
-0.332079
-0.33152
-0.330775
-0.329832
-0.328646
-0.327155
-0.325298
-0.323013
-0.32024
-0.316921
-0.31308
-0.308816
-0.304392
-0.300259
-0.29698
-0.295183
-0.295254
-0.297197
-0.300633
-0.304919
-0.309344
-0.313339
-0.316567
-0.318885
-0.320304
-0.32097
-0.32106
-0.320794
-0.320407
-0.320086
-0.320053
-0.32046
-0.321391
-0.322862
-0.324806
-0.327091
-0.329593
-0.332141
-0.334552
-0.336682
-0.338378
-0.339512
-0.339953
-0.339583
-0.338278
-0.335946
-0.332517
-0.327995
-0.322528
-0.316442
-0.310227
-0.304558
-0.300132
-0.297473
-0.296781
-0.29787
-0.300308
-0.303551
-0.307126
-0.310661
-0.313985
-0.317043
-0.319862
-0.322532
-0.325158
-0.327813
-0.330515
-0.333217
-0.335807
-0.338126
-0.33999
-0.341223
-0.34168
-0.341244
-0.339839
-0.337471
-0.334219
-0.330276
-0.325986
-0.321764
-0.318261
-0.316005
-0.315354
-0.31634
-0.318591
-0.321544
-0.32461
-0.327293
-0.329306
-0.330539
-0.331018
-0.33088
-0.330313
-0.329523
-0.328723
-0.328106
-0.327781
-0.32784
-0.328235
-0.328911
-0.329759
-0.330658
-0.331477
-0.332154
-0.332655
-0.332946
-0.333068
-0.333026
-0.332855
-0.332588
-0.332275
-0.33193
-0.331582
-0.331298
-0.331104
-0.331028
-0.331083
-0.331262
-0.331523
-0.331781
-0.331959
-0.331971
-0.331712
-0.3311
-0.330079
-0.328645
-0.326804
-0.324636
-0.322267
-0.319823
-0.317558
-0.31566
-0.314319
-0.313652
-0.313692
-0.314416
-0.315736
-0.317522
-0.319649
-0.321973
-0.32437
-0.326764
-0.329035
-0.331121
-0.332976
-0.334578
-0.335906
-0.336948
-0.337716
-0.338239
-0.33855
-0.338686
-0.3387
-0.33867
-0.338655
-0.338727
-0.33894
-0.339285
-0.339733
-0.340153
-0.340386
-0.340194
-0.339313
-0.337535
-0.334788
-0.331258
-0.327525
-0.324538
-0.323383
-0.324833
-0.328978
-0.33519
-0.342374
-0.349435
-0.355618
-0.360528
-0.364099
-0.366461
-0.367813
-0.368384
-0.368438
-0.368165
-0.367751
-0.367326
-0.366999
-0.366817
-0.366799
-0.366906
-0.367098
-0.367283
-0.367371
-0.367294
-0.367022
-0.366575
-0.366008
-0.3654
-0.364833
-0.364398
-0.364048
-0.363721
-0.363295
-0.362589
-0.361457
-0.359804
-0.357648
-0.355118
-0.352419
-0.349838
-0.347706
-0.346293
-0.345805
-0.346319
-0.347789
-0.350082
-0.353018
-0.356356
-0.359853
-0.363298
-0.366498
-0.369268
-0.371448
-0.372899
-0.373509
-0.373177
-0.37184
-0.369474
-0.366106
-0.361835
-0.356887
-0.351531
-0.346351
-0.342031
-0.339243
-0.338524
-0.340035
-0.343536
-0.348448
-0.354045
-0.359651
-0.364761
-0.369071
-0.372448
-0.37489
-0.376467
-0.377316
-0.377593
-0.377455
-0.377063
-0.376578
-0.376114
-0.375769
-0.375608
-0.375622
-0.375783
-0.375964
-0.376051
-0.375874
-0.375314
-0.374202
-0.372425
-0.36992
-0.366692
-0.362856
-0.358649
-0.354414
-0.350583
-0.347562
-0.345638
-0.344899
-0.345244
-0.346419
-0.348141
-0.350155
-0.352259
-0.354318
-0.356243
-0.357937
-0.359362
-0.360481
-0.361251
-0.361734
-0.362006
-0.362184
-0.362376
-0.362732
-0.363376
-0.364404
-0.365826
-0.367618
-0.36967
-0.371848
-0.374015
-0.376004
-0.377709
-0.379022
-0.379869
-0.38022
-0.38005
-0.379394
-0.378278
-0.37679
-0.375025
-0.373068
-0.371007
-0.368878
-0.366683
-0.364344
-0.361804
-0.359076
-0.356211
-0.353428
-0.351025
-0.349404
-0.348924
-0.349865
-0.352321
-0.356211
-0.361265
-0.367115
-0.373347
-0.3796
-0.385572
-0.391058
-0.395902
-0.400088
-0.40359
-0.40644
-0.408676
-0.410355
-0.411519
-0.412254
-0.412601
-0.412594
-0.412281
-0.411692
-0.410822
-0.409704
-0.408349
-0.406765
-0.404966
-0.402983
-0.400812
-0.398519
-0.396145
-0.393794
-0.391521
-0.389474
-0.387773
-0.386537
-0.385877
-0.385801
-0.386278
-0.387131
-0.388114
-0.388907
-0.389165
-0.388615
-0.387112
-0.384783
-0.382013
-0.379472
-0.377944
-0.378033
-0.379911
-0.383288
-0.387506
-0.391781
-0.395428
-0.397959
-0.399056
-0.39857
-0.39646
-0.392825
-0.387972
-0.382474
-0.377112
-0.372716
-0.36991
-0.368862
-0.369087
-0.370096
-0.371291
-0.372326
-0.373165
-0.373951
-0.374901
-0.376117
-0.37756
-0.37911
-0.380566
-0.381754
-0.382568
-0.38296
-0.382905
-0.382408
-0.381454
-0.380016
-0.378045
-0.375495
-0.372313
-0.368558
-0.364368
-0.360039
-0.355966
-0.352596
-0.350311
-0.349251
-0.349339
-0.350324
-0.351887
-0.35378
-0.355818
-0.357899
-0.35998
-0.362019
-0.364013
-0.365934
-0.367774
-0.369523
-0.371185
-0.372719
-0.374081
-0.375192
-0.375973
-0.376352
-0.376249
-0.375622
-0.374434
-0.372705
-0.370436
-0.367695
-0.364581
-0.361208
-0.357686
-0.354147
-0.350672
-0.347324
-0.344135
-0.341136
-0.338369
-0.335906
-0.333843
-0.33231
-0.331436
-0.331308
-0.331927
-0.333242
-0.335112
-0.33732
-0.339622
-0.341775
-0.343601
-0.344968
-0.345838
-0.346254
-0.346313
-0.346109
-0.345764
-0.3454
-0.345157
-0.345161
-0.345525
-0.346285
-0.347423
-0.348853
-0.350434
-0.351997
-0.353363
-0.354398
-0.355011
-0.355162
-0.354888
-0.35428
-0.353452
-0.352527
-0.351598
-0.350725
-0.349915
-0.349128
-0.348249
-0.347262
-0.346156
-0.344931
-0.343712
-0.342575
-0.341668
-0.3411
-0.340949
-0.341216
-0.341836
-0.342737
-0.343757
-0.3448
-0.345772
-0.346579
-0.347194
-0.347595
-0.347809
-0.347874
-0.347819
-0.347724
-0.347628
-0.347605
-0.347675
-0.347842
-0.348113
-0.348458
-0.348864
-0.34933
-0.34985
-0.350431
-0.351076
-0.351731
-0.352332
-0.352757
-0.352868
-0.352526
-0.351614
-0.350038
-0.347754
-0.344728
-0.341001
-0.33662
-0.331665
-0.326211
-0.320357
-0.314307
-0.308345
-0.302876
-0.298175
-0.294954
-0.293699
-0.294676
-0.297891
-0.303011
-0.309471
-0.316612
-0.323775
-0.330478
-0.336376
-0.341299
-0.345213
-0.348185
-0.350316
-0.351748
-0.352609
-0.353027
-0.353118
-0.352969
-0.352654
-0.352218
-0.351704
-0.351147
-0.350576
-0.350014
-0.349478
-0.348977
-0.348511
-0.348041
-0.347519
-0.346895
-0.346104
-0.345083
-0.343785
-0.342166
-0.340223
-0.33797
-0.335368
-0.332402
-0.329018
-0.325119
-0.320624
-0.315493
-0.309867
-0.304123
-0.298877
-0.29485
-0.29265
-0.292596
-0.294308
-0.297623
-0.302143
-0.307652
-0.314138
-0.321617
-0.329966
-0.338852
-0.347765
-0.356207
-0.363788
-0.370298
-0.375653
-0.379876
-0.38302
-0.38513
-0.386191
-0.38617
-0.38501
-0.382661
-0.379078
-0.374309
-0.368472
-0.361821
-0.354709
-0.347596
-0.34107
-0.335715
-0.332121
-0.330695
-0.331534
-0.334292
-0.338223
-0.342412
-0.346041
-0.348628
-0.350129
-0.350889
-0.351511
-0.352609
-0.3546
-0.357524
-0.361076
-0.364751
-0.36808
-0.370704
-0.372435
-0.373245
-0.373204
-0.372477
-0.371247
-0.369735
-0.368109
-0.366516
-0.365075
-0.363866
-0.362924
-0.362284
-0.362009
-0.362144
-0.362734
-0.363787
-0.365271
-0.367081
-0.369046
-0.370989
-0.372684
-0.373968
-0.374737
-0.374921
-0.374503
-0.373505
-0.371988
-0.370043
-0.367785
-0.36534
-0.36286
-0.360508
-0.358456
-0.356882
-0.355944
-0.355747
-0.35633
-0.35766
-0.359607
-0.361991
-0.364581
-0.367153
-0.369501
-0.371484
-0.372977
-0.373928
-0.374298
-0.374106
-0.373368
-0.372154
-0.370563
-0.3687
-0.366706
-0.364729
-0.36285
-0.361224
-0.359937
-0.359045
-0.358549
-0.358382
-0.358466
-0.358703
-0.358934
-0.35904
-0.358891
-0.358392
-0.357523
-0.356372
-0.355161
-0.354237
-0.353997
-0.354805
-0.356792
-0.359878
-0.363712
-0.367845
-0.371818
-0.375284
-0.378063
-0.38004
-0.381271
-0.381826
-0.381837
-0.381434
-0.380774
-0.379997
-0.379214
-0.378555
-0.378134
-0.378018
-0.378264
-0.378892
-0.379888
-0.381185
-0.382698
-0.384338
-0.385975
-0.387466
-0.388676
-0.38945
-0.389629
-0.389056
-0.387575
-0.385062
-0.381473
-0.376839
-0.371402
-0.365539
-0.359837
-0.354929
-0.35135
-0.349385
-0.349041
-0.350105
-0.35225
-0.355158
-0.358578
-0.36228
-0.366018
-0.369542
-0.3726
-0.374987
-0.376524
-0.377136
-0.37684
-0.375724
-0.373981
-0.371835
-0.36951
-0.367208
-0.365059
-0.363093
-0.361279
-0.359557
-0.357911
-0.356336
-0.35491
-0.353703
-0.352782
-0.352146
-0.351745
-0.351497
-0.351264
-0.350968
-0.35054
-0.349941
-0.349171
-0.348259
-0.347252
-0.346212
-0.345186
-0.344182
-0.343176
-0.342087
-0.340776
-0.339175
-0.337221
-0.334909
-0.332332
-0.329678
-0.327193
-0.325172
-0.32384
-0.323322
-0.323546
-0.324342
-0.325435
-0.326526
-0.327383
-0.32784
-0.327865
-0.327468
-0.326709
-0.325716
-0.324617
-0.32354
-0.322593
-0.321865
-0.321395
-0.321212
-0.321276
-0.321566
-0.322026
-0.32261
-0.323257
-0.323926
-0.324588
-0.325202
-0.325779
-0.326304
-0.326787
-0.327227
-0.327656
-0.328063
-0.328457
-0.328875
-0.329318
-0.329782
-0.330258
-0.330745
-0.331251
-0.331754
-0.332237
-0.332684
-0.333085
-0.333386
-0.333573
-0.333609
-0.333457
-0.333103
-0.332548
-0.331787
-0.330844
-0.329785
-0.328708
-0.327719
-0.326923
-0.326381
-0.326087
-0.325944
-0.325766
-0.325246
-0.324069
-0.32197
-0.318833
-0.314786
-0.310339
-0.306291
-0.303562
-0.302849
-0.304272
-0.307274
-0.310802
-0.313788
-0.315496
-0.31591
-0.31575
-0.316191
-0.318353
-0.322665
-0.328668
-0.335289
-0.341371
-0.345968
-0.348456
-0.348455
-0.345836
-0.340866
-0.334414
-0.327942
-0.323066
-0.320853
-0.321297
-0.323552
-0.326322
-0.329257
-0.332369
-0.336053
-0.340684
-0.346219
-0.35209
-0.357442
-0.361457
-0.363677
-0.364058
-0.362878
-0.360629
-0.357836
-0.354946
-0.3523
-0.3501
-0.348501
-0.347607
-0.347523
-0.348307
-0.349916
-0.352213
-0.354934
-0.357777
-0.360441
-0.362691
-0.364385
-0.365471
-0.365941
-0.365867
-0.365339
-0.364504
-0.363535
-0.362623
-0.361989
-0.361805
-0.362238
-0.363368
-0.36515
-0.367498
-0.370234
-0.373136
-0.376007
-0.378698
-0.381063
-0.383007
-0.384492
-0.385461
-0.385897
-0.385811
-0.385243
-0.38424
-0.382865
-0.381222
-0.379434
-0.377653
-0.376073
-0.374885
-0.374296
-0.374457
-0.375479
-0.377378
-0.380092
-0.383475
-0.3873
-0.391335
-0.395343
-0.399092
-0.402378
-0.405082
-0.407059
-0.408221
-0.408495
-0.407848
-0.406266
-0.403776
-0.400488
-0.396534
-0.392161
-0.38767
-0.383397
-0.37967
-0.376821
-0.375094
-0.374603
-0.375284
-0.376895
-0.379032
-0.381252
-0.383192
-0.384724
-0.385991
-0.387327
-0.38913
-0.391611
-0.394722
-0.398122
-0.401357
-0.404
-0.405725
-0.406526
-0.406458
-0.405706
-0.404506
-0.403083
-0.401659
-0.400391
-0.399384
-0.398728
-0.398454
-0.398582
-0.399096
-0.399959
-0.401103
-0.402447
-0.403919
-0.405436
-0.406886
-0.40818
-0.409267
-0.410084
-0.410609
-0.410845
-0.410808
-0.41051
-0.409977
-0.409237
-0.408303
-0.407192
-0.405901
-0.404446
-0.402836
-0.401085
-0.399225
-0.397297
-0.395328
-0.393394
-0.391505
-0.38971
-0.388005
-0.386347
-0.384704
-0.383094
-0.381576
-0.380302
-0.379509
-0.379469
-0.3804
-0.382381
-0.385246
-0.388735
-0.392465
-0.396015
-0.399035
-0.401262
-0.402567
-0.402872
-0.402162
-0.400504
-0.397958
-0.394653
-0.390745
-0.386438
-0.381978
-0.377641
-0.373747
-0.37055
-0.368288
-0.367154
-0.367223
-0.368476
-0.370837
-0.374124
-0.378122
-0.382562
-0.387185
-0.391702
-0.395885
-0.399548
-0.402551
-0.404788
-0.406207
-0.406763
-0.406453
-0.40521
-0.402979
-0.399679
-0.395241
-0.389607
-0.382798
-0.375022
-0.366777
-0.358958
-0.352802
-0.349634
-0.350349
-0.355003
-0.362719
-0.372105
-0.381689
-0.390521
-0.39806
-0.404135
-0.408829
-0.41232
-0.414826
-0.416548
-0.417649
-0.418236
-0.418386
-0.418108
-0.417362
-0.416063
-0.41412
-0.41141
-0.407846
-0.40345
-0.398404
-0.393102
-0.388097
-0.38394
-0.380984
-0.379208
-0.378293
-0.377916
-0.377925
-0.378487
-0.379849
-0.382145
-0.385296
-0.389074
-0.393211
-0.397504
-0.401775
-0.405833
-0.409498
-0.412567
-0.414926
-0.416535
-0.417445
-0.417761
-0.41764
-0.417242
-0.416712
-0.416155
-0.415689
-0.415396
-0.415352
-0.415607
-0.416175
-0.41713
-0.418472
-0.420173
-0.422147
-0.424317
-0.426572
-0.428749
-0.430741
-0.432443
-0.433747
-0.434591
-0.434937
-0.434836
-0.434378
-0.43373
-0.433094
-0.432695
-0.432655
-0.433045
-0.433787
-0.434715
-0.435558
-0.436048
-0.435986
-0.435206
-0.433673
-0.431414
-0.428575
-0.425367
-0.422056
-0.419014
-0.416534
-0.414928
-0.414378
-0.414924
-0.416424
-0.418598
-0.421027
-0.423257
-0.424862
-0.425498
-0.424954
-0.42314
-0.420074
-0.41583
-0.410543
-0.404469
-0.398139
-0.392389
-0.387928
-0.38587
-0.386664
-0.390098
-0.395429
-0.401652
-0.407776
-0.413036
-0.416958
-0.419358
-0.420247
-0.419767
-0.418123
-0.415502
-0.412139
-0.408316
-0.404361
-0.400681
-0.397752
-0.396032
-0.395829
-0.397208
-0.399961
-0.403688
-0.407877
-0.412074
-0.415945
-0.419306
-0.422072
-0.424269
-0.425954
-0.427174
-0.428008
-0.428503
-0.428695
-0.428607
-0.428258
-0.427681
-0.42689
-0.425912
-0.424835
-0.423735
-0.422695
-0.421815
-0.421196
-0.420899
-0.420927
-0.421266
-0.421856
-0.422553
-0.423242
-0.423795
-0.424109
-0.4241
-0.423687
-0.422855
-0.421569
-0.419841
-0.417684
-0.415137
-0.41226
-0.409137
-0.405878
-0.402621
-0.399548
-0.396846
-0.394705
-0.393285
-0.392704
-0.39302
-0.394183
-0.396053
-0.398443
-0.401094
-0.403745
-0.406137
-0.408053
-0.409327
-0.409863
-0.409597
-0.408582
-0.406915
-0.404729
-0.402207
-0.399496
-0.396652
-0.393633
-0.390265
-0.386281
-0.381423
-0.375569
-0.36885
-0.361704
-0.354846
-0.349065
-0.34508
-0.343391
-0.34432
-0.347926
-0.35402
-0.362095
-0.371431
-0.381195
-0.390663
-0.399326
-0.406907
-0.413313
-0.418565
-0.422777
-0.42608
-0.428607
-0.430445
-0.431695
-0.432433
-0.432699
-0.432502
-0.431854
-0.43074
-0.429111
-0.426948
-0.424204
-0.420894
-0.417035
-0.412738
-0.40815
-0.403507
-0.399061
-0.395015
-0.391474
-0.388394
-0.385599
-0.382833
-0.379869
-0.376643
-0.373285
-0.370217
-0.368022
-0.367278
-0.368276
-0.370887
-0.374609
-0.378734
-0.382589
-0.385741
-0.387963
-0.389258
-0.389779
-0.389768
-0.389456
-0.389096
-0.388836
-0.388756
-0.388855
-0.389036
-0.389173
-0.389147
-0.388879
-0.388321
-0.387508
-0.386524
-0.385507
-0.384596
-0.383967
-0.383772
-0.384075
-0.384911
-0.386259
-0.388021
-0.390076
-0.392276
-0.39449
-0.39659
-0.398476
-0.40007
-0.401318
-0.402173
-0.402647
-0.402719
-0.402437
-0.401869
-0.401068
-0.400149
-0.399218
-0.398411
-0.397841
-0.397611
-0.397742
-0.398233
-0.399017
-0.39999
-0.40104
-0.40204
-0.402885
-0.403485
-0.403802
-0.403846
-0.403685
-0.403425
-0.403202
-0.403186
-0.403524
-0.40434
-0.405645
-0.407401
-0.409457
-0.411619
-0.413711
-0.415536
-0.416949
-0.417861
-0.418229
-0.418055
-0.41739
-0.416309
-0.414919
-0.413386
-0.411879
-0.410578
-0.40966
-0.409252
-0.409387
-0.40998
-0.410869
-0.411835
-0.412597
-0.41294
-0.41267
-0.411692
-0.410025
-0.407749
-0.405066
-0.402219
-0.399502
-0.39715
-0.395369
-0.394244
-0.393766
-0.393857
-0.394396
-0.395348
-0.396765
-0.398836
-0.401791
-0.405797
-0.410815
-0.416594
-0.422673
-0.428523
-0.433688
-0.437867
-0.440884
-0.442724
-0.443422
-0.443105
-0.441893
-0.439909
-0.437317
-0.434264
-0.430922
-0.427503
-0.424253
-0.421396
-0.41913
-0.417564
-0.416663
-0.416224
-0.415921
-0.41531
-0.414001
-0.411755
-0.408535
-0.40462
-0.400466
-0.396505
-0.392962
-0.389871
-0.38726
-0.385395
-0.384841
-0.386122
-0.389333
-0.393927
-0.39896
-0.403544
-0.407137
-0.40962
-0.411179
-0.412147
-0.41287
-0.413605
-0.414547
-0.415809
-0.41744
-0.419419
-0.421705
-0.424229
-0.426876
-0.429531
-0.432124
-0.434627
-0.437024
-0.439353
-0.441625
-0.443854
-0.445996
-0.447999
-0.449761
-0.451159
-0.452039
-0.452186
-0.451346
-0.449177
-0.445344
-0.439515
-0.431544
-0.421713
-0.411022
-0.401168
-0.394128
-0.391179
-0.392145
-0.39551
-0.399348
-0.402189
-0.403421
-0.40313
-0.401874
-0.400422
-0.399505
-0.399737
-0.401473
-0.404754
-0.409323
-0.414667
-0.420086
-0.424781
-0.427876
-0.428445
-0.42554
-0.418351
-0.406426
-0.39023
-0.371689
-0.354457
-0.342915
-0.340086
-0.345746
-0.356588
-0.368301
-0.377559
-0.382898
-0.384415
-0.383206
-0.380762
-0.378607
-0.377928
-0.379434
-0.383175
-0.388666
-0.395122
-0.401704
-0.407759
-0.412881
-0.416853
-0.419698
-0.421528
-0.422562
-0.423047
-0.423228
-0.423337
-0.423545
-0.423975
-0.424652
-0.425539
-0.426544
-0.427566
-0.428503
-0.42929
-0.429863
-0.430216
-0.430336
-0.430285
-0.430113
-0.429894
-0.429718
-0.429674
-0.429861
-0.430367
-0.431235
-0.432499
-0.434125
-0.436068
-0.43827
-0.44061
-0.442997
-0.445289
-0.44738
-0.449158
-0.4505
-0.451313
-0.451506
-0.450972
-0.449614
-0.447346
-0.444107
-0.439878
-0.434718
-0.428815
-0.422472
-0.416149
-0.410337
-0.405496
-0.401851
-0.399262
-0.397305
-0.395433
-0.393438
-0.391718
-0.391368
-0.393635
-0.399176
-0.407621
-0.417816
-0.428463
-0.438517
-0.447297
-0.454325
-0.459368
-0.462411
-0.463704
-0.463727
-0.463111
-0.462562
-0.462751
-0.46425
-0.467393
-0.472139
-0.478066
-0.484508
-0.490788
-0.496361
-0.500919
-0.504358
-0.506774
-0.50827
-0.509031
-0.509211
-0.50894
-0.508321
-0.507445
-0.506367
-0.505116
-0.50371
-0.502153
-0.500431
-0.498538
-0.496434
-0.494138
-0.491634
-0.489003
-0.486385
-0.483968
-0.48205
-0.480947
-0.481016
-0.482473
-0.485432
-0.489856
-0.495499
-0.502027
-0.509008
-0.515961
-0.522466
-0.528097
-0.532498
-0.535371
-0.536491
-0.535651
-0.532785
-0.528002
-0.521651
-0.514379
-0.507102
-0.50076
-0.496009
-0.492923
-0.491064
-0.489679
-0.488179
-0.48631
-0.484207
-0.482311
-0.4812
-0.481387
-0.483128
-0.486373
-0.490728
-0.495575
-0.500275
-0.504327
-0.507448
-0.50955
-0.510707
-0.511087
-0.510897
-0.510314
-0.509482
-0.508507
-0.507475
-0.506425
-0.505457
-0.504643
-0.504074
-0.503828
-0.503969
-0.504511
-0.505432
-0.506676
-0.508111
-0.509636
-0.511119
-0.512448
-0.513534
-0.514355
-0.514871
-0.515111
-0.515128
-0.514963
-0.514677
-0.51427
-0.513711
-0.513014
-0.512141
-0.511114
-0.509959
-0.508735
-0.507541
-0.506458
-0.505535
-0.50479
-0.504171
-0.503596
-0.502998
-0.502273
-0.501373
-0.50026
-0.498975
-0.497602
-0.496247
