-6.36475
-6.36316
-6.3584
-6.35032
-6.33861
-6.32178
-6.29926
-6.27035
-6.23474
-6.19326
-6.14491
-6.08851
-6.02384
-5.95457
-5.87895
-5.80075
-5.72311
-5.65173
-5.58913
-5.53817
-5.50086
-5.47654
-5.46616
-5.46643
-5.47311
-5.48784
-5.50501
-5.52289
-5.54083
-5.5565
-5.56993
-5.58051
-5.58867
-5.59499
-5.59911
-5.60171
-5.60304
-5.60323
-5.60216
-5.60056
-5.5987
-5.58812
-5.5667
-5.53482
-5.49286
-5.44329
-5.38905
-5.33342
-5.27987
-5.23356
-5.19606
-5.16949
-5.15408
-5.14984
-5.15576
-5.16888
-5.18533
-5.20377
-5.22026
-5.23374
-5.24286
-5.2489
-5.25191
-5.25319
-5.25015
-5.2442
-5.23324
-5.22181
-5.20954
-5.19738
-5.1884
-5.18374
-5.18267
-5.18685
-5.19342
-5.20409
-5.21928
-5.23624
-5.25381
-5.27015
-5.28615
-5.29945
-5.30617
-5.30697
-5.30204
-5.2924
-5.27916
-5.26317
-5.24506
-5.22575
-5.20585
-5.18832
-5.17536
-5.16685
-5.16338
-5.16543
-5.1694
-5.17482
-5.17757
-5.17767
-5.17238
-5.16367
-5.15095
-5.13538
-5.11984
-5.10418
-5.09097
-5.07657
-5.06352
-5.04999
-5.03861
-5.03096
-5.0281
-5.02807
-5.03108
-5.0349
-5.03812
-5.03891
-5.03728
-5.03174
-5.02288
-5.00926
-4.99275
-4.97233
-4.95221
-4.93514
-4.92182
-4.91408
-4.91409
-4.92063
-4.9324
-4.94532
-4.95867
-4.96974
-4.97966
-4.98618
-4.98987
-4.99125
-4.99061
-4.99217
-4.99862
-5.0102
-5.02737
-5.04759
-5.06855
-5.089
-5.10603
-5.1145
-5.11683
-5.10982
-5.09344
-5.07078
-5.04598
-5.02352
-5.00907
-5.00566
-5.01129
-5.02739
-5.04953
-5.07213
-5.09191
-5.1017
-5.10271
-5.09874
-5.08924
-5.08066
-5.07633
-5.07783
-5.08643
-5.10032
-5.11594
-5.12762
-5.13141
-5.12536
-5.10846
-5.08258
-5.04812
-5.00676
-4.96376
-4.92162
-4.8865
-4.86411
-4.85418
-4.85448
-4.86402
-4.88001
-4.90071
-4.92451
-4.9476
-4.96746
-4.98004
-4.98322
-4.98042
-4.97276
-4.96576
-4.96126
-4.96106
-4.96603
-4.9747
-4.98368
-4.99366
-5.00213
-5.00896
-5.01511
-5.01997
-5.0235
-5.02491
-5.02481
-5.02493
-5.0264
-5.02679
-5.02671
-5.0262
-5.02792
-5.03428
-5.04419
-5.05777
-5.07479
-5.0921
-5.10905
-5.12746
-5.14296
-5.15754
-5.1679
-5.17258
-5.17278
-5.16789
-5.16115
-5.15279
-5.14661
-5.14204
-5.14118
-5.14613
-5.15103
-5.15397
-5.15132
-5.14
-5.11874
-5.08724
-5.05191
-5.01642
-4.98421
-4.96276
-4.95291
-4.95493
-4.96235
-4.97304
-4.98385
-4.99329
-5.00035
-5.00346
-5.00449
-5.00445
-5.00616
-5.00958
-5.01544
-5.02232
-5.03263
-5.04421
-5.05644
-5.06511
-5.07126
-5.07512
-5.0768
-5.07582
-5.07673
-5.07701
-5.07735
-5.07813
-5.07595
-5.06937
-5.05827
-5.04282
-5.02285
-4.99864
-4.97078
-4.94143
-4.91421
-4.89135
-4.87283
-4.86258
-4.85807
-4.8607
-4.86976
-4.88411
-4.90175
-4.91925
-4.93377
-4.94383
-4.94863
-4.94698
-4.93763
-4.92201
-4.90092
-4.87626
-4.85288
-4.83106
-4.81568
-4.81034
-4.81811
-4.84043
-4.87621
-4.9229
-4.9733
-5.02226
-5.06636
-5.10151
-5.12682
-5.14386
-5.15052
-5.14756
-5.13405
-5.11005
-5.07297
-5.02709
-4.98054
-4.93874
-4.90956
-4.89529
-4.89224
-4.8945
-4.89743
-4.90085
-4.90022
-4.89775
-4.89192
-4.88433
-4.87755
-4.87542
-4.87994
-4.89327
-4.91378
-4.93731
-4.96063
-4.97763
-4.98794
-4.98831
-4.98043
-4.96866
-4.95965
-4.95634
-4.96251
-4.9782
-5.00072
-5.02565
-5.05351
-5.07991
-5.10203
-5.11695
-5.12342
-5.12089
-5.10982
-5.09059
-5.06477
-5.03562
-5.00358
-4.97182
-4.94256
-4.9165
-4.89586
-4.88361
-4.88121
-4.88914
-4.91001
-4.93735
-4.96698
-4.99604
-5.02199
-5.04432
-5.06544
-5.08301
-5.09497
-5.09944
-5.09324
-5.07581
-5.04959
-5.02074
-4.98991
-4.96436
-4.94546
-4.93402
-4.92626
-4.92016
-4.91335
-4.90694
-4.90419
-4.90715
-4.91571
-4.92574
-4.93412
-4.94044
-4.94524
-4.95093
-4.96026
-4.97421
-4.9931
-5.01023
-5.02539
-5.03276
-5.03136
-5.02355
-5.01541
-5.01437
-5.01894
-5.02754
-5.03806
-5.05009
-5.06127
-5.07385
-5.08073
-5.08335
-5.07662
-5.06057
-5.03489
-5.00187
-4.96407
-4.92925
-4.90161
-4.88407
-4.8766
-4.88033
-4.89303
-4.91262
-4.93876
-4.96664
-4.99492
-5.02028
-5.03951
-5.05405
-5.06303
-5.06595
-5.06631
-5.06443
-5.06508
-5.07101
-5.08084
-5.09375
-5.10994
-5.12728
-5.14348
-5.15753
-5.16841
-5.17615
-5.17749
-5.17388
-5.16441
-5.14759
-5.12673
-5.10296
-5.0779
-5.05167
-5.02574
-5.00149
-4.98176
-4.9678
-4.9636
-4.96992
-4.98546
-5.00482
-5.02442
-5.04205
-5.05804
-5.07296
-5.08721
-5.10068
-5.11375
-5.12434
-5.13298
-5.13893
-5.14203
-5.14094
-5.13695
-5.13026
-5.12156
-5.10851
-5.09527
-5.08014
-5.06646
-5.05547
-5.04908
-5.04823
-5.04705
-5.04394
-5.03655
-5.02814
-5.02077
-5.01652
-5.01603
-5.02311
-5.03592
-5.05589
-5.07658
-5.0962
-5.11518
-5.13035
-5.14171
-5.14999
-5.1551
-5.15793
-5.15994
-5.1605
-5.15971
-5.15579
-5.14754
-5.13569
-5.12038
-5.1027
-5.08254
-5.06505
-5.05098
-5.03945
-5.02983
-5.02025
-5.01103
-5.00497
-5.00181
-5.00292
-5.00907
-5.01717
-5.02849
-5.04257
-5.056
-5.06992
-5.08392
-5.0935
-5.09477
-5.088
-5.07238
-5.04923
-5.01993
-4.98987
-4.96114
-4.93901
-4.92724
-4.92386
-4.92966
-4.94141
-4.95532
-4.97066
-4.9836
-4.99461
-5.00407
-5.01117
-5.01549
-5.01831
-5.01896
-5.01736
-5.01177
-5.00241
-4.98828
-4.96588
-4.93968
-4.91102
-4.88012
-4.85039
-4.82715
-4.81256
-4.81427
-4.83542
-4.87217
-4.91455
-4.95381
-4.98282
-4.9974
-4.99675
-4.98131
-4.95375
-4.91716
-4.87746
-4.84227
-4.81641
-4.80311
-4.79988
-4.80264
-4.80884
-4.8145
-4.81862
-4.81973
-4.8225
-4.82621
-4.83287
-4.84314
-4.85942
-4.8796
-4.90124
-4.92278
-4.94026
-4.95032
-4.95078
-4.94595
-4.94089
-4.94022
-4.9455
-4.95788
-4.97501
-4.99553
-5.01391
-5.02881
-5.0396
-5.04551
-5.04814
-5.04429
-5.03597
-5.02563
-5.0125
-4.99722
-4.98239
-4.97052
-4.96442
-4.96501
-4.97248
-4.98557
-5.00023
-5.01409
-5.02428
-5.02973
-5.02547
-5.01178
-4.98666
-4.95413
-4.92181
-4.89848
-4.89072
-4.8998
-4.92071
-4.95006
-4.97892
-5.00609
-5.02558
-5.03626
-5.03831
-5.03229
-5.02494
-5.02037
-5.02291
-5.03516
-5.05317
-5.07519
-5.09247
-5.10205
-5.10137
-5.09005
-5.0725
-5.05373
-5.0362
-5.0268
-5.02649
-5.03348
-5.04642
-5.06236
-5.07911
-5.09035
-5.09436
-5.09476
-5.09687
-5.10276
-5.11417
-5.12948
-5.14497
-5.15699
-5.16604
-5.17118
-5.17522
-5.17908
-5.18493
-5.19181
-5.20003
-5.20646
-5.20969
-5.21363
-5.21552
-5.21479
-5.21301
-5.20784
-5.19971
-5.18619
-5.1699
-5.15007
-5.12929
-5.10706
-5.08767
-5.06775
-5.05344
-5.04416
-5.03959
-5.04053
-5.04504
-5.05104
-5.05747
-5.0643
-5.07044
-5.07556
-5.07976
-5.08279
-5.08237
-5.07927
-5.07215
-5.06348
-5.05386
-5.04579
-5.04057
-5.03773
-5.03496
-5.03224
-5.02699
-5.01836
-5.00705
-4.99735
-4.98365
-4.96989
-4.95622
-4.94207
-4.93406
-4.93481
-4.94757
-4.97096
-4.99943
-5.03041
-5.06014
-5.08575
-5.11117
-5.13078
-5.14398
-5.15081
-5.14881
-5.13865
-5.12006
-5.09704
-5.07324
-5.05367
-5.04279
-5.0386
-5.03973
-5.04158
-5.04384
-5.04533
-5.04444
-5.04329
-5.03997
-5.03665
-5.03284
-5.0274
-5.02093
-5.01617
-5.01665
-5.02563
-5.04349
-5.06614
-5.08936
-5.10841
-5.11974
-5.12338
-5.12045
-5.1128
-5.10397
-5.09604
-5.09156
-5.0911
-5.09514
-5.09854
-5.10117
-5.09768
-5.09004
-5.08102
-5.0698
-5.058
-5.04429
-5.03097
-5.01866
-5.00676
-4.99766
-4.99228
-4.99095
-4.9903
-4.98966
-4.98708
-4.98397
-4.98113
-4.98138
-4.98187
-4.98318
-4.9848
-4.98717
-4.98775
-4.98687
-4.98332
-4.97868
-4.97209
-4.96364
-4.95481
-4.94873
-4.94711
-4.95174
-4.96274
-4.9795
-5.00132
-5.02554
-5.05238
-5.07723
-5.09929
-5.11719
-5.1317
-5.14107
-5.14448
-5.14049
-5.12971
-5.11375
-5.09604
-5.08064
-5.07306
-5.07291
-5.08039
-5.09149
-5.10356
-5.11374
-5.1207
-5.12042
-5.11394
-5.10151
-5.08542
-5.06927
-5.05734
-5.05274
-5.05597
-5.06564
-5.07795
-5.0897
-5.09658
-5.09823
-5.09278
-5.08559
-5.07924
-5.07545
-5.0765
-5.08108
-5.08835
-5.09569
-5.10186
-5.10712
-5.11134
-5.11279
-5.1097
-5.10129
-5.08808
-5.07272
-5.05714
-5.04479
-5.03895
-5.03818
-5.04169
-5.04856
-5.05712
-5.0662
-5.07677
-5.08857
-5.1006
-5.11002
-5.11555
-5.11644
-5.11262
-5.10501
-5.09614
-5.08811
-5.08146
-5.07582
-5.06735
-5.05091
-5.02477
-4.98948
-4.94846
-4.91186
-4.88906
-4.88191
-4.89263
-4.91737
-4.95171
-4.99019
-5.02959
-5.0653
-5.09406
-5.11573
-5.12742
-5.13027
-5.12438
-5.11216
-5.09358
-5.07219
-5.05199
-5.03258
-5.01551
-5.00203
-4.99267
-4.98926
-4.99006
-4.99638
-5.00727
-5.0211
-5.03564
-5.05086
-5.06473
-5.07402
-5.07974
-5.08028
-5.07432
-5.0646
-5.05139
-5.03422
-5.01425
-4.9958
-4.97952
-4.96494
-4.9538
-4.94585
-4.94274
-4.94365
-4.94653
-4.9516
-4.95897
-4.96872
-4.98015
-4.9948
-5.0094
-5.02343
-5.03038
-5.03308
-5.03079
-5.02404
-5.01428
-5.00424
-4.99525
-4.98694
-4.97963
-4.9733
-4.96795
-4.96375
-4.95858
-4.9523
-4.94251
-4.9305
-4.91571
-4.9001
-4.8868
-4.87508
-4.86909
-4.86536
-4.86531
-4.8705
-4.88048
-4.89614
-4.91876
-4.94482
-4.96897
-4.98921
-5.00002
-5.00035
-4.99364
-4.98287
-4.97044
-4.95972
-4.95182
-4.94646
-4.9405
-4.93073
-4.9186
-4.90231
-4.88705
-4.87463
-4.86873
-4.87085
-4.88155
-4.8986
-4.91969
-4.94162
-4.95981
-4.97351
-4.97993
-4.98072
-4.97983
-4.97763
-4.97337
-4.96943
-4.96511
-4.96117
-4.95742
-4.95424
-4.95012
-4.94464
-4.93804
-4.93019
-4.92305
-4.91839
-4.91683
-4.92076
-4.93163
-4.95077
-4.97679
-5.00695
-5.03729
-5.06387
-5.08603
-5.103
-5.11262
-5.11721
-5.11922
-5.11745
-5.11352
-5.10932
-5.10636
-5.10504
-5.10343
-5.09997
-5.09365
-5.08386
-5.07208
-5.06233
-5.05196
-5.04437
-5.04188
-5.04549
-5.05678
-5.07385
-5.09342
-5.11358
-5.13043
-5.14537
-5.15615
-5.1648
-5.17101
-5.17474
-5.1743
-5.16998
-5.16077
-5.14562
-5.1251
-5.10299
-5.08019
-5.05931
-5.03982
-5.01961
-5.00317
-4.99315
-4.98965
-4.99611
-5.01079
-5.02824
-5.0464
-5.06083
-5.07252
-5.08099
-5.08784
-5.09144
-5.09346
-5.09294
-5.09062
-5.08926
-5.08759
-5.08578
-5.08416
-5.0779
-5.06688
-5.05034
-5.02962
-5.00941
-4.99089
-4.97707
-4.96707
-4.96062
-4.95431
-4.94728
-4.93812
-4.92863
-4.92288
-4.91892
-4.91858
-4.92345
-4.93206
-4.94211
-4.94884
-4.955
-4.96398
-4.97693
-4.99332
-5.01659
-5.04337
-5.06775
-5.0836
-5.08587
-5.07789
-5.06084
-5.03696
-5.01092
-4.9871
-4.9671
-4.9514
-4.93917
-4.93136
-4.92606
-4.92232
-4.92337
-4.92728
-4.93334
-4.94206
-4.95017
-4.96021
-4.96979
-4.97805
-4.9828
-4.98367
-4.98223
-4.98064
-4.97801
-4.97782
-4.97995
-4.98359
-4.99184
-5.00006
-5.0085
-5.01302
-5.01215
-5.0054
-4.99186
-4.97641
-4.96107
-4.94719
-4.93726
-4.93265
-4.93577
-4.93988
-4.95009
-4.9622
-4.97457
-4.98486
-4.99163
-4.99492
-4.99532
-4.99361
-4.99236
-4.99361
-4.99957
-5.01114
-5.02687
-5.04375
-5.05576
-5.06075
-5.05555
-5.03998
-5.01772
-4.99471
-4.97396
-4.95553
-4.94122
-4.9318
-4.92854
-4.93292
-4.94505
-4.96537
-4.98952
-5.01447
-5.03643
-5.05163
-5.0615
-5.06712
-5.07359
-5.08561
-5.10255
-5.12061
-5.13374
-5.13637
-5.13052
-5.11689
-5.09764
-5.07354
-5.04849
-5.02655
-5.00967
-5.00096
-5.00144
-5.00869
-5.01942
-5.03329
-5.04539
-5.05666
-5.06651
-5.0732
-5.07648
-5.08043
-5.0857
-5.0901
-5.09404
-5.09637
-5.09463
-5.08972
-5.08114
-5.06938
-5.05598
-5.04304
-5.02971
-5.01746
-5.00107
-4.97941
-4.95558
-4.92793
-4.9054
-4.89684
-4.90724
-4.9304
-4.96026
-4.98584
-5.00755
-5.02458
-5.03932
-5.05357
-5.06913
-5.08457
-5.0986
-5.10649
-5.10747
-5.0997
-5.0865
-5.06807
-5.04556
-5.02268
-5.00035
-4.98153
-4.966
-4.95175
-4.94011
-4.93067
-4.92692
-4.92776
-4.93308
-4.94005
-4.94715
-4.95221
-4.95438
-4.95726
-4.96279
-4.97032
-4.9819
-4.99906
-5.0178
-5.03407
-5.0479
-5.05783
-5.06263
-5.06066
-5.05417
-5.04279
-5.02845
-5.01645
-5.00774
-5.00561
-5.01225
-5.02729
-5.04895
-5.07478
-5.09982
-5.1208
-5.13417
-5.13774
-5.13153
-5.1174
-5.09809
-5.07762
-5.05937
-5.04666
-5.04043
-5.0415
-5.04919
-5.06049
-5.07482
-5.0907
-5.10539
-5.11783
-5.12371
-5.12659
-5.12665
-5.12634
-5.12973
-5.13548
-5.14497
-5.15464
-5.16606
-5.17834
-5.18736
-5.19292
-5.19365
-5.18729
-5.16991
-5.14646
-5.11911
-5.09296
-5.0714
-5.05794
-5.05017
-5.04573
-5.0415
-5.03636
-5.02975
-5.02088
-5.01375
-5.0078
-5.00382
-5.00044
-4.99784
-4.99531
-4.9922
-4.98788
-4.98624
-4.98833
-4.99647
-5.012
-5.03328
-5.0578
-5.08339
-5.10795
-5.13121
-5.15089
-5.16732
-5.18013
-5.18992
-5.19464
-5.19539
-5.19073
-5.18096
-5.1659
-5.14874
-5.12886
-5.10941
-5.09125
-5.07402
-5.05893
-5.04466
-5.03222
-5.02068
-5.01112
-5.0018
-4.99434
-4.98778
-4.98136
-4.97675
-4.97199
-4.97048
-4.97086
-4.97308
-4.97745
-4.9826
-4.98634
-4.99273
-5.00314
-5.02091
-5.04306
-5.07237
-5.10254
-5.1294
-5.15032
-5.16065
-5.1626
-5.15673
-5.14426
-5.1291
-5.10867
-5.08856
-5.06818
-5.05236
-5.04261
-5.04245
-5.05071
-5.06767
-5.09209
-5.11957
-5.14808
-5.17342
-5.1942
-5.20563
-5.20738
-5.2011
-5.19004
-5.17782
-5.17012
-5.16667
-5.16989
-5.17501
-5.17875
-5.17757
-5.16927
-5.15341
-5.13172
-5.1041
-5.07453
-5.04638
-5.02174
-5.00014
-4.98237
-4.96573
-4.94966
-4.93547
-4.92578
-4.92157
-4.92461
-4.93507
-4.95256
-4.97379
-4.99522
-5.01708
-5.03352
-5.04543
-5.05213
-5.05033
-5.04244
-5.03125
-5.02033
-5.01397
-5.01334
-5.01814
-5.02753
-5.03677
-5.04417
-5.04804
-5.0443
-5.03905
-5.02971
-5.01921
-5.00834
-4.99881
-4.9893
-4.98211
-4.97791
-4.97797
-4.9805
-4.98492
-4.9878
-4.98655
-4.98013
-4.9689
-4.95405
-4.9366
-4.91965
-4.90561
-4.89404
-4.88792
-4.88242
-4.87807
-4.87705
-4.88151
-4.89197
-4.9079
-4.9276
-4.94923
-4.96827
-4.98364
-4.99128
-4.99065
-4.98087
-4.96467
-4.94247
-4.91968
-4.89768
-4.8824
-4.87499
-4.87564
-4.8818
-4.89088
-4.89713
-4.90102
-4.90227
-4.90076
-4.89842
-4.89694
-4.89845
-4.9018
-4.90568
-4.90682
-4.90192
-4.88917
-4.86985
-4.84495
-4.81926
-4.79495
-4.77526
-4.76093
-4.75149
-4.74655
-4.75004
-4.75924
-4.77224
-4.78543
-4.79931
-4.81064
-4.82181
-4.83058
-4.83351
-4.83156
-4.82457
-4.81553
-4.80442
-4.79124
-4.77719
-4.76563
-4.76142
-4.76836
-4.78686
-4.8133
-4.84409
-4.87462
-4.89955
-4.91774
-4.93041
-4.93833
-4.94484
-4.94846
-4.9523
-4.95631
-4.96082
-4.96523
-4.97249
-4.98328
-4.9987
-5.01627
-5.03245
-5.04785
-5.0595
-5.06988
-5.07904
-5.08723
-5.09443
-5.09812
-5.09966
-5.0963
-5.08757
-5.07167
-5.0496
-5.02429
-5.00395
-4.98798
-4.98447
-4.99358
-5.01409
-5.04098
-5.06905
-5.09379
-5.11314
-5.1274
-5.13658
-5.14343
-5.15032
-5.15743
-5.16567
-5.17663
-5.18889
-5.19728
-5.20135
-5.19875
-5.18807
-5.16967
-5.14486
-5.11673
-5.0867
-5.05628
-5.02858
-5.00668
-4.99013
-4.98087
-4.97945
-4.98446
-4.99413
-5.00758
-5.02129
-5.03356
-5.04405
-5.05267
-5.05897
-5.0629
-5.06458
-5.06271
-5.05691
-5.04794
-5.03305
-5.01314
-4.99173
-4.97356
-4.9638
-4.96372
-4.97197
-4.98463
-4.99878
-5.01152
-5.02205
-5.02966
-5.03486
-5.04165
-5.04705
-5.05403
-5.05827
-5.0601
-5.05709
-5.05005
-5.03839
-5.02189
-5.00109
-4.97669
-4.94863
-4.91986
-4.89302
-4.87063
-4.85425
-4.84651
-4.84883
-4.86185
-4.88598
-4.91835
-4.95485
-4.98763
-5.01406
-5.02815
-5.03087
-5.02533
-5.0137
-5.00379
-4.99909
-4.99999
-5.00653
-5.01562
-5.0241
-5.02763
-5.02649
-5.0192
-5.00393
-4.98107
-4.95222
-4.9215
-4.89073
-4.86199
-4.83847
-4.82222
-4.81394
-4.81515
-4.82459
-4.83934
-4.85789
-4.87648
-4.89567
-4.91181
-4.92691
-4.9419
-4.95784
-4.97398
-4.98896
-5.00162
-5.01003
-5.01419
-5.0133
-5.00936
-5.00496
-5.00261
-5.00451
-5.00779
-5.0126
-5.01605
-5.01702
-5.01543
-5.01301
-5.01095
-5.01046
-5.0118
-5.01438
-5.01424
-5.00875
-4.99737
-4.9822
-4.96624
-4.95552
-4.95368
-4.96023
-4.97081
-4.9834
-4.9944
-5.00324
-5.01047
-5.01644
-5.02073
-5.02462
-5.02695
-5.02686
-5.02462
-5.01991
-5.01183
-5.00024
-4.98551
-4.96833
-4.94789
-4.92602
-4.90445
-4.88812
-4.87811
-4.8778
-4.88837
-4.90837
-4.93259
-4.95828
-4.97763
-4.98831
-4.98809
-4.97634
-4.9557
-4.92881
-4.89891
-4.87225
-4.85011
-4.83337
-4.82062
-4.8118
-4.80722
-4.80782
-4.81444
-4.82666
-4.84304
-4.86175
-4.87808
-4.8916
-4.90159
-4.91195
-4.9234
-4.93705
-4.95387
-4.9694
-4.98075
-4.9847
-4.98002
-4.97035
-4.95932
-4.95124
-4.94606
-4.94707
-4.95014
-4.95397
-4.95475
-4.95165
-4.94599
-4.93915
-4.93636
-4.93842
-4.94852
-4.96315
-4.97815
-4.99216
-5.00258
-5.00712
-5.00483
-4.99893
-4.98783
-4.97747
-4.96994
-4.96606
-4.9661
-4.9697
-4.97465
-4.98449
-4.9976
-5.0174
-5.04182
-5.06967
-5.09266
-5.11058
-5.11891
-5.11729
-5.10575
-5.08891
-5.06732
-5.04758
-5.0321
-5.02459
-5.02284
-5.02497
-5.02824
-5.03003
-5.0292
-5.02756
-5.02394
-5.02188
-5.02177
-5.02651
-5.03515
-5.04903
-5.0643
-5.08257
-5.10206
-5.11966
-5.13394
-5.14247
-5.14548
-5.14035
-5.13104
-5.11827
-5.10307
-5.08528
-5.0676
-5.0523
-5.04191
-5.04121
-5.04966
-5.0685
-5.09326
-5.11582
-5.12903
-5.1313
-5.12239
-5.10578
-5.08107
-5.05101
-5.01739
-4.9845
-4.95787
-4.94095
-4.93432
-4.93624
-4.94153
-4.94752
-4.95016
-4.95035
-4.95027
-4.95044
-4.9536
-4.95461
-4.95526
-4.95462
-4.95291
-4.95327
-4.95744
-4.96974
-4.98859
-5.00946
-5.02995
-5.04307
-5.04589
-5.03818
-5.02146
-4.99816
-4.97083
-4.94209
-4.91467
-4.89204
-4.87472
-4.8625
-4.85451
-4.84881
-4.84583
-4.84621
-4.85319
-4.86692
-4.88913
-4.91978
-4.95755
-4.99784
-5.03489
-5.06438
-5.0843
-5.09152
-5.08607
-5.07262
-5.05169
-5.02985
-5.00869
-4.99065
-4.976
-4.96588
-4.96008
-4.96312
-4.97444
-4.99543
-5.02019
-5.04601
-5.06923
-5.08643
-5.09674
-5.09988
-5.0969
-5.0864
-5.07141
-5.0525
-5.03301
-5.01794
-5.01032
-5.01358
-5.02664
-5.0476
-5.07257
-5.09245
-5.10098
-5.09457
-5.07232
-5.03519
-4.99129
-4.95069
-4.92085
-4.90348
-4.89717
-4.89941
-4.90448
-4.91064
-4.91688
-4.92471
-4.93609
-4.956
-4.98382
-5.01987
-5.05787
-5.09283
-5.11951
-5.13531
-5.13818
-5.12774
-5.10666
-5.07933
-5.04883
-5.01657
-4.98604
-4.96184
-4.94811
-4.94475
-4.9503
-4.95921
-4.96966
-4.9806
-4.98792
-4.99371
-4.99642
-4.99812
-4.99711
-4.99553
-4.99679
-5.00168
-5.00732
-5.01489
-5.02113
-5.0216
-5.01772
-5.00872
-4.9958
-4.98154
-4.96618
-4.95333
-4.94481
-4.9391
-4.93462
-4.93005
-4.92886
-4.93107
-4.94163
-4.96145
-4.9864
-5.01127
-5.03142
-5.04629
-5.05209
-5.05247
-5.04711
-5.03647
-5.02384
-5.00693
-4.9879
-4.96622
-4.94458
-4.92919
-4.92322
-4.92698
-4.94123
-4.96281
-4.98589
-5.00862
-5.02991
-5.0466
-5.05871
-5.06627
-5.0696
-5.06925
-5.06608
-5.05906
-5.05296
-5.04803
-5.04394
-5.04174
-5.0405
-5.04078
-5.042
-5.0433
-5.04364
-5.04318
-5.03981
-5.03555
-5.03245
-5.03047
-5.02977
-5.03082
-5.02957
-5.02529
-5.01723
-5.00486
-4.99148
-4.97276
