1.8
1.8
1.80001
1.80003
1.80005
1.80008
1.80011
1.80016
1.8002
1.80026
1.80032
1.80038
1.80046
1.80054
1.80062
1.80071
1.80081
1.80092
1.80103
1.80115
1.80128
1.80142
1.80156
1.80171
1.80187
1.80203
1.80221
1.80239
1.80258
1.80278
1.80299
1.8032
1.80343
1.80366
1.80391
1.80416
1.80442
1.8047
1.80498
1.80527
1.80558
1.80589
1.80622
1.80656
1.80691
1.80728
1.80766
1.80805
1.80845
1.80887
1.8
1.80043
1.80089
1.80138
1.80188
1.80239
1.80293
1.80349
1.80407
1.80467
1.80529
1.80593
1.8066
1.8073
1.80802
1.80877
1.80955
1.81036
1.81121
1.81208
1.813
1.81395
1.81494
1.81598
1.81706
1.81819
1.81936
1.82059
1.82188
1.82322
1.82463
1.8261
1.82764
1.82926
1.83095
1.83273
1.83459
1.83654
1.83858
1.84073
1.84298
1.84534
1.84781
1.85039
1.85309
1.8559
1.85882
1.86184
1.86496
1.86815
1.8
1.80303
1.80619
1.80925
1.81212
1.81472
1.81689
1.81849
1.81934
1.81926
1.8181
1.81577
1.81234
1.80806
1.80345
1.79925
1.79629
1.7953
1.79672
1.80053
1.80631
1.81337
1.82086
1.82797
1.834
1.83855
1.84153
1.84327
1.84448
1.8461
1.84904
1.85388
1.86061
1.86868
1.87717
1.88513
1.89179
1.89667
1.89961
1.9007
1.90024
1.89864
1.89636
1.89384
1.89139
1.88919
1.88724
1.88549
1.88385
1.88222
1.8
1.79816
1.79613
1.79411
1.79243
1.79158
1.79213
1.79451
1.79884
1.80495
1.81238
1.82057
1.82894
1.83694
1.84411
1.85008
1.85463
1.85765
1.8592
1.85944
1.85864
1.85716
1.85539
1.85376
1.85262
1.85228
1.85288
1.85444
1.85684
1.85987
1.86325
1.86668
1.86993
1.87279
1.87515
1.87699
1.87834
1.87933
1.88008
1.88071
1.88132
1.88192
1.88251
1.88306
1.88355
1.88397
1.88436
1.88477
1.88525
1.88584
1.8
1.80071
1.80151
1.80232
1.80313
1.80393
1.80473
1.8056
1.8066
1.80776
1.80915
1.81079
1.81266
1.81473
1.81696
1.81925
1.82152
1.82369
1.82567
1.82737
1.8287
1.82961
1.83003
1.82993
1.8293
1.82815
1.82657
1.82469
1.8227
1.82082
1.81927
1.81821
1.8177
1.81765
1.81787
1.8181
1.81804
1.81743
1.81607
1.8139
1.81098
1.80758
1.80415
1.80134
1.79985
1.80029
1.80298
1.80782
1.81432
1.82169
1.8
1.80618
1.81132
1.81456
1.81549
1.81387
1.80968
1.80331
1.7957
1.78846
1.78347
1.78228
1.78535
1.7919
1.80027
1.80868
1.81565
1.82024
1.8219
1.82043
1.81583
1.80836
1.79849
1.78704
1.77518
1.7643
1.75587
1.75109
1.75061
1.75436
1.76161
1.77111
1.78152
1.79159
1.80048
1.80774
1.81327
1.81723
1.81992
1.82167
1.82278
1.82347
1.82391
1.82421
1.82442
1.82458
1.82471
1.82485
1.82504
1.8253
1.8
1.80048
1.80116
1.802
1.80299
1.80411
1.80531
1.80652
1.80765
1.80859
1.80921
1.80937
1.8089
1.80759
1.80525
1.80168
1.79673
1.79037
1.78277
1.7744
1.76606
1.75876
1.75349
1.75083
1.75075
1.75269
1.75583
1.75937
1.76276
1.76571
1.76813
1.77006
1.77161
1.77287
1.7739
1.77474
1.77537
1.77579
1.77597
1.77589
1.77556
1.77502
1.77434
1.77367
1.77318
1.77309
1.77354
1.7746
1.77624
1.77829
1.8
1.80199
1.80376
1.80502
1.80567
1.80568
1.80506
1.80386
1.80218
1.80015
1.7979
1.7956
1.79339
1.79142
1.78981
1.78861
1.78787
1.78755
1.78763
1.78801
1.78864
1.78943
1.79035
1.79135
1.79242
1.79353
1.79468
1.79583
1.79695
1.79794
1.79869
1.79903
1.79876
1.79764
1.79545
1.79197
1.78713
1.78102
1.77395
1.76652
1.75945
1.75341
1.74883
1.74587
1.74446
1.74447
1.74583
1.74847
1.75228
1.75712
1.8
1.80588
1.81235
1.81886
1.82508
1.83072
1.83549
1.83914
1.84149
1.84243
1.84193
1.84006
1.83704
1.83322
1.82908
1.82515
1.82186
1.81938
1.81759
1.81613
1.81454
1.81247
1.80978
1.80656
1.8031
1.79976
1.79688
1.79468
1.7932
1.79241
1.7922
1.79245
1.7931
1.79411
1.79545
1.79709
1.79897
1.80103
1.8032
1.80538
1.8075
1.80951
1.81136
1.81304
1.81452
1.81581
1.81692
1.81787
1.81866
1.81932
1.8
1.80042
1.80078
1.80107
1.8013
1.80149
1.80164
1.80175
1.80184
1.8019
1.80192
1.80192
1.80187
1.80176
1.80159
1.80133
1.80097
1.80047
1.79983
1.79902
1.79803
1.79687
1.79556
1.79416
1.79274
1.79142
1.79032
1.78956
1.78927
1.78951
1.79028
1.79153
1.79315
1.79502
1.79696
1.79884
1.80051
1.80185
1.80277
1.80317
1.80297
1.8021
1.80053
1.79825
1.79529
1.79175
1.78783
1.78378
1.77993
1.77662
1.8
1.79871
1.79858
1.79974
1.80211
1.80553
1.80977
1.81458
1.81966
1.82474
1.82953
1.83379
1.83732
1.83999
1.8417
1.84244
1.84225
1.84128
1.83973
1.83788
1.83606
1.8345
1.83336
1.83259
1.83203
1.83142
1.83054
1.82929
1.82774
1.82613
1.82478
1.82398
1.8239
1.82449
1.8256
1.82697
1.8284
1.82973
1.83091
1.83196
1.83294
1.83391
1.83491
1.83597
1.83706
1.83815
1.83918
1.84011
1.84095
1.84177
1.8
1.80109
1.80266
1.80473
1.80728
1.81018
1.8132
1.81608
1.81856
1.82043
1.82154
1.82177
1.82109
1.81947
1.81692
1.81348
1.80919
1.80415
1.7985
1.79254
1.78673
1.78165
1.77795
1.7761
1.77624
1.77806
1.78094
1.78417
1.78713
1.78949
1.79118
1.7924
1.79348
1.79475
1.79644
1.79861
1.80114
1.80379
1.80619
1.80801
1.8089
1.80867
1.80725
1.80487
1.80196
1.79915
1.79702
1.7958
1.79525
1.79467
1.8
1.79699
1.79198
1.78539
1.77805
1.77131
1.76664
1.76523
1.76752
1.77306
1.78071
1.78909
1.79704
1.80379
1.80906
1.81284
1.81531
1.81672
1.81733
1.81735
1.81694
1.81626
1.81539
1.81439
1.81332
1.8122
1.81106
1.80992
1.80879
1.80768
1.80662
1.80561
1.80466
1.80379
1.80301
1.8023
1.80168
1.80114
1.80068
1.8003
1.80001
1.79983
1.79976
1.79985
1.8001
1.80056
1.80122
1.80211
1.80318
1.80441
1.8
1.80123
1.80242
1.80335
1.80388
1.80385
1.80309
1.80143
1.79876
1.79505
1.79045
1.78534
1.78042
1.77661
1.77484
1.77571
1.77924
1.78488
1.79178
1.79906
1.80608
1.81249
1.81814
1.82299
1.82705
1.83032
1.83272
1.83413
1.83435
1.83313
1.83027
1.82564
1.81941
1.81211
1.80463
1.79797
1.79279
1.78904
1.78616
1.78366
1.7817
1.78127
1.78364
1.78952
1.79858
1.80953
1.82077
1.83096
1.83925
1.84531
1.8
1.80157
1.80155
1.80011
1.79758
1.79425
1.79039
1.78621
1.78187
1.77747
1.7731
1.76895
1.76531
1.76264
1.76149
1.76237
1.76554
1.77083
1.77763
1.78508
1.79222
1.79826
1.80258
1.80485
1.80495
1.80304
1.79947
1.79478
1.78956
1.78433
1.77936
1.77469
1.77031
1.76643
1.76359
1.76267
1.76448
1.76927
1.77649
1.78487
1.79293
1.79939
1.80354
1.80528
1.80504
1.80364
1.80203
1.80092
1.80064
1.80109
1.8
1.80077
1.80143
1.80184
1.80192
1.80159
1.8007
1.79918
1.79709
1.79464
1.79225
1.79033
1.78925
1.78913
1.78992
1.79139
1.79327
1.79531
1.79733
1.79918
1.80077
1.80197
1.80263
1.80252
1.80142
1.79906
1.79526
1.79001
1.78369
1.77712
1.77157
1.76832
1.76807
1.77054
1.77459
1.77877
1.78191
1.78334
1.78289
1.78078
1.77739
1.77322
1.76876
1.76448
1.76073
1.7578
1.75584
1.75495
1.75512
1.75633
1.8
1.80284
1.80649
1.81064
1.81503
1.81942
1.82353
1.82709
1.82988
1.83172
1.83246
1.83204
1.83045
1.82774
1.82401
1.81939
1.814
1.80795
1.80135
1.79436
1.78728
1.78063
1.77508
1.77139
1.77015
1.77157
1.77546
1.78126
1.78831
1.79597
1.80373
1.81119
1.81807
1.82411
1.82912
1.83291
1.83534
1.83631
1.83581
1.83394
1.83093
1.82716
1.82301
1.81868
1.81397
1.80819
1.80044
1.79025
1.77844
1.76762
1.8
1.79974
1.80484
1.81233
1.81893
1.8228
1.82363
1.82213
1.81953
1.81712
1.816
1.81675
1.81924
1.82268
1.82586
1.82744
1.82626
1.82164
1.81362
1.8032
1.79248
1.78422
1.78089
1.78351
1.79132
1.80234
1.81434
1.82551
1.83471
1.8414
1.84548
1.84709
1.84649
1.844
1.83999
1.83487
1.82914
1.82334
1.81805
1.81379
1.81092
1.80957
1.80961
1.81077
1.81264
1.81487
1.81711
1.81909
1.82059
1.82142
1.8
1.79893
1.79664
1.79305
1.78811
1.78187
1.77452
1.7665
1.75854
1.75167
1.74707
1.7457
1.74782
1.75282
1.75939
1.76613
1.77194
1.77625
1.77891
1.78008
1.78006
1.7792
1.77784
1.77631
1.7749
1.77385
1.77332
1.77338
1.77399
1.77504
1.77636
1.77776
1.77906
1.78014
1.78088
1.78126
1.78124
1.78086
1.78014
1.77915
1.77795
1.77661
1.77522
1.77385
1.77258
1.77148
1.77061
1.77
1.76967
1.76961
1.8
1.80039
1.80096
1.80164
1.80235
1.80303
1.80358
1.80393
1.80403
1.80381
1.80327
1.80242
1.80132
1.80008
1.79884
1.79776
1.79701
1.79673
1.797
1.79782
1.79911
1.80074
1.80253
1.80431
1.80592
1.80725
1.80824
1.80889
1.80924
1.80934
1.8093
1.8092
1.80915
1.80922
1.80945
1.80984
1.81037
1.81097
1.81156
1.81205
1.81237
1.81244
1.81224
1.81173
1.81091
1.8098
1.80843
1.80687
1.80516
1.80341
1.8
1.79846
1.79703
1.79589
1.7951
1.79472
1.79479
1.79535
1.79641
1.79796
1.79997
1.80237
1.80506
1.80792
1.81081
1.81358
1.81612
1.8183
1.82001
1.82115
1.82164
1.82137
1.82025
1.81818
1.8151
1.81101
1.80599
1.8003
1.79433
1.78865
1.7839
1.78069
1.77945
1.78037
1.78334
1.78798
1.79379
1.80027
1.80698
1.81357
1.81976
1.82534
1.83011
1.83394
1.83668
1.83822
1.83847
1.83732
1.83469
1.83056
1.8
1.79372
1.7867
1.78013
1.77504
1.77225
1.77214
1.7745
1.77873
1.7841
1.78994
1.79579
1.80133
1.80629
1.81044
1.81351
1.81519
1.81517
1.81311
1.80871
1.80178
1.79236
1.78084
1.76813
1.75563
1.7451
1.73829
1.7365
1.74026
1.74915
1.76187
1.77656
1.79129
1.80452
1.81531
1.82328
1.82844
1.83096
1.83107
1.829
1.82499
1.81937
1.81264
1.80545
1.79863
1.79293
1.7889
1.78673
1.78629
1.78731
1.8
1.80305
1.80717
1.81209
1.81755
1.82324
1.82881
1.83394
1.83841
1.84209
1.84498
1.84713
1.84865
1.84966
1.85029
1.85066
1.85087
1.85099
1.85106
1.8511
1.85112
1.85107
1.85093
1.85065
1.8502
1.84956
1.84875
1.84785
1.84693
1.84609
1.8454
1.8449
1.84459
1.84442
1.84435
1.84437
1.8445
1.84479
1.84526
1.84589
1.84658
1.84716
1.84742
1.84715
1.84621
1.84453
1.84213
1.83908
1.83554
1.83167
1.8
1.79614
1.79223
1.78865
1.78561
1.78338
1.78223
1.78238
1.7839
1.78667
1.79038
1.79459
1.79886
1.80281
1.80617
1.80882
1.81072
1.81195
1.8126
1.8128
1.81266
1.81228
1.81174
1.8111
1.81043
1.80977
1.80917
1.8087
1.80836
1.80818
1.80816
1.80825
1.8084
1.80856
1.80865
1.80859
1.80832
1.80779
1.80691
1.80565
1.80396
1.8018
1.79919
1.79618
1.79289
1.78954
1.78644
1.78397
1.78247
1.7822
1.8
1.80207
1.80511
1.80862
1.81224
1.81565
1.81864
1.82111
1.82303
1.82441
1.8253
1.82577
1.82589
1.82571
1.82529
1.82468
1.82392
1.82306
1.82213
1.82117
1.82019
1.81924
1.81831
1.81743
1.81661
1.81582
1.81506
1.8143
1.81348
1.81255
1.81146
1.81012
1.80847
1.80645
1.80404
1.80123
1.79811
1.79481
1.79152
1.78851
1.78604
1.78433
1.78351
1.78359
1.78446
1.78595
1.78786
1.79006
1.79246
1.79507
1.8
1.80288
1.80612
1.8095
1.81288
1.81614
1.81915
1.82183
1.82411
1.82599
1.82749
1.82865
1.82951
1.83013
1.83054
1.8308
1.83093
1.83096
1.83091
1.83077
1.83054
1.83022
1.82979
1.82922
1.82849
1.82755
1.82636
1.82486
1.82301
1.82072
1.81794
1.81463
1.81078
1.80651
1.80209
1.79795
1.79468
1.79289
1.79295
1.79489
1.79833
1.80261
1.80704
1.81104
1.81427
1.81658
1.81801
1.81867
1.81876
1.81849
1.8
1.7997
1.79967
1.80008
1.80101
1.80248
1.80442
1.80672
1.80924
1.81179
1.8142
1.81633
1.81803
1.81915
1.81959
1.81921
1.8179
1.81556
1.81214
1.80762
1.80217
1.79608
1.78987
1.7842
1.77978
1.77712
1.77642
1.77752
1.77996
1.78321
1.78678
1.79031
1.79364
1.79669
1.79952
1.8022
1.80483
1.80749
1.81019
1.8129
1.81549
1.8178
1.81967
1.8209
1.82136
1.82092
1.81952
1.81716
1.81391
1.80997
1.8
1.796
1.79249
1.79024
1.78959
1.79057
1.79282
1.79578
1.79885
1.80154
1.80355
1.80478
1.80526
1.80512
1.80456
1.80377
1.80298
1.80235
1.80203
1.80208
1.80248
1.80316
1.80401
1.8049
1.80573
1.80641
1.80691
1.8072
1.80732
1.80727
1.80711
1.80685
1.80653
1.80618
1.80584
1.80555
1.80536
1.80528
1.80534
1.80551
1.80577
1.80603
1.80622
1.80622
1.80597
1.80536
1.80435
1.80291
1.80107
1.7989
1.8
1.79768
1.79542
1.79352
1.79218
1.79151
1.79155
1.79227
1.79359
1.79539
1.79752
1.79984
1.80225
1.80463
1.8069
1.80898
1.81085
1.81245
1.81378
1.81483
1.81561
1.81614
1.81645
1.81659
1.81661
1.81659
1.81658
1.81666
1.81686
1.81721
1.81765
1.81807
1.81831
1.81811
1.81723
1.81545
1.8127
1.80918
1.80546
1.80248
1.80132
1.80277
1.80692
1.81312
1.8203
1.82737
1.83355
1.83846
1.84203
1.84439
1.8
1.80053
1.80058
1.8003
1.79989
1.79946
1.79912
1.79894
1.79893
1.79905
1.79924
1.79943
1.79952
1.79945
1.79918
1.79873
1.79816
1.79755
1.79699
1.79654
1.79619
1.79588
1.79545
1.79474
1.79362
1.79197
1.78982
1.78729
1.78458
1.78201
1.77988
1.77848
1.77799
1.7785
1.77997
1.78226
1.78519
1.78853
1.79203
1.79548
1.79868
1.80145
1.80363
1.80507
1.80568
1.80534
1.804
1.80164
1.79826
1.79399
1.8
1.7949
1.78972
1.7854
1.78261
1.78188
1.78338
1.78688
1.7918
1.79739
1.803
1.8081
1.81241
1.81578
1.81823
1.81982
1.82068
1.82095
1.82081
1.82042
1.81992
1.81946
1.81912
1.81895
1.81897
1.81912
1.8193
1.81939
1.81922
1.81865
1.81753
1.81576
1.81325
1.81002
1.80618
1.80197
1.79774
1.79392
1.7909
1.78897
1.78824
1.78858
1.78975
1.79147
1.79348
1.79558
1.79764
1.79955
1.80125
1.80268
1.8
1.80073
1.80121
1.80149
1.80165
1.80184
1.8022
1.80285
1.80387
1.8053
1.80709
1.80914
1.81132
1.81349
1.81548
1.81718
1.81848
1.81933
1.81967
1.81951
1.81885
1.81774
1.81625
1.81447
1.81251
1.81045
1.80833
1.80613
1.8038
1.80127
1.79853
1.79566
1.79286
1.79046
1.78883
1.78835
1.78929
1.79175
1.79564
1.80069
1.80654
1.81278
1.81904
1.82501
1.8305
1.83536
1.83955
1.84305
1.84589
1.84813
1.8
1.8011
1.80183
1.80218
1.80218
1.80187
1.80127
1.80041
1.79929
1.79794
1.79636
1.79457
1.79258
1.79042
1.78813
1.78577
1.7834
1.78113
1.77908
1.77738
1.77615
1.77548
1.77541
1.77588
1.77673
1.77771
1.7785
1.77876
1.7782
1.7767
1.77436
1.7716
1.76907
1.76755
1.76763
1.7695
1.77288
1.77709
1.78136
1.78501
1.78753
1.78863
1.78815
1.78603
1.7824
1.77756
1.77206
1.76669
1.76229
1.75948
1.8
1.80024
1.80124
1.80244
1.80347
1.8043
1.80509
1.80603
1.80724
1.80868
1.81022
1.81167
1.81286
1.81368
1.81407
1.81402
1.81351
1.81256
1.81112
1.80916
1.80661
1.80344
1.79969
1.7955
1.79116
1.78709
1.78372
1.78143
1.78037
1.78046
1.78145
1.78302
1.78492
1.78696
1.78904
1.79112
1.79316
1.79515
1.79707
1.79891
1.80067
1.80234
1.80388
1.80524
1.80635
1.80713
1.80751
1.80741
1.80678
1.8056
1.8
1.79783
1.79509
1.79197
1.78858
1.78506
1.78152
1.77804
1.77469
1.77151
1.76852
1.76575
1.76328
1.76121
1.75968
1.75881
1.75867
1.7593
1.76062
1.76248
1.76468
1.76698
1.76913
1.77095
1.77232
1.77319
1.77363
1.77369
1.77348
1.77314
1.77277
1.77253
1.77253
1.77289
1.77365
1.77479
1.77622
1.7778
1.77936
1.78072
1.78176
1.78237
1.78252
1.78225
1.78164
1.78081
1.77989
1.77897
1.7781
1.77729
1.8
1.79916
1.79818
1.79706
1.79585
1.79462
1.79348
1.79257
1.792
1.79185
1.7921
1.79272
1.79361
1.79463
1.79567
1.79663
1.79744
1.79806
1.79847
1.79868
1.79873
1.79868
1.79858
1.79848
1.79845
1.79851
1.79868
1.79895
1.7993
1.79971
1.80018
1.8007
1.80128
1.80193
1.80258
1.80318
1.80361
1.80372
1.80338
1.80247
1.80089
1.7986
1.79557
1.79185
1.78748
1.78252
1.77706
1.77121
1.76516
1.75919
1.8
1.79556
1.79234
1.79108
1.79207
1.79528
1.8004
1.80686
1.814
1.82118
1.82788
1.83378
1.8387
1.84262
1.84559
1.84773
1.84916
1.85002
1.85044
1.85053
1.85038
1.85006
1.84962
1.8491
1.84854
1.84797
1.84741
1.84688
1.84638
1.8459
1.84543
1.84491
1.84428
1.84349
1.84246
1.84116
1.83955
1.83761
1.83534
1.83274
1.82977
1.82638
1.82248
1.81798
1.81285
1.80723
1.80148
1.79623
1.79219
1.79
1.8
1.80167
1.80499
1.8095
1.81501
1.82149
1.82897
1.83732
1.8462
1.85511
1.86355
1.87114
1.87764
1.883
1.88723
1.89038
1.89248
1.89354
1.89352
1.89236
1.89001
1.88643
1.88166
1.87583
1.86917
1.86206
1.85496
1.84843
1.84308
1.83948
1.83805
1.83889
1.84165
1.84558
1.84976
1.85339
1.85597
1.85747
1.85823
1.85885
1.85996
1.86195
1.86486
1.8684
1.87208
1.87541
1.87803
1.87976
1.88057
1.88054
1.8
1.79883
1.79732
1.79569
1.7941
1.79266
1.79145
1.79051
1.78988
1.7896
1.78974
1.79032
1.79139
1.79288
1.7947
1.79667
1.7986
1.80029
1.80157
1.80234
1.80252
1.8021
1.8011
1.79959
1.79765
1.79538
1.79293
1.79045
1.7881
1.78604
1.78447
1.78352
1.78332
1.78391
1.78524
1.78719
1.78958
1.79217
1.79474
1.79709
1.79907
1.80056
1.80151
1.80188
1.80168
1.80094
1.79973
1.79814
1.79628
1.79429
1.8
1.79822
1.7966
1.79532
1.79443
1.79393
1.79377
1.79386
1.79409
1.79433
1.79443
1.79428
1.79378
1.79291
1.79176
1.79055
1.78962
1.78939
1.7902
1.79219
1.79528
1.79912
1.80324
1.80721
1.81068
1.81344
1.81542
1.81665
1.8172
1.81721
1.81682
1.81616
1.81537
1.81459
1.81394
1.81352
1.81341
1.81366
1.81429
1.81528
1.81657
1.81809
1.81973
1.82136
1.82285
1.82405
1.82483
1.82501
1.82444
1.82297
1.8
1.79656
1.79193
1.78648
1.78062
1.77492
1.77001
1.76643
1.76447
1.76413
1.76518
1.76733
1.77024
1.77367
1.77736
1.7811
1.78462
1.78769
1.79007
1.7916
1.79222
1.79192
1.7908
1.78906
1.7869
1.78458
1.78228
1.78013
1.77816
1.77635
1.77463
1.77298
1.7714
1.76997
1.76877
1.76785
1.76721
1.7668
1.76654
1.76631
1.76601
1.76558
1.76498
1.76421
1.7633
1.76229
1.76126
1.76023
1.75922
1.75821
1.8
1.79875
1.79715
1.7952
1.79289
1.79031
1.78766
1.78518
1.78316
1.78182
1.78129
1.78152
1.78231
1.7834
1.78449
1.78534
1.78581
1.78583
1.78543
1.78468
1.78369
1.78259
1.78152
1.78058
1.77984
1.77937
1.77917
1.77924
1.77953
1.78
1.78058
1.78123
1.7819
1.78256
1.78318
1.78375
1.78427
1.78475
1.78519
1.78561
1.78602
1.78642
1.78684
1.78727
1.78772
1.7882
1.78869
1.78919
1.7897
1.79018
1.8
1.80037
1.80067
1.80086
1.80089
1.80075
1.8004
1.79984
1.79907
1.79814
1.79709
1.79601
1.79502
1.79422
1.79367
1.79338
1.79324
1.79305
1.79253
1.79137
1.78927
1.78613
1.78209
1.77763
1.77358
1.77085
1.77014
1.77156
1.77456
1.7781
1.78108
1.78279
1.78321
1.78304
1.78349
1.78565
1.78997
1.79598
1.8026
1.80868
1.81327
1.81576
1.81576
1.81313
1.80815
1.8017
1.79523
1.79036
1.78815
1.78859
1.8
1.80264
1.80557
1.80868
1.81237
1.817
1.82253
1.8284
1.83375
1.83776
1.83998
1.84036
1.83918
1.83694
1.83414
1.83125
1.8286
1.8264
1.82481
1.82391
1.82383
1.82461
1.82622
1.82852
1.83123
1.83407
1.83673
1.83898
1.84068
1.84176
1.84224
1.84216
1.84164
1.8408
1.83983
1.83891
1.83827
1.83809
1.83853
1.83966
1.84146
1.8438
1.84652
1.84942
1.85229
1.85498
1.85734
1.85929
1.86077
1.86173
1.8
1.79991
1.79934
1.79834
1.79697
1.79532
1.79353
1.79175
1.79017
1.78898
1.78839
1.78855
1.78958
1.79149
1.7942
1.79758
1.80141
1.80544
1.80944
1.81319
1.81649
1.81918
1.82116
1.82232
1.82259
1.82194
1.82035
1.81786
1.81457
1.81062
1.80626
1.80176
1.79748
1.79376
1.79091
1.78918
1.78869
1.78938
1.79099
1.79313
1.79535
1.79729
1.79882
1.80009
1.80144
1.80324
1.80572
1.80883
1.81223
1.81547
1.8
1.80162
1.80241
1.80234
1.8016
1.8004
1.79899
1.79756
1.79629
1.79528
1.79463
1.79436
1.79448
1.795
1.79585
1.797
1.79836
1.79984
1.80136
1.8028
1.8041
1.80518
1.806
1.80654
1.80678
1.80674
1.80644
1.80591
1.80516
1.80423
1.80312
1.80183
1.80038
1.79877
1.79702
1.79515
1.79321
1.79125
1.78932
1.78745
1.78566
1.78395
1.7823
1.78067
1.77906
1.77755
1.77627
1.77548
1.77544
1.77637
1.8
1.80273
1.80622
1.80995
1.81349
1.81651
1.81874
1.82004
1.82034
1.81964
1.81798
1.81543
1.81213
1.80822
1.80391
1.79945
1.79512
1.79122
1.78802
1.78577
1.78463
1.7847
1.78596
1.78831
1.7916
1.7956
1.80005
1.80467
1.80919
1.81337
1.81703
1.82003
1.82227
1.82369
1.82426
1.82395
1.8227
1.82047
1.81718
1.81275
1.80711
1.8003
1.79252
1.78427
1.77645
1.77029
1.76712
1.76784
1.77249
1.78021
1.8
1.80909
1.81792
1.82546
1.83154
1.83624
1.83974
1.84225
1.84398
1.84508
1.84567
1.84581
1.84553
1.84477
1.84348
1.84153
1.83882
1.83527
1.83087
1.82583
1.82053
1.81553
1.81138
1.80843
1.80665
1.80574
1.80535
1.80537
1.80593
1.80728
1.80957
1.81273
1.81651
1.82066
1.82495
1.82922
1.83329
1.83695
1.84002
1.84238
1.84398
1.84489
1.84521
1.84509
1.84469
1.84416
1.84361
1.84315
1.84286
1.84281
1.8
1.80055
1.8015
1.80285
1.80454
1.80652
1.80869
1.81093
1.81312
1.81512
1.81681
1.81811
1.81894
1.81929
1.81918
1.81872
1.81807
1.81744
1.81703
1.817
1.81739
1.81814
1.81906
1.8199
1.8204
1.82033
1.81956
1.81802
1.81576
1.81292
1.8097
1.8064
1.80334
1.80086
1.79925
1.79871
1.79926
1.80076
1.80294
1.80537
1.80761
1.80921
1.80985
1.8093
1.80749
1.80442
1.80017
1.79488
1.78881
1.78248
1.8
1.79581
1.79375
1.79453
1.79796
1.80329
1.80951
1.81563
1.82088
1.8248
1.8272
1.82809
1.82762
1.82596
1.82334
1.81999
1.81617
1.81222
1.80854
1.80562
1.80389
1.80369
1.80508
1.80784
1.81157
1.81576
1.81995
1.82382
1.82718
1.82996
1.83216
1.83384
1.83507
1.8359
1.83639
1.83659
1.8365
1.83616
1.83558
1.83479
1.83382
1.83274
1.83164
1.8306
1.82972
1.82911
1.82882
1.82886
1.82921
1.82978
1.83048
1.83116
1.83172
1.83203
1.83202
1.83161
1.83078
1.8295
1.82777
1.82561
1.82306
1.82018
1.81705
1.81379
1.81053
1.80746
1.80476
1.80261
1.80119
1.80062
1.80093
1.80209
1.80396
1.80635
1.809
1.81165
1.81404
1.81596
1.81724
1.81777
1.81751
1.81649
1.81482
1.81264
1.81012
1.80741
1.80457
1.80155
1.79819
1.79421
1.78935
1.78349
1.77676
1.76962
1.76276
1.75697
1.75298
1.7513
1.75223
1.75584
1.76192
1.77
1.77933
1.78909
1.79856
1.80723
1.81481
1.82121
1.82647
1.83069
1.83399
1.83651
1.83835
1.8396
1.84033
1.84059
1.84039
1.83974
1.83861
1.83699
1.83482
1.83209
1.82878
1.82492
1.82062
1.81604
1.8114
1.80695
1.8029
1.79936
1.79628
1.79349
1.79072
1.78776
1.78452
1.78116
1.77809
1.7759
1.77516
1.77616
1.77877
1.78249
1.7866
1.79047
1.79361
1.79584
1.79713
1.79766
1.79764
1.79734
1.79699
1.79673
1.79666
1.79675
1.79693
1.79707
1.79704
1.79677
1.79621
1.7954
1.79441
1.79338
1.79248
1.79185
1.79165
1.79195
1.79279
1.79413
1.79589
1.79794
1.80014
1.80235
1.80445
1.80634
1.80793
1.80917
1.81003
1.8105
1.81058
1.8103
1.80972
1.80892
1.80799
1.80707
1.80626
1.8057
1.80546
1.80559
1.80608
1.80687
1.80784
1.80889
1.80989
1.81073
1.81133
1.81165
1.8117
1.81154
1.81127
1.81105
1.81103
1.81138
1.81219
1.8135
1.81525
1.81731
1.81948
1.82156
1.82338
1.82479
1.82571
1.82608
1.82591
1.82524
1.82416
1.82277
1.82123
1.81972
1.81842
1.81751
1.81709
1.81721
1.8178
1.81869
1.81965
1.82042
1.82075
1.82048
1.81951
1.81783
1.81556
1.81288
1.81004
1.80732
1.80497
1.80318
1.80206
1.80158
1.80167
1.80221
1.80316
1.80457
1.80664
1.80959
1.81359
1.81861
1.82439
1.83046
1.83631
1.84147
1.84564
1.84865
1.85049
1.85119
1.85087
1.84965
1.84768
1.84509
1.84203
1.83869
1.83527
1.83201
1.82915
1.82689
1.82533
1.82443
1.824
1.82368
1.82307
1.82176
1.8195
1.81629
1.81238
1.80823
1.80427
1.80074
1.79765
1.79504
1.79318
1.79262
1.79391
1.79712
1.80171
1.80675
1.81134
1.81493
1.81741
1.81897
1.81993
1.82065
1.82139
1.82233
1.82359
1.82521
1.82719
1.82948
1.832
1.83464
1.83729
1.83989
1.84238
1.84478
1.84711
1.84938
1.8516
1.85374
1.85574
1.85751
1.85891
1.85979
1.85994
1.85909
1.85692
1.85309
1.84725
1.83927
1.82945
1.81876
1.80891
1.80188
1.79893
1.79989
1.80326
1.8071
1.80995
1.81118
1.81089
1.80963
1.80817
1.80726
1.80749
1.80922
1.8125
1.81707
1.82241
1.82783
1.83252
1.83562
1.83618
1.83329
1.82611
1.81419
1.79799
1.77945
1.76222
1.75067
1.74783
1.75349
1.76434
1.77606
1.78532
1.79065
1.79216
1.79094
1.7885
1.78634
1.78567
1.78718
1.79092
1.7964
1.80285
1.80943
1.81549
1.8206
1.82457
1.82742
1.82925
1.83028
1.83076
1.83094
1.83104
1.83126
1.83169
1.83237
1.83325
1.83426
1.83529
1.83623
1.83702
1.8376
1.83794
1.83807
1.83802
1.83784
1.83761
1.83743
1.83739
1.83759
1.83809
1.83896
1.84022
1.84185
1.8438
1.846
1.84834
1.85072
1.85301
1.85511
1.85688
1.85824
1.85906
1.85926
1.85872
1.85737
1.8551
1.85186
1.84763
1.84248
1.83657
1.83023
1.8239
1.8181
1.81327
1.80962
1.80703
1.80506
1.80319
1.8012
1.79949
1.79914
1.80141
1.80695
1.81539
1.82559
1.83624
1.8463
1.85507
1.8621
1.86715
1.87019
1.87148
1.87151
1.87089
1.87034
1.87052
1.87203
1.87517
1.87992
1.88584
1.89229
1.89857
1.90414
1.90869
1.91215
1.91455
1.91605
1.9168
1.91698
1.91671
1.9161
1.91523
1.91415
1.91291
1.91151
1.90995
1.90824
1.90634
1.90425
1.90194
1.89944
1.89681
1.89419
1.89177
1.88986
1.88877
1.88883
1.89029
1.89325
1.89767
1.90332
1.90984
1.91682
1.92378
1.93028
1.93591
1.94032
1.94319
1.9443
1.94346
1.9406
1.93582
1.92946
1.92219
1.91491
1.90857
1.90383
1.90075
1.89889
1.89752
1.89602
1.89415
1.89204
1.89015
1.88904
1.88922
1.89096
1.89421
1.89856
1.9034
1.90811
1.91217
1.91529
1.91738
1.91854
1.91892
1.91872
1.91813
1.9173
1.91632
1.91528
1.91424
1.91328
1.91246
1.9119
1.91165
1.91179
1.91234
1.91327
1.9145
1.91594
1.91747
1.91895
1.92028
1.92138
1.92219
1.9227
1.92294
1.92296
1.9228
1.92251
1.92209
1.92155
1.92085
1.91998
1.91895
1.91779
1.91657
1.91538
1.9143
1.91338
1.91263
1.91201
1.91145
1.91085
1.91013
1.90923
1.90812
1.90684
1.90547
1.90411
