0.701242
0.711946
0.725858
0.74024
0.75286
0.762256
0.767789
0.769391
0.767325
0.762142
0.754815
0.746891
0.740369
0.737168
0.738465
0.744514
0.755004
0.769406
0.787057
0.807042
0.827992
0.848091
0.86528
0.877452
0.882944
0.880891
0.871637
0.856862
0.838954
0.820063
0.801422
0.783498
0.766798
0.752524
0.742428
0.738226
0.740973
0.75078
0.766828
0.787734
0.811677
0.836695
0.860667
0.881385
0.896889
0.905827
0.907782
0.90328
0.8934
0.879279
0.861783
0.841488
0.818949
0.795092
0.771306
0.749299
0.730802
0.717271
0.70974
0.708576
0.713587
0.723968
0.738397
0.755283
0.772965
0.789903
0.804852
0.816964
0.825775
0.831161
0.83315
0.831839
0.827428
0.820404
0.811673
0.802466
0.794054
0.787495
0.783419
0.781897
0.78247
0.784184
0.78577
0.785854
0.783103
0.776448
0.765334
0.750055
0.732094
0.714292
0.700576
0.694446
0.697119
0.707327
0.722969
0.742513
0.764941
0.789159
0.813691
0.836804
0.856692
0.871861
0.88142
0.885297
0.884213
0.879382
0.872355
0.864772
0.858207
0.853937
0.852671
0.854559
0.859021
0.864739
0.869836
0.872317
0.870628
0.864046
0.852961
0.838794
0.823773
0.81023
0.799871
0.793273
0.789869
0.788365
0.787596
0.787
0.786668
0.787151
0.788916
0.791904
0.795341
0.797941
0.798202
0.79483
0.787063
0.774775
0.758564
0.739819
0.720457
0.702668
0.688521
0.679701
0.677482
0.682654
0.69529
0.714413
0.737873
0.76264
0.785483
0.803668
0.815496
0.820475
0.819229
0.813413
0.805354
0.797641
0.792453
0.791094
0.793835
0.799986
0.808125
0.816452
0.82314
0.826825
0.826848
0.823352
0.817191
0.80994
0.803529
0.799775
0.799817
0.803844
0.811174
0.820417
0.829878
0.837931
0.843447
0.84601
0.845644
0.842528
0.836756
0.828416
0.817835
0.805996
0.794495
0.785102
0.778789
0.775103
0.772831
0.771097
0.769932
0.769948
0.771736
0.775512
0.781053
0.787811
0.794992
0.801611
0.806549
0.808711
0.807388
0.802528
0.794979
0.786177
0.777551
0.770128
0.764564
0.761548
0.762184
0.767578
0.777956
0.792035
0.807198
0.820246
0.828353
0.829824
0.824667
0.814371
0.801447
0.788471
0.777217
0.768466
0.762144
0.757645
0.754167
0.751176
0.748791
0.747703
0.748893
0.753188
0.760603
0.770206
0.780406
0.789539
0.79655
0.801471
0.805209
0.808949
0.813468
0.818813
0.824226
0.828385
0.829913
0.827787
0.821771
0.81268
0.80227
0.792826
0.786604
0.785218
0.78932
0.79839
0.810952
0.824943
0.838227
0.849088
0.856635
0.860722
0.861508
0.859219
0.854003
0.845953
0.835237
0.822249
0.807889
0.793629
0.781322
0.772724
0.768874
0.769832
0.774759
0.782442
0.791752
0.801731
0.811515
0.820251
0.82721
0.831646
0.832768
0.829759
0.821994
0.809454
0.792905
0.773984
0.754802
0.73755
0.723875
0.714567
0.709528
0.708157
0.709743
0.713909
0.720727
0.730586
0.743778
0.760176
0.778972
0.798912
0.818632
0.837127
0.853788
0.868171
0.879741
0.887819
0.891857
0.891629
0.887348
0.879554
0.868827
0.85559
0.840137
0.822757
0.804035
0.784978
0.767157
0.752464
0.742839
0.739879
0.744265
0.755438
0.771732
0.790779
0.809857
0.82632
0.837749
0.842361
0.839304
0.828741
0.811723
0.789926
0.765482
0.740843
0.718662
0.701764
0.692854
0.693852
0.704965
0.72426
0.748306
0.773633
0.797783
0.819422
0.837864
0.852541
0.862781
0.868073
0.868325
0.863856
0.855332
0.843571
0.82965
0.814867
0.800545
0.787849
0.777767
0.771289
0.769434
0.772976
0.781684
0.793742
0.805917
0.815078
0.819335
0.818425
0.81319
0.804915
0.794871
0.784267
0.774278
0.766132
0.761048
0.760111
0.763991
0.772599
0.784786
0.798576
0.811782
0.822848
0.831286
0.837531
0.842524
0.846861
0.850493
0.85281
0.853077
0.851001
0.847027
0.842104
0.837299
0.833152
0.829348
0.824854
0.818401
0.809112
0.796934
0.783013
0.769471
0.758768
0.752847
0.75247
0.756998
0.764705
0.773423
0.781193
0.786637
0.789005
0.788186
0.784383
0.778158
0.770354
0.762254
0.75548
0.751819
0.752681
0.758658
0.769332
0.783418
0.799139
0.814589
0.828042
0.838047
0.843503
0.843657
0.838377
0.828447
0.815632
0.802521
0.791802
0.785151
0.782483
0.782091
0.781605
0.779198
0.774273
0.767438
0.760129
0.754273
0.752011
0.75534
0.765708
0.783371
0.806897
0.83334
0.859118
0.881032
0.897001
0.906145
0.908316
0.903805
0.893442
0.878773
0.861878
0.844867
0.829189
0.815349
0.803061
0.791903
0.781763
0.773085
0.766677
0.763211
0.762667
0.764382
0.767198
0.769868
0.771677
0.772904
0.774748
0.778459
0.784265
0.791101
0.797509
0.802539
0.805887
0.807531
0.807341
0.805113
0.800679
0.794221
0.786254
0.777581
0.769145
0.76205
0.757495
0.756683
0.760622
0.769852
0.784059
0.80187
0.821039
0.838876
0.852884
0.861245
0.863111
0.858592
0.848624
0.834769
0.818784
0.802331
0.786649
0.772321
0.759368
0.74752
0.736504
0.726209
0.716834
0.708883
0.702937
0.69929
0.697767
0.698045
0.700177
0.704919
0.713591
0.727547
0.747318
0.771969
0.798893
0.824322
0.844339
0.855866
0.857508
0.84999
0.836209
0.82045
0.806798
0.797491
0.792553
0.790782
0.790996
0.792568
0.795359
0.799563
0.805617
0.813995
0.824983
0.838352
0.853258
0.868412
0.88233
0.893792
0.901899
0.905996
0.905504
0.89975
0.888077
0.870259
0.846853
0.819328
0.790033
0.761942
0.738168
0.721504
0.713822
0.715503
0.72535
0.740914
0.759042
0.776494
0.790635
0.799936
0.804068
0.803747
0.800374
0.795574
0.790769
0.786845
0.783983
0.781715
0.779106
0.775213
0.769467
0.76194
0.753371
0.745099
0.738804
0.73618
0.738499
0.746223
0.758807
0.774771
0.792186
0.80914
0.824191
0.836666
0.846584
0.854372
0.860515
0.865257
0.868449
0.869706
0.868663
0.865017
0.858525
0.849038
0.836584
0.821487
0.804508
0.786913
0.770157
0.755632
0.744444
0.737174
0.733864
0.733883
0.736025
0.738883
0.74132
0.742912
0.744011
0.745495
0.748346
0.753293
0.7607
0.7705
0.782206
0.795084
0.808218
0.820664
0.831503
0.83993
0.845228
0.846775
0.844225
0.837608
0.82737
0.814382
0.799893
0.785368
0.772391
0.762582
0.757287
0.757127
0.761788
0.770068
0.780391
0.791352
0.801932
0.811368
0.819042
0.824409
0.826975
0.826342
0.82231
0.814907
0.804551
0.792037
0.778631
0.765999
0.755954
0.750044
0.749228
0.753731
0.763009
0.775888
0.790817
0.805917
0.819286
0.829165
0.834207
0.833895
0.828682
0.819885
0.809492
0.799685
0.792404
0.788974
0.789605
0.793281
0.798045
0.80167
0.802509
0.800026
0.794902
0.788791
0.783719
0.781466
0.783105
0.788939
0.798721
0.81173
0.827025
0.843474
0.859503
0.872955
0.881279
0.882124
0.874049
0.857085
0.832985
0.804852
0.776272
0.750334
0.728838
0.712346
0.70059
0.693142
0.689959
0.691587
0.698861
0.712431
0.732197
0.757011
0.784814
0.813137
0.839562
0.862366
0.880701
0.894439
0.903667
0.908217
0.907537
0.900886
0.887906
0.86895
0.845539
0.820578
0.798035
0.781766
0.774318
0.775947
0.784792
0.79769
0.811247
0.822455
0.829176
0.830372
0.826477
0.819184
0.810565
0.801727
0.792585
0.783037
0.774055
0.767374
0.764452
0.765676
0.770336
0.777197
0.784928
0.792194
0.797871
0.80123
0.80234
0.802317
0.803038
0.806266
0.812438
0.820351
0.827822
0.832986
0.835145
0.834699
0.8327
0.830419
0.828845
0.82844
0.828987
0.829866
0.830392
0.829925
0.827974
0.824246
0.818824
0.812207
0.805172
0.798596
0.793412
0.790422
0.789834
0.790712
0.791178
0.789313
0.784089
0.775678
0.765242
0.754484
0.74517
0.738829
0.736639
0.739195
0.746322
0.756974
0.769252
0.780726
0.789091
0.792799
0.79152
0.786298
0.779207
0.772711
0.769094
0.769786
0.775187
0.784559
0.796396
0.808873
0.82042
0.829961
0.836916
0.840979
0.841949
0.839713
0.834309
0.826178
0.816245
0.805656
0.795408
0.786015
0.777374
0.769087
0.761001
0.753616
0.7482
0.746408
0.749604
0.758111
0.770936
0.78612
0.801463
0.815253
0.826664
0.835376
0.84127
0.844076
0.843571
0.839881
0.83379
0.826602
0.819812
0.814593
0.811358
0.809742
0.808893
0.808227
0.807769
0.808139
0.809974
0.813318
0.817467
0.821187
0.823227
0.822791
0.819644
0.813985
0.806222
0.796824
0.786224
0.77488
0.763408
0.752498
0.742939
0.735504
0.730668
0.728366
0.727995
0.728733
0.729961
0.731537
0.733828
0.737447
0.743052
0.751082
0.761621
0.774344
0.788648
0.803879
0.819367
0.834485
0.848463
0.860407
0.869499
0.875132
0.876979
0.875094
0.869793
0.861539
0.850912
0.838617
0.825621
0.813073
0.802112
0.793737
0.788462
0.786254
0.786719
0.789236
0.79303
0.797046
0.799937
0.800326
0.79732
0.791322
0.784165
0.778378
0.776076
0.777931
0.783068
0.789683
0.795846
0.800178
0.802035
0.801573
0.799621
0.797405
0.796192
0.79698
0.800125
0.80542
0.8121
0.819001
0.824735
0.827931
0.827423
0.822687
0.814167
0.803353
0.79238
0.783051
0.776019
0.770891
0.766862
0.763466
0.760803
0.75938
0.759854
0.762679
0.767949
0.775493
0.785021
0.796131
0.808277
0.820687
0.832382
0.84227
0.849256
0.852362
0.850885
0.84447
0.833211
0.817757
0.799186
0.778928
0.758573
0.739797
0.724318
0.713849
0.709729
0.712503
0.721585
0.735397
0.75184
0.768832
0.784889
0.799259
0.811746
0.822451
0.83147
0.838632
0.84336
0.844791
0.842171
0.835279
0.824717
0.811869
0.798646
0.787002
0.778507
0.773848
0.772829
0.774546
0.777755
0.781186
0.783874
0.785374
0.785666
0.785088
0.784127
0.782997
0.7817
0.780027
0.777822
0.775187
0.772545
0.770409
0.769095
0.768675
0.769047
0.770152
0.771892
0.774362
0.777819
0.782586
0.788719
0.795807
0.802948
0.808991
0.812954
0.814519
0.813983
0.811653
0.807539
0.801251
0.792643
0.782359
0.772
0.763813
0.759915
0.761463
0.768209
0.778571
0.790308
0.801166
0.80937
0.813734
0.813685
0.809488
0.802182
0.793278
0.784477
0.777405
0.773474
0.773517
0.777531
0.784704
0.793755
0.803354
0.812559
0.820785
0.82771
0.833028
0.836463
0.837996
0.837926
0.836871
0.835373
0.833592
0.831179
0.827499
0.822037
0.814586
0.805129
0.793681
0.780305
0.765454
0.750213
0.736389
0.726102
0.721228
0.722914
0.731465
0.746225
0.765862
0.78859
0.812429
0.83544
0.8559
0.872059
0.882181
0.884724
0.878939
0.86599
0.84945
0.833715
0.820645
0.808725
0.795735
0.781498
0.768003
0.758055
0.754099
0.757264
0.766588
0.779038
0.790461
0.797343
0.79808
0.792974
0.783658
0.772346
0.761248
0.752328
0.747163
0.746983
0.752542
0.763979
0.780795
0.801882
0.825702
0.850537
0.874683
0.89657
0.914748
0.927875
0.934727
0.934344
0.926391
0.911364
0.8907
0.86659
0.841814
0.81935
0.801688
0.790131
0.784258
0.782157
0.781343
0.7796
0.775618
0.769096
0.760352
0.749935
0.738241
0.725688
0.712934
0.70097
0.691056
0.684401
0.681757
0.683099
0.687833
0.695144
0.704404
0.715386
0.728334
0.743707
0.761913
0.782562
0.804053
0.823946
0.839807
0.850418
0.856141
0.858438
0.858486
0.856143
0.850281
0.840063
0.82582
0.808981
0.791404
0.774993
0.761313
0.751465
0.74615
0.745667
0.750069
0.759265
0.773059
0.791021
0.812139
0.834647
0.856208
0.874362
0.887025
0.892888
0.89153
0.883326
0.869382
0.851451
0.831787
0.812764
0.7966
0.784953
0.778802
0.778323
0.782913
0.791484
0.802726
0.815342
0.828178
0.840116
0.84981
0.855687
0.856111
0.849917
0.836836
0.817743
0.794754
0.771066
0.75014
0.734753
0.725993
0.723066
0.723951
0.726243
0.728017
0.728116
0.72623
0.722824
0.718867
0.715427
0.713288
0.712818
0.714255
0.71804
0.724825
0.7353
0.749868
0.768245
0.789249
0.810868
0.830675
0.846398
0.856444
0.860195
0.857947
0.850835
0.840622
0.829351
0.81907
0.811351
0.806996
0.805933
0.807601
0.811426
0.817288
0.825436
0.836196
0.849409
0.864059
0.878385
0.890338
0.898128
0.900815
0.898479
0.891991
0.882511
0.87101
0.857924
0.843365
0.827489
0.811027
0.795681
0.783613
0.776666
0.775208
0.777815
0.782021
0.785493
0.786751
0.785367
0.781478
0.775498
0.767935
0.759345
0.750433
0.74201
0.734696
0.728814
0.72431
0.720977
0.718637
0.717437
0.717939
0.720956
0.727256
0.737019
0.749547
0.763324
0.776441
0.787128
0.794132
0.797
0.796142
0.792708
0.788222
0.784125
0.781306
0.779897
0.779413
0.779295
0.779386
0.780096
0.782326
0.787046
0.794849
0.805784
0.819303
0.834142
0.848404
0.85989
0.866631
0.867454
0.862318
0.852279
0.839195
0.825333
0.812824
0.803233
0.797473
0.795811
0.797945
0.803167
0.810316
0.817761
0.82378
0.826878
0.826066
0.820954
0.811911
0.800195
0.78799
0.77804
0.772717
0.772958
0.777816
0.785086
0.792491
0.798385
0.802016
0.803245
0.802268
0.799808
0.797384
0.796937
0.799712
0.805157
0.811039
0.81482
0.81482
0.81053
0.802369
0.791251
0.778288
0.764486
0.750837
0.738521
0.729074
0.724242
0.725682
0.734596
0.75141
0.77546
0.804842
0.836508
0.866684
0.891546
0.908041
0.914455
0.910543
0.897363
0.876996
0.852111
0.825609
0.800347
0.778883
0.763085
0.753719
0.750399
0.75168
0.755553
0.760025
0.763529
0.765251
0.765235
0.764273
0.763629
0.764768
0.768974
0.776861
0.788006
0.801054
0.814199
0.825703
0.834531
0.84048
0.844115
0.846375
0.847996
0.849163
0.849582
0.84864
0.84584
0.840931
0.834021
0.825684
0.81711
0.809967
0.80596
0.805711
0.808244
0.811267
0.8124
0.810293
0.804824
0.796518
0.785883
0.773116
0.758358
0.742308
0.726508
0.712926
0.703171
0.697738
0.695921
0.696438
0.698126
0.700475
0.703639
0.708343
0.715497
0.726048
0.740464
0.758184
0.777377
0.795635
0.810977
0.822509
0.830605
0.836509
0.841653
0.846967
0.85266
0.858145
0.862263
0.863676
0.861303
0.854938
0.845711
0.835979
0.828562
0.825498
0.827296
0.833115
0.841342
0.850028
0.857287
0.861643
0.862229
0.858736
0.851373
0.840594
0.827047
0.811446
0.794737
0.778178
0.763146
0.750876
0.742127
0.736989
0.735078
0.735858
0.739109
0.745063
0.754296
0.767279
0.783944
0.803365
0.823908
0.843485
0.860013
0.871756
0.877549
0.876876
0.869648
0.85625
0.837573
0.815035
0.790527
0.766171
0.74401
0.725751
0.712592
0.704941
0.702447
0.704274
0.709442
0.717128
0.726648
0.737318
0.74833
0.758896
0.768497
0.777048
0.784782
0.792045
0.799167
0.80655
0.814605
0.82374
0.834148
0.845462
0.856764
0.866833
0.874613
0.879516
0.881582
0.881266
0.879009
0.874937
0.86851
0.85889
0.845523
0.828633
0.809512
0.79022
0.772912
0.759172
0.749905
0.745554
0.746234
0.751492
0.760028
0.769823
0.778494
0.784068
0.785493
0.782902
0.777556
0.771485
0.766862
0.765338
0.767764
0.774081
0.783499
0.794747
0.806258
0.816256
0.823089
0.825587
0.823297
0.816509
0.806279
0.794169
0.781887
0.77093
0.762309
0.756554
0.753981
0.754781
0.758852
0.765666
0.774149
0.782871
0.790516
0.796184
0.799513
0.800797
0.800858
0.800766
0.801474
0.803337
0.805921
0.808081
0.808435
0.806015
0.800686
0.793357
0.785669
0.779578
0.776859
0.778757
0.785691
0.797101
0.811405
0.826204
0.838874
0.847269
0.850522
0.8494
0.846124
0.843584
0.843915
0.847549
0.852995
0.857706
0.859222
0.855975
0.847624
0.835095
0.820481
0.806602
0.796204
0.790985
0.79112
0.795358
0.801499
0.80717
0.810277
0.809272
0.803312
0.792637
0.779113
0.766115
0.756885
0.752096
0.749559
0.74645
0.741364
0.734475
0.726814
0.719618
0.714219
0.712131
0.715001
0.724279
0.740491
0.762685
0.788544
0.815131
0.839862
0.860773
0.876642
0.886776
0.890845
0.88876
0.880847
0.867937
0.851481
0.833375
0.815497
0.799214
0.784931
0.772223
0.760312
0.748797
0.737967
0.728812
0.722569
0.72041
0.723168
0.731134
0.743825
0.760051
0.778443
0.798082
0.818849
0.840967
0.863927
0.886021
0.904556
0.916727
0.920489
0.91502
0.90081
0.879509
0.853639
0.826278
0.800522
0.778867
0.762632
0.752159
0.747203
0.747363
0.752111
0.760617
0.771746
0.784168
0.79653
0.807754
0.817047
0.823746
0.827254
0.826944
0.82228
0.813116
0.800158
0.785318
0.771616
0.762174
0.758803
0.761361
0.768132
0.776621
0.784268
0.788863
0.788855
0.783953
0.775246
0.765061
0.756225
0.751184
0.751337
0.756676
0.765863
0.776566
0.786102
0.792297
0.794066
0.791648
0.78655
0.781217
0.778511
0.780801
0.789264
0.803535
0.822021
0.842366
0.861832
0.877462
0.886694
0.887838
0.880452
0.865509
0.845241
0.822688
0.801084
0.783041
0.769882
0.761598
0.757274
0.755952
0.757182
0.761252
0.768996
0.781074
0.797409
0.816905
0.837609
0.857059
0.872766
0.882696
0.88557
0.880983
0.869345
0.851738
0.829945
0.806586
0.785011
0.768643
0.75979
0.758528
0.762496
0.767984
0.771573
0.771441
0.767772
0.762333
0.75752
0.755394
0.757239
0.76333
0.772841
0.783932
0.794001
0.800195
0.800311
0.793608
0.781577
0.768018
0.757903
0.755265
0.761112
0.773369
0.788625
0.803753
0.816608
0.82586
0.830743
0.830692
0.825147
0.813838
0.79728
0.777212
0.756546
0.738786
0.727216
0.724302
0.731519
0.749504
0.777878
0.814409
0.854423
0.891611
0.91994
0.93522
0.935879
0.923002
0.89968
0.869996
0.8379
0.806476
0.777991
0.753997
0.735425
0.722692
0.715867
0.715024
0.720418
0.732257
0.75011
0.772361
0.796173
0.818156
0.835372
0.846062
0.849978
0.848224
0.842682
0.835484
0.828178
0.821494
0.815466
0.809849
0.804482
0.79945
0.795175
0.792328
0.791758
0.794055
0.799222
0.806601
0.815137
0.823777
0.831633
0.838014
0.84242
0.844591
0.844417
0.841966
0.837417
0.830987
0.822813
0.812854
0.800963
0.787097
0.771571
0.7554
0.740263
0.728195
0.721039
0.720013
0.725432
0.736669
0.752246
0.770075
0.787761
0.802994
0.814013
0.819956
0.821066
0.81866
0.814832
0.811755
0.811047
0.813217
0.81761
0.822795
0.827038
0.828776
0.826956
0.821313
0.812555
0.802355
0.793099
0.787281
0.786758
0.792076
0.802233
0.814885
0.827038
0.835896
0.839502
0.837114
0.829103
0.816564
0.800793
0.783051
0.764745
0.747689
0.733996
0.725704
0.724135
0.729504
0.74093
0.756726
0.774925
0.793815
0.812241
0.829691
0.845945
0.860618
0.872753
0.880727
0.882516
0.8762
0.860634
0.836023
0.804531
0.770353
0.739189
0.716705
0.706849
0.710491
0.725363
0.747255
0.771335
0.793285
0.809911
0.81964
0.822585
0.820184
0.8144
0.80698
0.799216
0.79212
0.786668
0.783813
0.784042
0.786994
0.791349
0.795211
0.796823
0.795314
0.790795
0.784172
0.776593
0.769006
0.762037
0.756383
0.753073
0.753196
0.757395
0.765375
0.77603
0.78808
0.800496
0.812513
0.82347
0.832736
0.839775
0.844328
0.846521
0.846629
0.844851
0.841102
0.835227
0.82732
0.818059
0.808747
0.80096
0.796073
0.794974
0.797887
0.804217
0.812674
0.82157
0.829253
0.834345
0.835811
0.83307
0.826004
0.815016
0.801117
0.785748
0.770665
0.757722
0.748532
0.744146
0.744991
0.750689
0.759977
0.771028
0.78206
0.791838
0.799987
0.806904
0.813313
0.819852
0.826752
0.833768
0.840184
0.844947
0.846721
0.844218
0.836583
0.823894
0.80736
0.789108
0.771668
0.757271
0.747342
0.742228
0.741468
0.744157
0.749334
0.756218
0.764251
0.77318
0.782881
0.793005
0.802711
0.810637
0.815165
0.815031
0.809824
0.800318
0.788428
0.7767
0.767522
0.762398
0.76169
0.764923
0.77112
0.779248
0.788451
0.798162
0.808119
0.818211
0.8283
0.838094
0.847165
0.854958
0.860862
0.864169
0.864256
0.860638
0.85316
0.842064
0.828058
0.812112
0.795324
0.778802
0.763688
0.751266
0.742731
0.738803
0.739266
0.742935
0.748038
0.752919
0.756648
0.759239
0.761662
0.765232
0.771087
0.779599
0.790171
0.801489
0.811961
0.820069
0.824647
0.824912
0.820559
0.811973
0.800291
0.787406
0.775518
0.76655
0.761749
0.761648
0.766298
0.7754
0.788365
0.804213
0.82166
0.839164
0.855213
0.868423
0.877584
0.881637
0.879854
0.871887
0.857977
0.838986
0.816433
0.792332
0.769123
0.74941
0.735603
0.729602
0.732519
0.744354
0.763689
0.787698
0.812769
0.835251
0.852259
0.861854
0.863086
0.855726
0.840266
0.818072
0.791626
0.764515
0.740911
0.724232
0.715884
0.715091
0.719975
0.728695
0.73996
0.752961
0.767176
0.782091
0.797018
0.811025
0.822932
0.831563
0.836077
0.836158
0.832051
0.824406
0.814151
0.802497
0.791082
0.781894
0.777027
0.778073
0.785284
0.797289
0.811547
0.825124
0.835555
0.841319
0.841897
0.837704
0.829998
0.820445
0.810705
0.802069
0.795236
0.7902
0.786278
0.782488
0.778045
0.772843
0.767555
0.763264
0.760877
0.760582
0.761652
0.762843
0.763007
0.761696
0.759478
0.757715
0.758069
0.761835
0.769294
0.779611
0.791019
0.8015
0.809487
0.814262
0.816075
0.815991
0.815506
0.816095
0.8188
0.823976
0.831035
0.838534
0.844553
0.847129
0.844741
0.836532
0.822505
0.803756
0.782728
0.763117
0.749079
0.743638
0.747537
0.759099
0.775196
0.792624
0.809141
0.823583
0.835351
0.843699
0.847509
0.8458
0.838604
0.827418
0.814791
0.803416
0.79521
0.791103
0.791272
0.795473
0.8032
0.813491
0.824936
0.83587
0.84467
0.849971
0.851041
0.847712
0.840375
0.829795
0.81707
0.803563
0.790762
0.779965
0.771836
0.766391
0.763348
0.762398
0.76341
0.766247
0.770489
0.77527
0.779394
0.781724
0.781436
0.778376
0.773081
0.766695
0.760742
0.756663
0.755403
0.757218
0.761995
0.769549
0.779693
0.791983
0.805362
0.818031
0.82776
0.832616
0.831582
0.824909
0.814182
0.801993
0.791163
0.783848
0.780502
0.78014
0.781225
0.782696
0.784575
0.787589
0.792502
0.799481
0.807812
0.816209
0.823368
0.828372
0.830895
0.831153
0.829651
0.826899
0.823239
0.818641
0.812829
0.805485
0.796612
0.787007
0.778466
0.773541
0.774866
0.784143
0.801063
0.823095
0.846403
0.867197
0.882639
0.89119
0.892136
0.885288
0.871109
0.850974
0.827156
0.802416
0.779526
0.760897
0.748315
0.742553
0.743155
0.748606
0.756759
0.765543
0.773291
0.778913
0.781788
0.781786
0.779095
0.774183
0.767642
0.760246
0.753042
0.747253
0.744091
0.74441
0.748248
0.75486
0.762994
0.771312
0.778874
0.785388
0.791147
0.796858
0.803305
0.811001
0.819915
0.829254
0.837536
0.843006
0.844307
0.840896
0.833311
0.822845
0.81107
0.799648
0.790036
0.783244
0.779607
0.778748
0.779849
0.78227
0.786049
0.792151
0.801864
0.815669
0.832607
0.850591
0.867193
0.880176
0.887738
0.888596
0.882085
0.868366
0.848759
0.825738
0.802395
0.781738
0.76579
0.755326
0.750166
0.749817
0.753864
0.761846
0.77268
0.784513
0.795016
0.802215
0.805023
0.803514
0.798659
0.791989
0.785359
0.780645
0.77929
0.781572
0.786342
0.791547
0.795241
0.796493
0.795631
0.793851
0.79264
0.793251
0.796227
0.801172
0.806922
0.812018
0.81508
0.815145
0.811795
0.805037
0.795283
0.78327
0.769943
0.756428
0.743894
0.733491
0.726287
0.723082
0.724265
0.729869
0.739623
0.75303
0.769312
0.78738
0.80572
0.822783
0.837363
0.848849
0.857154
0.8624
0.864633
0.863892
0.860411
0.854751
0.847537
0.839373
0.830759
0.822099
0.81388
0.806792
0.801633
0.799247
0.800353
0.80518
0.813181
0.822863
0.832118
0.838837
0.841595
0.839968
0.834461
0.825776
0.814298
0.799959
0.782713
0.763322
0.743649
0.726576
0.715274
0.712047
0.717121
0.728456
0.742657
0.756301
0.767023
0.774143
0.778432
0.781454
0.784895
0.789784
0.796333
0.80412
0.812422
0.820612
0.828333
0.835417
0.841616
0.846411
0.849011
0.848666
0.845018
0.838354
0.829579
0.820024
0.81102
0.803532
0.797916
0.793842
0.790712
0.788135
0.78621
0.785343
0.785843
0.787701
0.790733
0.794716
0.799503
0.80466
0.809491
0.813069
0.814695
0.814216
0.811977
0.808687
0.805112
0.801924
0.799533
0.798232
0.798202
0.799556
0.802294
0.806086
0.810151
0.813229
0.8138
0.810546
0.80284
0.791006
0.776338
0.760901
0.747169
0.737651
0.734167
0.73733
0.74632
0.759337
0.774265
0.789309
0.803275
0.81549
0.825638
0.833597
0.839267
0.842808
0.844859
0.846408
0.848415
0.851278
0.854535
0.857202
0.858207
0.856652
0.852089
0.844551
0.834595
0.823241
0.811681
0.800868
0.791273
0.782875
0.775364
0.768483
0.762216
0.756916
0.753358
0.752458
0.755026
0.761275
0.770683
0.781954
0.793353
0.80335
0.811144
0.816751
0.820655
0.823179
0.824395
0.824272
0.822993
0.820905
0.818422
0.815969
0.814026
0.813296
0.814469
0.817915
0.823118
0.828572
0.832188
0.832102
0.82728
0.81778
0.804525
0.789021
0.7731
0.758708
0.747627
0.741305
0.740449
0.744727
0.752781
0.762697
0.772731
0.781658
0.788767
0.79376
0.796625
0.797689
0.797701
0.797756
0.798824
0.801303
0.804673
0.807924
0.810189
0.811233
0.81146
0.811573
0.812139
0.813304
0.814813
0.816192
0.816964
0.816515
0.813774
0.807366
0.796266
0.780443
0.761249
0.741212
0.723522
0.711401
0.706916
0.7102
0.719581
0.732583
0.747107
0.761788
0.775881
0.789008
0.800972
0.811621
0.820783
0.828155
0.833232
0.83554
0.834705
0.830665
0.823869
0.815331
0.80669
0.799833
0.796533
0.797919
0.804035
0.813895
0.825824
0.837972
0.848712
0.856746
0.861123
0.861152
0.856586
0.847906
0.83649
0.824285
0.81312
0.804107
0.797483
0.793151
0.791285
0.792558
0.797721
0.806607
0.817664
0.828116
0.834897
0.83582
0.830219
0.819063
0.804498
0.789059
0.774976
0.763639
0.755412
0.749755
0.74573
0.742593
0.740146
0.738659
0.738725
0.740756
0.744651
0.749761
0.755267
0.760612
0.765768
0.771189
0.777372
0.784339
0.791402
0.797378
0.80104
0.801681
0.799491
0.795422
0.790932
0.787582
0.786615
0.788716
0.793904
0.801581
0.81077
0.820509
0.830256
0.839971
0.849883
0.859971
0.869549
0.877203
0.881153
0.879838
0.872473
0.859376
0.841988
0.82264
0.803962
0.788194
0.776491
0.768661
0.763601
0.76004
0.757126
0.754585
0.752522
0.751197
0.750713
0.750959
0.751764
0.753151
0.755434
0.759279
0.765281
0.773524
0.783266
0.793138
0.801725
0.808199
0.812568
0.815408
0.817382
0.818925
0.820377
0.821997
0.823873
0.82581
0.827562
0.829004
0.830307
0.831675
0.832727
0.832276
0.828714
0.820765
0.808031
0.790988
0.771055
0.750552
0.732478
0.719713
0.714022
0.715366
0.722197
0.732547
0.745143
0.759659
0.77623
0.794808
0.814624
0.83402
0.850794
0.862762
0.868275
0.866624
0.85819
0.84434
0.827062
0.808608
0.790815
0.77495
0.761529
0.750413
0.741186
0.733579
0.727879
0.724845
0.725224
0.729162
0.735904
0.744064
0.752447
0.760651
0.76901
0.778036
0.787807
0.797783
0.807184
0.81561
0.823474
0.83172
0.841122
0.851682
0.862581
0.872579
0.880425
0.885191
0.88625
0.883391
0.876663
0.866368
0.853052
0.837626
0.821689
0.807289
0.796359
0.789792
0.787186
0.786951
0.787056
0.785926
0.78321
0.779826
0.777258
0.776514
0.77766
0.78026
0.783769
0.787517
0.790599
0.791981
0.790916
0.787241
0.781535
0.774896
0.768745
0.764541
0.763748
0.767635
0.777006
0.791877
0.811147
0.832839
0.854367
0.87288
0.885337
0.888964
0.882048
0.86474
0.839403
0.810343
0.782808
0.761521
0.749427
0.747458
0.754889
0.769909
0.790107
0.812626
0.834497
0.852871
0.865469
0.870992
0.869301
0.861338
0.848863
0.833765
0.817567
0.801144
0.785022
0.769735
0.755884
0.743953
0.734037
0.725896
0.71912
0.713351
0.708581
0.705372
0.704851
0.70862
0.718151
0.734078
0.755913
0.782139
0.810558
0.838561
0.86343
0.882694
0.894441
0.897685
0.892544
0.880063
0.862181
0.841375
0.820304
0.801363
0.786382
0.776275
0.771006
0.769747
0.771326
0.774378
0.777565
0.779698
0.779836
0.77762
0.773506
0.768587
0.76422
0.761568
0.761206
0.763059
0.766511
0.770672
0.774605
0.777782
0.780145
0.782202
0.784926
0.789316
0.79569
0.803323
0.810861
0.817083
0.821427
0.824196
0.826386
0.829307
0.834087
0.841086
0.84963
0.858196
0.864974
0.868426
0.867761
0.862971
0.854625
0.843652
0.830977
0.817422
0.803811
0.790907
0.779276
0.769054
0.760068
0.751873
0.744016
0.736062
0.727923
0.720018
0.713306
0.709099
0.708574
0.712276
0.719924
0.73062
0.743213
0.756575
0.769515
0.780813
0.789321
0.794193
0.79506
0.792103
0.78624
0.779291
0.773813
0.772308
0.776224
0.785279
0.797619
0.810706
0.822347
0.831212
0.836884
0.839605
0.84002
0.839313
0.839239
0.841655
0.847655
0.856873
0.867558
0.877135
0.88317
0.883797
0.877976
0.865679
0.847785
0.825917
0.802018
0.778178
0.756475
0.738973
0.727348
0.72248
0.724195
0.731243
0.741638
0.753089
0.763352
0.77053
0.773383
0.771411
0.76515
0.756389
0.748294
0.744515
0.747554
0.75744
0.771735
0.786858
0.799785
0.809059
0.815084
0.819409
0.823768
0.829401
0.836844
0.845829
0.855373
0.863976
0.869838
0.871299
0.867118
0.856908
0.841179
0.821339
0.79948
0.777808
0.758289
0.742349
0.730923
0.724646
0.724064
0.729715
0.741764
0.759581
0.781615
0.805624
0.829178
0.850048
0.866403
0.876978
0.881324
0.879739
0.873209
0.863135
0.85112
0.838611
0.826646
0.815741
0.805905
0.796877
0.788351
0.780115
