1.1
1.09894
1.09577
1.09038
1.08258
1.07206
1.05846
1.0413
1.02008
0.994237
0.96331
0.927019
0.88542
0.839039
0.789025
0.737194
0.685942
0.637955
0.595821
0.561546
0.536266
0.520154
0.512528
0.512105
0.517262
0.526278
0.537517
0.549541
0.561195
0.571646
0.580394
0.587244
0.592288
0.595793
0.598137
0.599672
0.600659
0.601183
0.601179
0.600413
1.1
1.09331
1.07923
1.05798
1.0302
0.997256
0.961098
0.924117
0.888817
0.857544
0.832239
0.814226
0.804054
0.801426
0.805275
0.81392
0.825286
0.837275
0.848168
0.856956
0.863339
0.86746
0.869572
0.869721
0.86769
0.863324
0.856821
0.8489
0.84062
0.833116
0.827335
0.823928
0.823215
0.825294
0.830075
0.837393
0.846911
0.858019
0.869831
0.881433
1.1
1.10802
1.1124
1.11283
1.10975
1.10373
1.0953
1.08495
1.07308
1.0603
1.04754
1.03605
1.02711
1.02164
1.01983
1.02109
1.02415
1.02745
1.02959
1.02946
1.02643
1.02042
1.01195
1.00197
0.991608
0.981674
0.972359
0.963364
0.954363
0.945543
0.937755
0.932151
0.929539
0.929823
0.932031
0.934781
0.936822
0.937352
0.935961
0.932567
1.1
1.09146
1.07954
1.06593
1.05222
1.04014
1.03126
1.0267
1.02681
1.03106
1.03831
1.04712
1.05612
1.06421
1.07061
1.07496
1.07732
1.07824
1.07882
1.08057
1.08497
1.09289
1.10413
1.11761
1.13179
1.14502
1.15566
1.16221
1.16337
1.15839
1.14757
1.13257
1.11624
1.10198
1.09274
1.09027
1.09473
1.10486
1.1184
1.13257
1.1
1.10656
1.10854
1.10559
1.09946
1.09314
1.08975
1.09125
1.09769
1.10725
1.11716
1.12454
1.12706
1.12323
1.11247
1.09501
1.07184
1.04457
1.0155
0.98771
0.964706
0.949277
0.942252
0.942552
0.948504
0.958864
0.972666
0.988427
1.00382
1.01625
1.02383
1.02606
1.02388
1.01928
1.01452
1.01152
1.01139
1.0143
1.01957
1.02617
1.1
1.1056
1.11046
1.11436
1.1173
1.11915
1.11999
1.12022
1.1204
1.12078
1.12114
1.12129
1.12165
1.1233
1.12734
1.13415
1.14331
1.15394
1.16528
1.17678
1.18805
1.19859
1.2076
1.2142
1.21773
1.21796
1.21531
1.21071
1.20545
1.20092
1.19838
1.19851
1.2011
1.20477
1.20713
1.20546
1.19761
1.18284
1.16214
1.13809
1.1
1.08018
1.06578
1.05911
1.05945
1.0647
1.07233
1.08014
1.08663
1.09114
1.09372
1.09491
1.09559
1.09663
1.09881
1.10261
1.1081
1.11488
1.12219
1.12914
1.13492
1.13902
1.14129
1.14201
1.14186
1.14166
1.14195
1.14258
1.14269
1.14114
1.13695
1.12965
1.11915
1.10553
1.08909
1.07062
1.05146
1.03332
1.01787
1.00644
1.1
1.09742
1.09907
1.10511
1.11467
1.12613
1.1375
1.14707
1.15368
1.15658
1.15528
1.14944
1.13913
1.12507
1.10873
1.09214
1.0776
1.06744
1.06399
1.06917
1.08415
1.1085
1.13973
1.17383
1.20677
1.23566
1.259
1.27618
1.28703
1.29147
1.2893
1.28009
1.26338
1.23927
1.20939
1.17775
1.14999
1.13084
1.12153
1.11979
1.1
1.10212
1.1036
1.10328
1.10093
1.09684
1.09188
1.08757
1.08595
1.08896
1.09755
1.11102
1.1271
1.14264
1.15458
1.16085
1.16089
1.15585
1.1484
1.1422
1.1405
1.14481
1.15476
1.16907
1.1862
1.20447
1.22197
1.23671
1.24696
1.25147
1.24969
1.2418
1.22868
1.21167
1.19224
1.17169
1.15111
1.13151
1.11403
1.10018
1.1
1.09768
1.10338
1.11688
1.13551
1.15567
1.17474
1.19184
1.20723
1.22111
1.23282
1.24079
1.24316
1.23863
1.22711
1.21003
1.1901
1.17056
1.15413
1.14213
1.1342
1.12882
1.12435
1.12002
1.11635
1.11482
1.11669
1.1218
1.12838
1.13427
1.13838
1.14128
1.14477
1.15078
1.16019
1.17217
1.1845
1.1943
1.19911
1.19808
1.1
1.09489
1.09389
1.09734
1.10338
1.11059
1.11851
1.12677
1.13435
1.13964
1.14088
1.1366
1.12589
1.10878
1.08656
1.06197
1.03856
1.01963
1.00733
1.00245
1.00473
1.0133
1.02686
1.04379
1.06228
1.08053
1.09692
1.11025
1.11974
1.12522
1.12717
1.12671
1.12556
1.12569
1.12863
1.13489
1.1439
1.15458
1.16584
1.17675
1.1
1.10664
1.1115
1.1132
1.111
1.10458
1.09418
1.08047
1.06442
1.04711
1.02953
1.01254
0.99688
0.983525
0.974219
0.971224
0.975733
0.986397
1
1.01358
1.02573
1.03649
1.04644
1.05604
1.06533
1.07404
1.0817
1.08776
1.09173
1.09329
1.09246
1.0895
1.08474
1.07833
1.07034
1.06101
1.05112
1.04201
1.03509
1.03113
1.1
1.09875
1.09637
1.09225
1.08684
1.08153
1.0781
1.07817
1.08269
1.09163
1.10404
1.11823
1.13232
1.14477
1.15468
1.16195
1.16697
1.17028
1.17237
1.1736
1.17408
1.17355
1.17144
1.16705
1.15985
1.14985
1.13776
1.12502
1.11326
1.10348
1.09559
1.08877
1.08239
1.07654
1.072
1.0697
1.07024
1.07363
1.07943
1.08708
1.1
1.10899
1.11898
1.12821
1.13479
1.13674
1.13263
1.12212
1.10608
1.08645
1.06581
1.04696
1.03241
1.02386
1.0218
1.02547
1.0332
1.04298
1.053
1.06203
1.06947
1.07528
1.0796
1.08258
1.08427
1.08459
1.08333
1.0799
1.07346
1.06323
1.04901
1.03144
1.01183
0.991734
0.972718
0.956827
0.947406
0.948645
0.962641
0.986737
1.1
1.12433
1.14296
1.15258
1.15245
1.14266
1.12429
1.0998
1.07323
1.04947
1.03244
1.02347
1.02131
1.02335
1.02698
1.03035
1.03269
1.03424
1.03578
1.03836
1.0429
1.05015
1.0605
1.07365
1.08838
1.10254
1.11368
1.11999
1.1211
1.11849
1.11511
1.11427
1.11809
1.12665
1.13837
1.15114
1.16319
1.17333
1.18082
1.18527
1.1
1.09768
1.09294
1.08574
1.07639
1.06579
1.05551
1.04739
1.04313
1.04362
1.0487
1.05712
1.067
1.07634
1.08333
1.08636
1.08392
1.07479
1.05875
1.03777
1.01663
1.00149
0.996612
1.00247
1.01671
1.03587
1.05621
1.07422
1.08722
1.09393
1.0947
1.09129
1.08639
1.08315
1.08444
1.0917
1.1039
1.11777
1.12939
1.13568
1.1
1.09277
1.08117
1.06836
1.05758
1.05131
1.0506
1.05516
1.06378
1.07451
1.08467
1.09176
1.09484
1.09541
1.09661
1.10105
1.10905
1.11906
1.12898
1.13729
1.14333
1.14726
1.14996
1.15263
1.15623
1.16091
1.16599
1.17048
1.17374
1.17577
1.17682
1.17694
1.17565
1.17221
1.16598
1.15686
1.1453
1.13208
1.11802
1.10391
1.1
1.08798
1.07784
1.07115
1.06831
1.06893
1.07204
1.07644
1.08113
1.08558
1.08967
1.09339
1.09649
1.09841
1.09833
1.09576
1.09101
1.08523
1.07963
1.07485
1.07127
1.06918
1.06803
1.06632
1.06262
1.05666
1.04923
1.04115
1.03262
1.02335
1.01342
1.0042
0.998451
0.999256
1.00806
1.02366
1.04304
1.06329
1.0827
1.10059
1.1
1.11205
1.12145
1.12621
1.12528
1.11831
1.10602
1.09047
1.0748
1.06226
1.05481
1.05231
1.05307
1.055
1.05661
1.0572
1.05671
1.05544
1.05373
1.05172
1.04918
1.04575
1.04164
1.03847
1.039
1.04539
1.05749
1.07279
1.08786
1.09986
1.10722
1.10964
1.10779
1.10299
1.097
1.09172
1.08873
1.08873
1.09112
1.09419
1.1
1.09807
1.09319
1.08627
1.07838
1.07001
1.06118
1.052
1.04308
1.03535
1.02959
1.0261
1.02451
1.02387
1.02314
1.02173
1.01985
1.01836
1.01803
1.01896
1.02064
1.02242
1.0238
1.02438
1.0238
1.02173
1.01804
1.01294
1.00711
1.00162
0.997877
0.997197
1.00049
1.00802
1.0195
1.03414
1.05079
1.06798
1.08434
1.09895
1.1
1.10864
1.11477
1.11705
1.11469
1.10761
1.09687
1.08486
1.07469
1.06894
1.06864
1.07312
1.08062
1.08896
1.09605
1.10009
1.0999
1.09518
1.08659
1.07576
1.0651
1.05715
1.05388
1.05593
1.06238
1.07099
1.07902
1.08411
1.08501
1.08208
1.07708
1.07245
1.07012
1.07083
1.07408
1.07872
1.08362
1.08803
1.09164
1.09425
1.1
1.09806
1.09275
1.08405
1.0732
1.06252
1.05438
1.05019
1.04997
1.05282
1.0575
1.0631
1.06926
1.076
1.08336
1.09088
1.09746
1.10175
1.10275
1.1003
1.09523
1.08912
1.08356
1.07923
1.07527
1.06942
1.05886
1.04154
1.01761
0.990366
0.965766
0.949761
0.945401
0.952342
0.968432
0.990918
1.01667
1.04254
1.06594
1.08521
1.1
1.10734
1.10924
1.10532
1.09646
1.08428
1.07062
1.05706
1.04452
1.03355
1.02466
1.01852
1.01575
1.01658
1.02079
1.02785
1.03697
1.04717
1.05731
1.06616
1.07265
1.07606
1.07602
1.07245
1.06556
1.05585
1.0441
1.0314
1.01889
1.00764
0.998319
0.991294
0.986701
0.984528
0.984628
0.986647
0.990127
0.994743
1.00063
1.00836
1.1
1.1098
1.11875
1.12459
1.12649
1.12466
1.12006
1.11386
1.10706
1.10046
1.09462
1.08985
1.08614
1.08317
1.08037
1.07702
1.07243
1.06611
1.0579
1.04824
1.03814
1.02887
1.02156
1.01676
1.01447
1.01464
1.0176
1.02415
1.03509
1.05027
1.06795
1.08496
1.09794
1.10475
1.10507
1.10029
1.09271
1.08462
1.07769
1.07262
1.1
1.096
1.09029
1.0821
1.07175
1.06097
1.05229
1.04805
1.04957
1.0568
1.06847
1.08253
1.09664
1.10866
1.1172
1.12188
1.12331
1.12262
1.12085
1.11861
1.11609
1.11331
1.11038
1.10748
1.10465
1.1017
1.09825
1.09405
1.08922
1.08436
1.08055
1.07921
1.08173
1.08918
1.10183
1.11898
1.13888
1.15921
1.17773
1.19281
1.1
1.10562
1.10898
1.11003
1.10915
1.10703
1.10464
1.10276
1.10158
1.1004
1.0981
1.09378
1.08736
1.0795
1.07139
1.06428
1.05942
1.05797
1.06078
1.068
1.07887
1.09182
1.10496
1.11669
1.12615
1.13324
1.1384
1.14203
1.14412
1.14413
1.14125
1.1348
1.12471
1.11163
1.09689
1.08189
1.06747
1.05376
1.0409
1.02994
1.1
1.09819
1.1027
1.11249
1.12462
1.13633
1.14615
1.15384
1.15969
1.16395
1.16666
1.1678
1.16755
1.16641
1.1651
1.16409
1.16318
1.16139
1.15742
1.15028
1.13986
1.12705
1.11358
1.10144
1.09202
1.08546
1.08075
1.07644
1.07145
1.06555
1.05943
1.05438
1.05175
1.05232
1.05597
1.06161
1.06781
1.0736
1.07902
1.08511
1.1
1.11084
1.12625
1.1438
1.15975
1.17021
1.17283
1.16741
1.15555
1.13983
1.12297
1.1072
1.09387
1.0835
1.07605
1.07114
1.06831
1.06723
1.06783
1.07023
1.07448
1.08029
1.08701
1.0938
1.09988
1.10468
1.10785
1.10924
1.10898
1.10762
1.10607
1.10534
1.10625
1.10918
1.11388
1.11936
1.12408
1.12638
1.1251
1.1199
1.1
1.0895
1.07857
1.06941
1.0632
1.06043
1.06109
1.06485
1.07104
1.07871
1.08656
1.09321
1.09772
1.09982
1.09989
1.09885
1.09802
1.09895
1.10303
1.11074
1.12112
1.13187
1.13997
1.1428
1.13893
1.12865
1.11391
1.09767
1.08263
1.07024
1.0608
1.05452
1.05215
1.05477
1.06295
1.0761
1.09229
1.10893
1.12346
1.1342
1.1
1.10361
1.10864
1.11705
1.12854
1.14018
1.14833
1.15068
1.14688
1.1379
1.12507
1.10971
1.09341
1.07838
1.06713
1.06142
1.06144
1.06597
1.07322
1.08167
1.09013
1.09775
1.10391
1.10837
1.11147
1.114
1.11681
1.12004
1.12297
1.12442
1.12346
1.11979
1.11367
1.10582
1.0972
1.08857
1.08009
1.07101
1.06008
1.04635
1.1
1.08236
1.06745
1.06215
1.06898
1.08482
1.10371
1.12107
1.13514
1.14639
1.15632
1.16643
1.17721
1.1878
1.19644
1.2014
1.20165
1.19708
1.18818
1.17579
1.16119
1.14603
1.13196
1.11981
1.10946
1.10036
1.0925
1.08671
1.08411
1.08507
1.08872
1.09336
1.0975
1.10036
1.10211
1.10363
1.10631
1.11154
1.12006
1.1315
1.1
1.11065
1.11996
1.12608
1.12848
1.12716
1.12253
1.11535
1.1068
1.0986
1.09289
1.09167
1.0962
1.10653
1.12147
1.1388
1.15579
1.16977
1.17858
1.18097
1.17682
1.1672
1.15413
1.14019
1.12792
1.11924
1.11509
1.11551
1.11992
1.12756
1.13741
1.1482
1.15829
1.16608
1.17061
1.17202
1.17166
1.17145
1.17301
1.17694
1.1
1.10615
1.11366
1.12124
1.12776
1.13187
1.13205
1.127
1.11623
1.10059
1.08246
1.06493
1.05076
1.04128
1.036
1.03314
1.03072
1.02739
1.02279
1.01738
1.01202
1.00755
1.00439
1.00244
1.00111
0.999625
0.997556
0.99528
0.994086
0.995679
1.00141
1.01166
1.02575
1.0422
1.05935
1.07583
1.09073
1.10365
1.1145
1.12325
1.1
1.1031
1.10361
1.1008
1.09449
1.08495
1.07311
1.06026
1.0475
1.03539
1.02401
1.01334
1.00352
0.994829
0.987436
0.981263
0.975956
0.971083
0.966407
0.962027
0.958351
0.955887
0.954977
0.955635
0.957516
0.960124
0.963054
0.966356
0.970819
0.977856
0.988904
1.00457
1.02391
1.04442
1.06284
1.07637
1.08356
1.08447
1.08015
1.07204
1.1
1.08749
1.07358
1.06039
1.04985
1.04385
1.04375
1.04986
1.06156
1.07754
1.09606
1.11507
1.13226
1.14541
1.15282
1.15389
1.1494
1.14153
1.13328
1.12755
1.12596
1.1281
1.13181
1.13431
1.13331
1.12768
1.11731
1.10275
1.08504
1.06573
1.04677
1.02983
1.01544
1.00288
0.991284
0.980475
0.971114
0.964253
0.961042
0.962664
1.1
1.11114
1.12519
1.13977
1.15334
1.1647
1.17274
1.17641
1.17521
1.16985
1.16229
1.15511
1.15067
1.15025
1.15375
1.15981
1.16637
1.1714
1.17348
1.1721
1.16769
1.16136
1.15436
1.14752
1.14116
1.13543
1.13074
1.12784
1.12738
1.12916
1.1319
1.13372
1.13299
1.12891
1.12152
1.11152
1.1001
1.08879
1.07913
1.07202
1.1
1.09643
1.09403
1.09366
1.09643
1.1032
1.11392
1.12746
1.14187
1.15497
1.16481
1.17001
1.16978
1.16397
1.15307
1.13848
1.12248
1.10792
1.09742
1.09249
1.09292
1.09702
1.10247
1.10724
1.11013
1.11087
1.10997
1.1085
1.10782
1.10893
1.11177
1.11496
1.11622
1.11335
1.10515
1.09198
1.07558
1.05845
1.04285
1.03013
1.1
1.0933
1.09001
1.09143
1.09716
1.10542
1.11432
1.12286
1.13082
1.13787
1.14301
1.14496
1.14315
1.1384
1.13217
1.12506
1.11668
1.10731
1.09931
1.0962
1.10063
1.11286
1.13089
1.15151
1.17146
1.18828
1.20081
1.20926
1.21474
1.21858
1.2217
1.22446
1.22693
1.22933
1.23228
1.23681
1.2439
1.25368
1.26519
1.27678
1.1
1.10697
1.11379
1.1198
1.12495
1.12925
1.13241
1.13364
1.1317
1.12548
1.11458
1.09987
1.0835
1.06863
1.05869
1.05635
1.06253
1.0759
1.09342
1.11162
1.12782
1.14062
1.14982
1.15605
1.16041
1.1643
1.16904
1.17544
1.18325
1.19112
1.19712
1.19952
1.19728
1.19006
1.1781
1.16206
1.14301
1.12239
1.10201
1.08384
1.1
1.09019
1.08473
1.08398
1.08742
1.09417
1.10293
1.11217
1.12065
1.12775
1.13339
1.13759
1.14021
1.14103
1.13988
1.13652
1.13044
1.12101
1.10835
1.09428
1.08227
1.07567
1.07571
1.08121
1.08974
1.09898
1.10727
1.11379
1.11866
1.12273
1.12696
1.13166
1.13621
1.13944
1.14036
1.13856
1.13396
1.12649
1.11589
1.10202
1.08525
1.06655
1.04737
1.02938
1.01415
1.00313
0.997672
0.999014
1.0079
1.02398
1.04546
1.06918
1.09134
1.10835
1.11795
1.11976
1.11547
1.10822
1.10151
1.09797
1.09857
1.10264
1.10839
1.11374
1.1168
1.11613
1.11088
1.1007
1.08586
1.06733
1.04665
1.02574
1.00658
0.990996
0.98037
0.975454
0.976261
0.98205
0.991479
1.00294
1.01492
1.02651
1.03747
1.04804
1.05854
1.06907
1.07943
1.08911
1.09724
1.10285
1.10532
1.10483
1.10241
1.09967
1.09821
1.09888
1.10146
1.10476
1.10727
1.10801
1.10705
1.10534
1.10417
1.10435
1.10574
1.10716
1.10686
1.10331
1.09602
1.08611
1.07618
1.06944
1.06811
1.07217
1.07962
1.08802
1.09565
1.10185
1.10667
1.11045
1.11351
1.1159
1.11735
1.1174
1.1156
1.11175
1.10586
1.09804
1.08832
1.07666
1.06324
1.04876
1.03468
1.02309
1.01632
1.01622
1.02346
1.03699
1.05405
1.07097
1.08427
1.09139
1.09104
1.08321
1.06915
1.05112
1.03189
1.01402
0.999161
0.987803
0.979601
0.974026
0.97107
0.971369
0.975681
0.984033
0.995251
1.00732
1.01831
1.02722
1.03429
1.04079
1.04833
1.05783
1.06884
1.07939
1.08695
1.08959
1.08698
1.08063
1.07328
1.06759
1.06505
1.06551
1.06756
1.06941
1.06963
1.06756
1.06358
1.05923
1.05687
1.05864
1.06507
1.07472
1.08523
1.09446
1.1009
1.10363
1.1024
1.09787
1.09148
1.08507
1.08026
1.07787
1.07789
1.07989
1.08369
1.08976
1.099
1.112
1.12818
1.14553
1.16126
1.1727
1.17815
1.17708
1.17009
1.15866
1.14498
1.13171
1.1215
1.11588
1.11462
1.11593
1.11771
1.1185
1.11785
1.11605
1.11384
1.11227
1.1125
1.11535
1.12101
1.12916
1.13944
1.15141
1.1642
1.17634
1.18606
1.19195
1.19335
1.19054
1.18433
1.17571
1.16548
1.15433
1.14315
1.13335
1.12693
1.12606
1.1322
1.14486
1.16096
1.17579
1.1851
1.18681
1.18118
1.1695
1.15293
1.13248
1.10988
1.08795
1.0701
1.05882
1.0546
1.05577
1.0595
1.06309
1.06505
1.06538
1.06513
1.06534
1.06634
1.06752
1.06795
1.06722
1.06598
1.06592
1.06911
1.0769
1.08906
1.10348
1.11683
1.12588
1.12846
1.12383
1.11258
1.09634
1.07732
1.05786
1.03998
1.02519
1.01425
1.00681
1.00169
0.997886
0.995598
0.996054
1.00051
1.00976
1.02447
1.0448
1.06957
1.09603
1.12073
1.14059
1.15347
1.15838
1.15555
1.14639
1.13314
1.11838
1.10427
1.09215
1.08248
1.07553
1.07207
1.07349
1.08094
1.09412
1.11094
1.12834
1.14362
1.15509
1.16206
1.16446
1.16248
1.15638
1.14669
1.13459
1.1222
1.11236
1.10768
1.10955
1.11796
1.13153
1.14736
1.16102
1.16761
1.16353
1.14789
1.12304
1.09409
1.06712
1.04683
1.03495
1.03063
1.03162
1.03521
1.03931
1.04327
1.04809
1.05588
1.06875
1.0876
1.11132
1.13696
1.16067
1.17896
1.18939
1.1909
1.18394
1.17019
1.15197
1.13144
1.11033
1.09058
1.07486
1.0656
1.06336
1.06645
1.0724
1.07926
1.08585
1.09133
1.09509
1.0969
1.09712
1.09665
1.09661
1.09796
1.10111
1.10567
1.11052
1.11418
1.1153
1.11301
1.10721
1.0986
1.08859
1.07885
1.07079
1.06501
1.0611
1.05811
1.05557
1.05428
1.05615
1.06309
1.0756
1.09193
1.10871
1.12265
1.13186
1.13602
1.13587
1.1323
1.12591
1.11689
1.10532
1.09162
1.07696
1.06335
1.05329
1.04901
1.05162
1.06061
1.07409
1.08958
1.10493
1.11872
1.13015
1.13872
1.14417
1.14649
1.14606
1.14354
1.13987
1.1359
1.13231
1.12949
1.12762
1.12679
1.12698
1.12789
1.12896
1.12949
1.12898
1.12733
1.125
1.12273
1.12121
1.12064
1.12053
1.1199
1.11765
1.11298
1.10554
1.09542
1.08303
