-5.13399
-5.11985
-5.10808
-5.10211
-5.10272
-5.11296
-5.12955
-5.15138
-5.17231
-5.18974
-5.20111
-5.20845
-5.20956
-5.20448
-5.19496
-5.1817
-5.16483
-5.1452
-5.12803
-5.11323
-5.10484
-5.10774
-5.11829
-5.13899
-5.16524
-5.19268
-5.21852
-5.23951
-5.2536
-5.26108
-5.26237
-5.25917
-5.25366
-5.24848
-5.24572
-5.245
-5.24431
-5.24248
-5.23524
-5.22436
-5.20901
-5.19272
-5.17786
-5.16805
-5.16646
-5.17268
-5.18341
-5.19824
-5.21225
-5.22516
-5.23287
-5.23723
-5.23777
-5.23699
-5.23651
-5.23804
-5.24285
-5.24811
-5.25411
-5.2583
-5.26071
-5.26022
-5.25537
-5.24823
-5.23924
-5.22822
-5.21745
-5.20882
-5.20045
-5.19311
-5.18751
-5.1819
-5.17549
-5.16968
-5.16353
-5.15798
-5.15432
-5.15106
-5.15008
-5.15172
-5.15399
-5.16013
-5.16659
-5.17515
-5.18301
-5.18807
-5.19041
-5.19126
-5.19125
-5.19479
-5.20008
-5.21048
-5.22525
-5.24546
-5.26659
-5.289
-5.30825
-5.3214
-5.32979
-5.33195
-5.32756
-5.31895
-5.30743
-5.29198
-5.27287
-5.2513
-5.22795
-5.20305
-5.17764
-5.15364
-5.13043
-5.10941
-5.09203
-5.07682
-5.06542
-5.05712
-5.05501
-5.05991
-5.07197
-5.09338
-5.12175
-5.15557
-5.1909
-5.22415
-5.25122
-5.27039
-5.28297
-5.28662
-5.28287
-5.27258
-5.25811
-5.23873
-5.22011
-5.20312
-5.1881
-5.17652
-5.16781
-5.16038
-5.15383
-5.14689
-5.14143
-5.13903
-5.13739
-5.14008
-5.14638
-5.15327
-5.16168
-5.17026
-5.17841
-5.18544
-5.19049
-5.1942
-5.19552
-5.19626
-5.19717
-5.20211
-5.20979
-5.21919
-5.23116
-5.24382
-5.25687
-5.27067
-5.28369
-5.29293
-5.29929
-5.30025
-5.29742
-5.28898
-5.27875
-5.26453
-5.24889
-5.23362
-5.21979
-5.20882
-5.1998
-5.19354
-5.18774
-5.18358
-5.18032
-5.17801
-5.17726
-5.1785
-5.1783
-5.17902
-5.18082
-5.17925
-5.17693
-5.17418
-5.1708
-5.16727
-5.16399
-5.16211
-5.16228
-5.16048
-5.15751
-5.14975
-5.13974
-5.12763
-5.11933
-5.11227
-5.10825
-5.10492
-5.09978
-5.09485
-5.09195
-5.09497
-5.10449
-5.12058
-5.14292
-5.171
-5.20172
-5.22973
-5.25048
-5.26053
-5.26098
-5.25419
-5.24423
-5.23589
-5.23098
-5.22775
-5.22647
-5.22407
-5.21998
-5.21398
-5.20689
-5.19826
-5.18912
-5.17918
-5.17104
-5.16017
-5.15104
-5.14477
-5.14171
-5.14432
-5.15152
-5.1624
-5.17747
-5.19811
-5.22102
-5.24761
-5.27593
-5.30241
-5.32524
-5.33994
-5.3461
-5.34325
-5.33065
-5.30978
-5.28222
-5.25151
-5.21998
-5.19303
-5.17242
-5.15891
-5.15312
-5.15235
-5.15597
-5.16034
-5.16797
-5.17589
-5.18666
-5.20009
-5.21565
-5.23271
-5.24758
-5.2585
-5.26489
-5.26695
-5.2624
-5.25427
-5.24395
-5.23165
-5.22158
-5.21339
-5.20936
-5.20924
-5.21111
-5.2131
-5.21541
-5.21694
-5.21576
-5.21145
-5.20448
-5.19538
-5.18719
-5.18052
-5.17519
-5.17558
-5.18217
-5.19463
-5.21022
-5.22588
-5.24019
-5.24952
-5.25552
-5.256
-5.25288
-5.24474
-5.23549
-5.22454
-5.2139
-5.20325
-5.19399
-5.18551
-5.17743
-5.16957
-5.16274
-5.15836
-5.15692
-5.15716
-5.16008
-5.16812
-5.18021
-5.19369
-5.20824
-5.22276
-5.23586
-5.24663
-5.25696
-5.26715
-5.27746
-5.2885
-5.29983
-5.31139
-5.31955
-5.32452
-5.32513
-5.32107
-5.31365
-5.30293
-5.28925
-5.27442
-5.25878
-5.24244
-5.22539
-5.20841
-5.19142
-5.17605
-5.16534
-5.15936
-5.15906
-5.1637
-5.17321
-5.18755
-5.20405
-5.2219
-5.24017
-5.25709
-5.27157
-5.28398
-5.29235
-5.29713
-5.29735
-5.29401
-5.29199
-5.288
-5.28479
-5.28257
-5.27812
-5.2695
-5.2559
-5.23821
-5.21925
-5.20376
-5.19579
-5.19496
-5.20278
-5.21348
-5.22838
-5.24227
-5.25706
-5.2713
-5.28338
-5.29325
-5.30117
-5.30282
-5.3014
-5.2957
-5.28894
-5.28347
-5.28208
-5.28304
-5.285
-5.2845
-5.28041
-5.27106
-5.25814
-5.24393
-5.2316
-5.22123
-5.21469
-5.20954
-5.20408
-5.19977
-5.19675
-5.19567
-5.1973
-5.20304
-5.21024
-5.22099
-5.23136
-5.23893
-5.24249
-5.24202
-5.23963
-5.2345
-5.22838
-5.22305
-5.21754
-5.21204
-5.20652
-5.19892
-5.18946
-5.18044
-5.17301
-5.168
-5.16685
-5.17113
-5.17845
-5.18539
-5.19192
-5.19516
-5.19464
-5.18988
-5.17968
-5.16558
-5.14997
-5.13277
-5.11663
-5.1
-5.08415
-5.06871
-5.05634
-5.04847
-5.04722
-5.05594
-5.06812
-5.07912
-5.08461
-5.08414
-5.0793
-5.07729
-5.08317
-5.09876
-5.12292
-5.14525
-5.16194
-5.17071
-5.17254
-5.1705
-5.16573
-5.16311
-5.16163
-5.1601
-5.15711
-5.15101
-5.14092
-5.12691
-5.11155
-5.09489
-5.08
-5.06859
-5.06226
-5.05878
-5.05956
-5.06429
-5.07267
-5.08268
-5.09507
-5.10895
-5.12348
-5.13627
-5.14772
-5.15684
-5.16484
-5.17214
-5.17902
-5.18676
-5.19477
-5.20409
-5.21472
-5.2247
-5.23514
-5.2451
-5.25539
-5.26523
-5.27497
-5.28346
-5.28984
-5.29411
-5.29298
-5.2874
-5.27456
-5.25692
-5.23492
-5.20846
-5.18248
-5.1593
-5.14231
-5.1339
