-5.01475
-5.01475
-5.01475
-5.01475
-5.01475
-5.0146
-5.01309
-5.01037
-5.0072
-5.00417
-5.00191
-4.99995
-4.99843
-4.99662
-4.99571
-4.99601
-4.99496
-4.99465
-4.99405
-4.99435
-4.99495
-4.99556
-4.9954
-4.99601
-4.99692
-4.99752
-4.99707
-4.99647
-4.99768
-4.99768
-4.99768
-4.99783
-4.99798
-4.99919
-4.99919
-4.99934
-4.99934
-4.99949
-5.0007
-5.00115
-5.0013
-5.00055
-5.0004
-4.99995
-4.99949
-4.99949
-4.99964
-4.99964
-4.99858
-4.99874
-4.6269
-4.62599
-4.62554
-4.62599
-4.62614
-4.6266
-4.62796
-4.62856
-4.62856
-4.62901
-4.62856
-4.62871
-4.62811
-4.62917
-4.62901
-4.62962
-4.63007
-4.62916
-4.62811
-4.62841
-4.6269
-4.62645
-4.62539
-4.62675
-4.6275
-4.6269
-4.6266
-4.6272
-4.62599
-4.6266
-4.62645
-4.6272
-4.6272
-4.6266
-4.62765
-4.62765
-4.6269
-4.62705
-4.62645
-4.62629
-4.62599
-4.62569
-4.62493
-4.62463
-4.62433
-4.62463
-4.62327
-4.62372
-4.62433
-4.62448
-4.20709
-4.20676
-4.20752
-4.20842
-4.20873
-4.20827
-4.20782
-4.20751
-4.20827
-4.20872
-4.20766
-4.20721
-4.20812
-4.20812
-4.20691
-4.20737
-4.20812
-4.20827
-4.20812
-4.20827
-4.20842
-4.20782
-4.20797
-4.20857
-4.20827
-4.20736
-4.20691
-4.20736
-4.20767
-4.20812
-4.20903
-4.20903
-4.20872
-4.20781
-4.20796
-4.20842
-4.20706
-4.20706
-4.20751
-4.20721
-4.20782
-4.20827
-4.20933
-4.20933
-4.20918
-4.20918
-4.20902
-4.20812
-4.20766
-4.20721
-4.00969
-4.00877
-4.00952
-4.00922
-4.00998
-4.00937
-4.00876
-4.00922
-4.01042
-4.01012
-4.01042
-4.00982
-4.01013
-4.00998
-4.00983
-4.00922
-4.00832
-4.00817
-4.00832
-4.00832
-4.00771
-4.00786
-4.00741
-4.00861
-4.00786
-4.00726
-4.00695
-4.0071
-4.00786
-4.00786
-4.0065
-4.00756
-4.00786
-4.00756
-4.00741
-4.00695
-4.0062
-4.00574
-4.0065
-4.00604
-4.00529
-4.00544
-4.00529
-4.0068
-4.00771
-4.00711
-4.00665
-4.00771
-4.00801
-4.00801
-3.90138
-3.90168
-3.90123
-3.90093
-3.90048
-3.90169
-3.90199
-3.90169
-3.90169
-3.90199
-3.90124
-3.90199
-3.9035
-3.90531
-3.90485
-3.90365
-3.90335
-3.90395
-3.9032
-3.90335
-3.9035
-3.9032
-3.9032
-3.90259
-3.90289
-3.90199
-3.90213
-3.90334
-3.90274
-3.90274
-3.90334
-3.90335
-3.9035
-3.90335
-3.9032
-3.90365
-3.9041
-3.9041
-3.9038
-3.90335
-3.90335
-3.90138
-3.90108
-3.90168
-3.90183
-3.90183
-3.90213
-3.90214
-3.90229
-3.90274
-3.88757
-3.88843
-3.88843
-3.88888
-3.88843
-3.88873
-3.88843
-3.88919
-3.88949
-3.88934
-3.88858
-3.88888
-3.88843
-3.88903
-3.88979
-3.88843
-3.88858
-3.88843
-3.88722
-3.88767
-3.88767
-3.88752
-3.88813
-3.88858
-3.88798
-3.88858
-3.88888
-3.88888
-3.88964
-3.89024
-3.89024
-3.89024
-3.89039
-3.89055
-3.89039
-3.8907
-3.89009
-3.89055
-3.8907
-3.89145
-3.89055
-3.8901
-3.88979
-3.88889
-3.88964
-3.8901
-3.88965
-3.88904
-3.88874
-3.88859
-3.9151
-3.91453
-3.91438
-3.91407
-3.91377
-3.91301
-3.91256
-3.91256
-3.91317
-3.91241
-3.91272
-3.91211
-3.91242
-3.91257
-3.91257
-3.91332
-3.91317
-3.91377
-3.91377
-3.91422
-3.91482
-3.91422
-3.91437
-3.91407
-3.91392
-3.91423
-3.91484
-3.91468
-3.91514
-3.91483
-3.91574
-3.91468
-3.91604
-3.91514
-3.91498
-3.91423
-3.91438
-3.91468
-3.91362
-3.91377
-3.91392
-3.91377
-3.91422
-3.91468
-3.91589
-3.91574
-3.91589
-3.91604
-3.91589
-3.91544
-3.83444
-3.83409
-3.8353
-3.8359
-3.83605
-3.8356
-3.83485
-3.83485
-3.83455
-3.83454
-3.83515
-3.8353
-3.83545
-3.8353
-3.835
-3.8353
-3.8356
-3.83485
-3.83424
-3.83349
-3.83304
-3.83364
-3.8344
-3.8353
-3.83425
-3.83379
-3.83349
-3.83379
-3.83334
-3.83228
-3.83243
-3.83122
-3.83213
-3.83183
-3.83167
-3.83228
-3.83213
-3.83152
-3.83168
-3.83168
-3.83258
-3.83228
-3.83213
-3.83319
-3.83273
-3.83379
-3.83379
-3.83439
-3.83439
-3.83424
-3.86303
-3.86461
-3.86431
-3.86461
-3.8637
-3.864
-3.86491
-3.86536
-3.86612
-3.86612
-3.86597
-3.86657
-3.86733
-3.86717
-3.86868
-3.86823
-3.86853
-3.86762
-3.86702
-3.86702
-3.86657
-3.86536
-3.86536
-3.86506
-3.86551
-3.86597
-3.86612
-3.86597
-3.86537
-3.86552
-3.86612
-3.86551
-3.86521
-3.86551
-3.86551
-3.86566
-3.86566
-3.86627
-3.86581
-3.86642
-3.86733
-3.86717
-3.86687
-3.86521
-3.86566
-3.86491
-3.86521
-3.864
-3.86461
-3.86415
-3.86415
-3.864
-3.86279
-3.86294
-3.86354
-3.86309
-3.86415
-3.86324
-3.86249
-3.86219
-3.86234
-3.86204
-3.86249
-3.86279
-3.864
-3.86355
-3.86325
-3.86431
-3.8634
-3.86295
-3.86294
-3.86279
-3.86234
-3.86279
-3.86431
-3.86371
-3.86265
-3.86265
-3.8634
-3.86295
-3.8631
-3.86264
-3.86264
-3.86173
-3.86128
-3.86189
-3.86219
-3.86234
-3.86219
-3.86219
-3.86356
-3.86416
-3.8634
-3.8637
-3.8631
-3.8634
-3.86325
-3.86325
-3.86295
-3.86249
