1.2
1.18541
1.16594
1.14608
1.13008
1.12054
1.11756
1.11915
1.12257
1.12542
1.12614
1.12395
1.1185
1.10949
1.09671
1.08055
1.06238
1.04481
1.03147
1.02605
1.03089
1.04575
1.06793
1.09331
1.11783
1.1384
1.15327
1.16193
1.1651
1.16456
1.16295
1.16304
1.16673
1.17411
1.18319
1.19078
1.19362
1.18949
1.17784
1.16025
1.14063
1.12438
1.11621
1.11775
1.1271
1.14029
1.15318
1.16267
1.16708
1.16612
1.16068
1.15245
1.14341
1.13528
1.1291
1.12525
1.12375
1.12449
1.12706
1.13051
1.1334
1.13437
1.13282
1.12912
1.1243
1.11925
1.11446
1.11024
1.1068
1.10399
1.1011
1.09723
1.09186
1.08533
1.07866
1.07316
1.06982
1.06891
1.0699
1.07181
1.07372
1.0753
1.07708
1.08036
1.08685
1.09801
1.11402
1.1334
1.15354
1.17176
1.18609
1.19564
1.20062
1.20211
1.20167
1.20064
1.19946
1.19726
1.19205
1.18155
1.16415
1.13985
1.11061
1.07983
1.05099
1.02639
1.00673
0.991658
0.980605
0.973329
0.970029
0.971183
0.977256
0.988365
1.00404
1.02315
1.044
1.06466
1.08331
1.09849
1.1092
1.11493
1.11567
1.11204
1.1052
1.09676
1.08827
1.08087
1.07495
1.07015
1.06576
1.06121
1.05642
1.0519
1.04854
1.04731
1.04911
1.05456
1.06385
1.07663
1.0918
1.10769
1.12239
1.13422
1.14207
1.14556
1.14479
1.14033
1.13309
1.12439
1.11593
1.10958
1.10706
1.10929
1.11599
1.12555
1.13557
1.14373
1.14852
1.14963
1.14778
1.14419
1.13998
1.13567
1.13131
1.12686
1.12252
1.11851
1.1145
1.10939
1.10165
1.09018
1.07513
1.05818
1.04216
1.03018
1.02454
1.02579
1.0327
1.04287
1.05394
1.06435
1.0738
1.08284
1.09238
1.10315
1.11531
1.12851
1.14203
1.15501
1.16662
1.17617
1.18345
1.18873
1.19245
1.19466
1.19479
1.19196
1.1855
1.17544
1.1626
1.14842
1.1345
1.12224
1.11258
1.10608
1.10295
1.10318
1.10677
1.11402
1.12533
1.14051
1.15791
1.17466
1.18785
1.19568
1.19785
1.19539
1.19002
1.18356
1.17748
1.17238
1.16784
1.16261
1.15512
1.14414
1.12932
1.11148
1.09239
1.07413
1.05861
1.04749
1.04238
1.04474
1.055
1.07166
1.09147
1.11083
1.1273
1.14009
1.14964
1.15675
1.16195
1.16528
1.16655
1.16563
1.16269
1.15828
1.15343
1.14955
1.14819
1.15068
1.15759
1.16834
1.18115
1.19329
1.20174
1.20405
1.1993
1.18869
1.17523
1.16234
1.1524
1.1461
1.14287
1.14167
1.14144
1.14148
1.1414
1.14114
1.14068
1.13986
1.13821
1.1352
1.1308
1.12587
1.12178
1.11935
1.1183
1.11809
1.11889
1.12147
1.12663
1.13462
1.14511
1.15741
1.17066
1.18396
1.19634
1.20676
1.21431
1.21831
1.2185
1.21499
1.20826
1.19893
1.18762
1.17493
1.16139
1.14744
1.13327
1.11892
1.10476
1.09225
1.08422
1.08339
1.09046
1.10383
1.12096
1.1396
1.15797
1.17452
1.18772
1.19613
1.19854
1.19427
1.18353
1.16754
1.14856
1.12947
1.11323
1.1021
1.09713
1.09784
1.10241
1.10823
1.11261
1.11331
1.10896
1.09946
1.08642
1.07344
1.0656
1.06746
1.08089
1.10416
1.13321
1.16354
1.19133
1.21395
1.23001
1.23954
1.24393
1.24542
1.24568
1.24466
1.24068
1.23217
1.21932
1.20418
1.18969
1.17849
1.17201
1.17025
1.17222
1.17662
1.18231
1.18815
1.19256
1.19368
1.18988
1.18043
1.16583
1.14768
1.12837
1.11047
1.09613
1.08662
1.08203
1.08138
1.08306
1.08546
1.08767
1.08968
1.09221
1.0961
1.10183
1.10943
1.11856
1.12876
1.13939
1.14974
1.15906
1.16677
1.1725
1.17601
1.17715
1.17595
1.17283
1.1688
1.16544
1.16444
1.16692
1.17282
1.18096
1.18953
1.19678
1.20139
1.20271
1.20042
1.19388
1.18153
1.16158
1.1346
1.10723
1.091
1.09211
1.1047
1.11921
1.132
1.14476
1.15957
1.17616
1.19272
1.20768
1.22078
1.23255
1.24325
1.25219
1.25796
1.25916
1.255
1.24548
1.23145
1.21452
1.19667
1.17991
1.16599
1.15624
1.15137
1.15116
1.1546
1.1602
1.16645
1.17218
1.17681
1.18029
1.18297
1.18535
1.18797
1.1912
1.19513
1.19943
1.20346
1.20671
1.20911
1.21099
1.21262
1.21403
1.21511
1.21581
1.21599
1.21515
1.21236
1.20641
1.1963
1.18151
1.1623
1.13983
1.11618
1.0938
1.07481
1.06039
1.05098
1.04713
1.04974
1.05942
1.07547
1.09559
1.11659
1.1356
1.15099
1.16244
1.17053
1.17614
1.18011
1.18322
1.1862
1.18957
1.19335
1.1968
1.19865
1.19776
1.19437
1.19078
1.19015
1.19366
1.19895
1.20181
1.19906
1.18966
1.17436
1.15464
1.13207
1.10817
1.08495
1.06534
1.05271
1.04959
1.05613
