-3.8635
-3.86395
-3.86455
-3.86546
-3.8647
-3.8647
-3.86395
-3.86471
-3.86456
-3.86396
-3.86229
-3.86244
-3.86229
-3.86154
-3.86139
-3.86184
-3.86199
-3.86108
-3.86199
-3.86168
-3.86108
-3.86259
-3.86168
-3.86214
-3.86244
-3.86214
-3.86214
-3.86199
-3.86139
-3.86124
-3.86139
-3.86184
-3.86214
-3.86229
-3.86274
-3.86319
-3.86335
-3.86441
-3.86395
-3.86456
-3.86456
-3.86516
-3.86531
-3.86515
-3.86561
-3.86606
-3.86501
-3.86501
-3.86425
-3.86501
-3.86456
-3.86486
-3.8644
-3.86395
-3.86334
-3.86304
-3.86395
-3.8638
-3.8641
-3.8638
-3.86425
-3.86516
-3.86516
-3.86576
-3.86636
-3.86561
-3.86485
-3.86546
-3.86531
-3.86515
-3.86591
-3.86621
-3.86561
-3.86561
-3.86516
-3.86485
-3.86561
-3.86546
-3.86576
-3.86636
-3.865
-3.86516
-3.8641
-3.86485
-3.86591
-3.86606
-3.86561
-3.86531
-3.86455
-3.86591
-3.86561
-3.86545
-3.86425
-3.8641
-3.86274
-3.86334
-3.86395
-3.86335
-3.86365
-3.8635
-3.86229
-3.86183
-3.86289
-3.8638
-3.8641
-3.86425
-3.86425
-3.86364
-3.86274
-3.86274
-3.86228
-3.86213
-3.86319
-3.86349
-3.8641
-3.86349
-3.86364
-3.86394
-3.86319
-3.86304
-3.86213
-3.86168
-3.86153
-3.86183
-3.86153
-3.86078
-3.86169
-3.86184
-3.86214
-3.86229
-3.86304
-3.86168
-3.86168
-3.86183
-3.86107
-3.86062
-3.86077
-3.86123
-3.86244
-3.86304
-3.86395
-3.86546
-3.8644
-3.86425
-3.86485
-3.8641
-3.86379
-3.86334
-3.86289
-3.86259
-3.86228
-3.86289
-3.86289
-3.86288
-3.86213
-3.86318
-3.86409
-3.86394
-3.86409
-3.86349
-3.86273
-3.86319
-3.8644
-3.8644
-3.865
-3.8644
-3.86455
-3.86349
-3.8644
-3.86394
-3.86334
-3.86303
-3.86303
-3.86409
-3.865
-3.86651
-3.86651
-3.86651
-3.86605
-3.8653
-3.86485
-3.86515
-3.86319
-3.86213
-3.86304
-3.86198
-3.86168
-3.86213
-3.86258
-3.86273
-3.86228
-3.86198
-3.86289
-3.86228
-3.86274
-3.86183
-3.86183
-3.86092
-3.86228
-3.86168
-3.86153
-3.86168
-3.86123
-3.86153
-3.86168
-3.86258
-3.86318
-3.86318
-3.86258
-3.86228
-3.86259
-3.86304
-3.86365
-3.8635
-3.86349
-3.86334
-3.86304
-3.86349
-3.86424
-3.86364
-3.86364
-3.86319
-3.86304
-3.86319
-3.86394
-3.86409
-3.86424
-3.86409
-3.86621
-3.8656
-3.8656
-3.86575
-3.865
-3.865
-3.86469
-3.86364
-3.86273
-3.86349
-3.86273
-3.86258
-3.86289
-3.86274
-3.86334
-3.86289
-3.86274
-3.86319
-3.86334
-3.86364
-3.86364
-3.86379
-3.86273
-3.86243
-3.86228
-3.86198
-3.86243
-3.86228
-3.86273
-3.86168
-3.86228
-3.86137
-3.86092
-3.86047
-3.86017
-3.86092
-3.86108
-3.86077
-3.86078
-3.86183
-3.86138
-3.86153
-3.86213
-3.86153
-3.86198
-3.86152
-3.86152
-3.86183
-3.86153
-3.86032
-3.86002
-3.86077
-3.86138
-3.86153
-3.86138
-3.86077
-3.86168
-3.86319
-3.86303
-3.86349
-3.86379
-3.86409
-3.86394
-3.86334
-3.86349
-3.86244
-3.86259
-3.86198
-3.86228
-3.86138
-3.86198
-3.86213
-3.86258
-3.86228
-3.86243
-3.86258
-3.86258
-3.86228
-3.86213
-3.86288
-3.86409
-3.86364
-3.86198
-3.86152
-3.86182
-3.86137
-3.86122
-3.86153
-3.86168
-3.86092
-3.86077
-3.86077
-3.86046
-3.86016
-3.85986
-3.86062
-3.86032
-3.86047
-3.86062
-3.86047
-3.86077
-3.86077
-3.86001
-3.85971
-3.85986
-3.86032
-3.86077
-3.86137
-3.86107
-3.86016
-3.86031
-3.86046
-3.86092
-3.86092
-3.86092
-3.86182
-3.86213
-3.86228
-3.86258
-3.86243
-3.86183
-3.86213
-3.86213
-3.86258
-3.86213
-3.86077
-3.86198
-3.86122
-3.86077
-3.86152
-3.86198
-3.86213
-3.86213
-3.86198
-3.86152
-3.86137
-3.86197
-3.86152
-3.86242
-3.86122
-3.86152
-3.85986
-3.85925
-3.8591
-3.8585
-3.8582
-3.85941
-3.85865
-3.85941
-3.85941
-3.85941
-3.85895
-3.8591
-3.85865
-3.85865
-3.8585
-3.85911
-3.85926
-3.85941
-3.8594
-3.85986
-3.8594
-3.86001
-3.86031
-3.85956
-3.85941
-3.8594
-3.85925
-3.8588
-3.85895
-3.85744
-3.85774
-3.85805
-3.85805
-3.8579
-3.85774
-3.8588
-3.8588
-3.8582
-3.85804
-3.85744
-3.85714
-3.8579
-3.8582
-3.8582
-3.8591
-3.86016
-3.86016
-3.8594
-3.85986
-3.86077
-3.86077
-3.86167
-3.86198
-3.86213
-3.86228
-3.86137
-3.86047
-3.86077
-3.86062
-3.86137
-3.86107
-3.86122
-3.86122
-3.86197
-3.86197
-3.86092
-3.86228
-3.86274
-3.86259
-3.86183
-3.86168
-3.86137
-3.86197
-3.86182
-3.86046
-3.86107
-3.86062
-3.86077
-3.86092
-3.86092
-3.86137
-3.86077
-3.86182
-3.86258
-3.86243
-3.86183
-3.86123
-3.86092
-3.86062
-3.86122
-3.86062
-3.86001
-3.85986
-3.86107
-3.86107
-3.86122
-3.86137
-3.86168
-3.86077
-3.86017
-3.85986
-3.86002
-3.85926
-3.85881
-3.8579
-3.85745
-3.85714
-3.85654
-3.85639
-3.85594
-3.85624
-3.85745
-3.85775
-3.85835
-3.85835
-3.85866
-3.85865
-3.85896
-3.85896
-3.85866
-3.85926
-3.85881
-3.85941
-3.85896
-3.85987
-3.86153
-3.86168
-3.86213
-3.86183
-3.86152
-3.86258
