1.8
1.77812
1.7489
1.71913
1.69512
1.68081
1.67634
1.67873
1.68386
1.68813
1.68921
1.68593
1.67776
1.66423
1.64507
1.62083
1.59357
1.56722
1.5472
1.53907
1.54633
1.56862
1.60189
1.63997
1.67675
1.7076
1.7299
1.7429
1.74765
1.74684
1.74442
1.74456
1.7501
1.76116
1.77479
1.78617
1.79043
1.78424
1.76677
1.74038
1.71095
1.68657
1.67431
1.67662
1.69065
1.71043
1.72977
1.74401
1.75062
1.74918
1.74103
1.72868
1.71512
1.70291
1.69364
1.68787
1.68563
1.68673
1.69059
1.69576
1.7001
1.70156
1.69923
1.69368
1.68645
1.67887
1.6717
1.66536
1.66019
1.65598
1.65165
1.64585
1.6378
1.62799
1.618
1.60974
1.60473
1.60336
1.60485
1.60772
1.61058
1.61296
1.61563
1.62053
1.63028
1.64702
1.67104
1.70011
1.73031
1.75764
1.77913
1.79346
1.80092
1.80316
1.80251
1.80096
1.79919
1.79589
1.78807
1.77232
1.74623
1.70978
1.66591
1.61974
1.57648
1.53959
1.51009
1.48749
1.47091
1.45999
1.45504
1.45677
1.46588
1.48255
1.50607
1.53473
1.566
1.59699
1.62496
1.64773
1.6638
1.67239
1.67351
1.66805
1.6578
1.64513
1.6324
1.6213
1.61242
1.60523
1.59865
1.59182
1.58463
1.57785
1.57281
1.57097
1.57367
1.58183
1.59578
1.61494
1.6377
1.66153
1.68358
1.70133
1.71311
1.71834
1.71719
1.71049
1.69964
1.68659
1.6739
1.66437
1.66059
1.66393
1.67398
1.68832
1.70336
1.7156
1.72278
1.72445
1.72167
1.71629
1.70997
1.70351
1.69697
1.69029
1.68378
1.67776
1.67176
1.66409
1.65247
1.63526
1.61269
1.58726
1.56324
1.54528
1.53682
1.53869
1.54905
1.56431
1.5809
1.59653
1.61071
1.62427
1.63858
1.65472
1.67297
1.69276
1.71304
1.73252
1.74992
1.76426
1.77518
1.78309
1.78867
1.79198
1.79218
1.78793
1.77825
1.76315
1.7439
1.72263
1.70175
1.68337
1.66888
1.65912
1.65443
1.65477
1.66016
1.67103
1.688
1.71076
1.73686
1.76198
1.78178
1.79352
1.79678
1.79309
1.78502
1.77534
1.76622
1.75856
1.75176
1.74391
1.73268
1.71621
1.69398
1.66722
1.63858
1.6112
1.58792
1.57124
1.56357
1.56711
1.58249
1.60749
1.6372
1.66625
1.69095
1.71013
1.72446
1.73513
1.74292
1.74792
1.74983
1.74844
1.74403
1.73742
1.73014
1.72432
1.72229
1.72602
1.73639
1.75251
1.77173
1.78994
1.80261
1.80607
1.79895
1.78304
1.76285
1.74351
1.7286
1.71915
1.71431
1.7125
1.71217
1.71221
1.7121
1.71171
1.71102
1.70979
1.70731
1.70281
1.6962
1.68881
1.68267
1.67902
1.67745
1.67714
1.67833
1.6822
1.68994
1.70193
1.71767
1.73611
1.75599
1.77594
1.7945
1.81014
1.82146
1.82747
1.82775
1.82249
1.81239
1.7984
1.78144
1.76239
1.74209
1.72116
1.6999
1.67839
1.65713
1.63838
1.62633
1.62509
1.6357
1.65574
1.68145
1.70941
1.73696
1.76177
1.78158
1.79419
1.79781
1.79141
1.77529
1.75131
1.72284
1.69421
1.66984
1.65315
1.64569
1.64675
1.65361
1.66235
1.66892
1.66997
1.66345
1.64918
1.62963
1.61016
1.59839
1.60119
1.62133
1.65624
1.69982
1.74531
1.787
1.82092
1.84501
1.85931
1.8659
1.86812
1.86852
1.86699
1.86101
1.84825
1.82898
1.80627
1.78454
1.76773
1.75801
1.75538
1.75833
1.76493
1.77347
1.78222
1.78884
1.79052
1.78482
1.77065
1.74874
1.72152
1.69256
1.66571
1.6442
1.62993
1.62304
1.62207
1.62459
1.62819
1.6315
1.63452
1.63831
1.64415
1.65275
1.66415
1.67785
1.69314
1.70909
1.72461
1.73858
1.75015
1.75875
1.76401
1.76572
1.76392
1.75925
1.7532
1.74816
1.74667
1.75038
1.75923
1.77144
1.7843
1.79517
1.80209
1.80407
1.80063
1.79082
1.7723
1.74237
1.7019
1.66085
1.6365
1.63817
1.65706
1.67882
1.698
1.71714
1.73935
1.76424
1.78908
1.81152
1.83117
1.84883
1.86488
1.87829
1.88694
1.88874
1.8825
1.86822
1.84717
1.82178
1.795
1.76986
1.74898
1.73437
1.72705
1.72674
1.7319
1.7403
1.74967
1.75827
1.76522
1.77043
1.77445
1.77803
1.78196
1.7868
1.7927
1.79914
1.80519
1.81006
1.81367
1.81648
1.81893
1.82105
1.82267
1.82371
1.82398
1.82273
1.81853
1.80962
1.79445
1.77227
1.74344
1.70975
1.67427
1.6407
1.61222
1.59058
1.57647
1.57069
1.57461
1.58913
1.6132
1.64339
1.67489
1.7034
1.72648
1.74365
1.7558
1.76421
1.77016
1.77483
1.7793
1.78436
1.79002
1.7952
1.79797
1.79663
1.79156
1.78617
1.78523
1.79049
1.79842
1.80272
1.79858
1.78449
1.76153
1.73196
1.6981
1.66225
1.62742
1.59801
1.57907
1.57439
1.5842
