1.65
1.64842
1.64365
1.63557
1.62387
1.60809
1.58768
1.56195
1.53012
1.49136
1.44497
1.39053
1.32813
1.25856
1.18354
1.10579
1.02891
0.956933
0.893732
0.842319
0.804399
0.780231
0.768791
0.768158
0.775893
0.789416
0.806275
0.824311
0.841792
0.85747
0.87059
0.880867
0.888431
0.89369
0.897205
0.899508
0.900989
0.901775
0.901769
0.90062
1.65
1.63996
1.61884
1.58697
1.54531
1.49588
1.44165
1.38618
1.33323
1.28632
1.24836
1.22134
1.20608
1.20214
1.20791
1.22088
1.23793
1.25591
1.27225
1.28543
1.29501
1.30119
1.30436
1.30458
1.30154
1.29499
1.28523
1.27335
1.26093
1.24967
1.241
1.23589
1.23482
1.23794
1.24511
1.25609
1.27037
1.28703
1.30475
1.32215
1.65
1.66203
1.6686
1.66925
1.66462
1.65559
1.64296
1.62742
1.60961
1.59045
1.57131
1.55408
1.54067
1.53246
1.52975
1.53164
1.53622
1.54118
1.54438
1.54418
1.53964
1.53064
1.51792
1.50295
1.48741
1.47251
1.45854
1.44505
1.43154
1.41831
1.40663
1.39823
1.39431
1.39474
1.39805
1.40217
1.40523
1.40603
1.40394
1.39885
1.65
1.63718
1.61931
1.5989
1.57833
1.5602
1.54688
1.54005
1.54022
1.5466
1.55746
1.57068
1.58418
1.59631
1.60592
1.61245
1.61598
1.61736
1.61823
1.62085
1.62746
1.63934
1.6562
1.67642
1.69768
1.71752
1.73349
1.74332
1.74505
1.73759
1.72136
1.69885
1.67436
1.65297
1.63911
1.6354
1.64209
1.65728
1.6776
1.69885
1.65
1.65983
1.66281
1.65838
1.64919
1.6397
1.63462
1.63688
1.64653
1.66088
1.67573
1.68681
1.69059
1.68484
1.6687
1.64252
1.60777
1.56685
1.52325
1.48157
1.44706
1.42392
1.41338
1.41383
1.42276
1.4383
1.459
1.48264
1.50573
1.52438
1.53575
1.53909
1.53583
1.52893
1.52178
1.51728
1.51708
1.52145
1.52936
1.53925
1.65
1.6584
1.66569
1.67154
1.67594
1.67872
1.67998
1.68033
1.6806
1.68117
1.68171
1.68193
1.68248
1.68496
1.69101
1.70123
1.71496
1.73092
1.74792
1.76517
1.78208
1.79788
1.8114
1.8213
1.82659
1.82694
1.82296
1.81606
1.80817
1.80138
1.79757
1.79777
1.80165
1.80716
1.8107
1.80819
1.79642
1.77425
1.74321
1.70713
1.65
1.62027
1.59867
1.58867
1.58918
1.59705
1.60849
1.62021
1.62995
1.63671
1.64057
1.64237
1.64338
1.64494
1.64821
1.65392
1.66215
1.67232
1.68329
1.69371
1.70238
1.70853
1.71194
1.71302
1.71279
1.71249
1.71292
1.71386
1.71404
1.71171
1.70543
1.69448
1.67873
1.6583
1.63364
1.60593
1.57719
1.54997
1.52681
1.50965
1.65
1.64613
1.64861
1.65766
1.67201
1.6892
1.70625
1.72061
1.73051
1.73486
1.73291
1.72416
1.7087
1.68761
1.6631
1.63821
1.61639
1.60117
1.59598
1.60375
1.62623
1.66276
1.70959
1.76074
1.81015
1.8535
1.88849
1.91426
1.93054
1.9372
1.93394
1.92013
1.89508
1.8589
1.81409
1.76663
1.72498
1.69626
1.68229
1.67969
1.65
1.65318
1.6554
1.65492
1.65139
1.64526
1.63782
1.63135
1.62892
1.63344
1.64632
1.66652
1.69065
1.71396
1.73187
1.74127
1.74134
1.73377
1.7226
1.7133
1.71075
1.71721
1.73215
1.75361
1.7793
1.8067
1.83295
1.85507
1.87044
1.87721
1.87453
1.8627
1.84303
1.81751
1.78836
1.75753
1.72667
1.69726
1.67105
1.65026
1.65
1.64653
1.65507
1.67532
1.70327
1.7335
1.76211
1.78776
1.81084
1.83166
1.84923
1.86119
1.86475
1.85795
1.84066
1.81505
1.78515
1.75583
1.73119
1.7132
1.7013
1.69324
1.68653
1.68003
1.67453
1.67223
1.67504
1.68269
1.69256
1.7014
1.70756
1.71192
1.71716
1.72618
1.74028
1.75826
1.77675
1.79145
1.79867
1.79712
1.65
1.64233
1.64084
1.64601
1.65506
1.66588
1.67776
1.69015
1.70152
1.70946
1.71132
1.7049
1.68884
1.66317
1.62985
1.59295
1.55783
1.52944
1.511
1.50368
1.5071
1.51995
1.5403
1.56568
1.59341
1.62079
1.64539
1.66537
1.67961
1.68784
1.69076
1.69006
1.68834
1.68853
1.69295
1.70233
1.71585
1.73188
1.74876
1.76512
1.65
1.65997
1.66726
1.6698
1.6665
1.65688
1.64127
1.6207
1.59664
1.57067
1.54429
1.51881
1.49532
1.47529
1.46133
1.45684
1.4636
1.4796
1.50001
1.52037
1.5386
1.55474
1.56966
1.58406
1.59799
1.61105
1.62255
1.63165
1.63759
1.63994
1.63869
1.63426
1.62711
1.6175
1.60552
1.59152
1.57669
1.56301
1.55263
1.54669
1.65
1.64812
1.64456
1.63838
1.63027
1.62229
1.61715
1.61726
1.62403
1.63745
1.65606
1.67734
1.69848
1.71715
1.73202
1.74293
1.75045
1.75541
1.75855
1.7604
1.76111
1.76032
1.75715
1.75057
1.73977
1.72477
1.70664
1.68753
1.66989
1.65522
1.64338
1.63316
1.62358
1.61482
1.60801
1.60455
1.60535
1.61044
1.61914
1.63062
1.65
1.66348
1.67846
1.69231
1.70218
1.70511
1.69895
1.68318
1.65913
1.62968
1.59872
1.57044
1.54862
1.53579
1.53271
1.53821
1.5498
1.56446
1.5795
1.59304
1.60421
1.61291
1.6194
1.62388
1.6264
1.62689
1.62499
1.61985
1.61019
1.59485
1.57351
1.54716
1.51775
1.4876
1.45908
1.43524
1.42111
1.42297
1.44396
1.48011
1.65
1.6865
1.71444
1.72887
1.72867
1.71399
1.68644
1.6497
1.60984
1.57421
1.54866
1.5352
1.53196
1.53503
1.54047
1.54552
1.54904
1.55136
1.55368
1.55754
1.56435
1.57523
1.59075
1.61048
1.63257
1.6538
1.67052
1.67999
1.68165
1.67773
1.67267
1.6714
1.67713
1.68997
1.70755
1.72671
1.74479
1.75999
1.77123
1.7779
1.65
1.64652
1.63941
1.62861
1.61458
1.59869
1.58326
1.57109
1.56469
1.56543
1.57305
1.58568
1.6005
1.61451
1.625
1.62954
1.62588
1.61219
1.58813
1.55666
1.52495
1.50223
1.49492
1.5037
1.52506
1.5538
1.58432
1.61133
1.63083
1.6409
1.64205
1.63694
1.62958
1.62472
1.62666
1.63754
1.65585
1.67666
1.69409
1.70352
1.65
1.63915
1.62175
1.60254
1.58636
1.57697
1.5759
1.58274
1.59568
1.61176
1.62701
1.63764
1.64225
1.64311
1.64492
1.65157
1.66358
1.67859
1.69347
1.70594
1.715
1.7209
1.72494
1.72895
1.73435
1.74137
1.74898
1.75572
1.76061
1.76365
1.76523
1.76541
1.76348
1.75831
1.74897
1.73529
1.71795
1.69812
1.67704
1.65587
1.65
1.63198
1.61676
1.60673
1.60246
1.60339
1.60805
1.61466
1.62169
1.62837
1.63451
1.64008
1.64474
1.64762
1.6475
1.64364
1.63652
1.62785
1.61944
1.61227
1.60691
1.60377
1.60205
1.59948
1.59393
1.58499
1.57384
1.56172
1.54892
1.53502
1.52013
1.50629
1.49768
1.49888
1.5121
1.53548
1.56455
1.59494
1.62406
1.65088
1.65
1.66808
1.68218
1.68931
1.68792
1.67746
1.65902
1.6357
1.61221
1.5934
1.58221
1.57847
1.5796
1.5825
1.58492
1.58581
1.58507
1.58316
1.58059
1.57758
1.57377
1.56863
1.56246
1.55771
1.5585
1.56808
1.58624
1.60919
1.63179
1.64979
1.66082
1.66446
1.66168
1.65449
1.64551
1.63758
1.6331
1.63309
1.63668
1.64129
1.65
1.64711
1.63978
1.6294
1.61757
1.60502
1.59177
1.57799
1.56462
1.55303
1.54438
1.53915
1.53676
1.53581
1.53472
1.53259
1.52978
1.52754
1.52704
1.52844
1.53096
1.53363
1.5357
1.53658
1.53571
1.5326
1.52706
1.51941
1.51066
1.50243
1.49681
1.4958
1.50073
1.51203
1.52924
1.55122
1.57619
1.60197
1.62651
1.64843
1.65
1.66295
1.67216
1.67558
1.67204
1.66141
1.6453
1.6273
1.61204
1.60341
1.60296
1.60968
1.62092
1.63345
1.64407
1.65013
1.64985
1.64277
1.62988
1.61364
1.59765
1.58572
1.58082
1.5839
1.59356
1.60648
1.61853
1.62616
1.62751
1.62312
1.61563
1.60868
1.60518
1.60624
1.61112
1.61808
1.62543
1.63205
1.63746
1.64137
1.65
1.64708
1.63913
1.62607
1.6098
1.59377
1.58157
1.57528
1.57496
1.57923
1.58624
1.59465
1.60388
1.61401
1.62505
1.63632
1.64619
1.65263
1.65413
1.65045
1.64285
1.63368
1.62535
1.61885
1.6129
1.60413
1.58829
1.5623
1.52641
1.48555
1.44865
1.42464
1.4181
1.42851
1.45265
1.48638
1.52501
1.56381
1.59891
1.62782
1.65
1.66101
1.66386
1.65798
1.64469
1.62642
1.60594
1.58559
1.56678
1.55032
1.53699
1.52779
1.52362
1.52487
1.53119
1.54178
1.55545
1.57075
1.58596
1.59923
1.60897
1.61409
1.61402
1.60867
1.59834
1.58378
1.56615
1.54709
1.52834
1.51146
1.49748
1.48694
1.48005
1.47679
1.47694
1.47997
1.48519
1.49211
1.50095
1.51253
1.65
1.6647
1.67812
1.68689
1.68973
1.68699
1.68009
1.67078
1.66059
1.6507
1.64193
1.63477
1.6292
1.62475
1.62056
1.61553
1.60865
1.59916
1.58685
1.57236
1.55721
1.5433
1.53234
1.52513
1.52171
1.52196
1.52639
1.53623
1.55264
1.57541
1.60193
1.62743
1.64691
1.65712
1.6576
1.65044
1.63906
1.62694
1.61653
1.60893
1.65
1.644
1.63543
1.62315
1.60762
1.59145
1.57844
1.57208
1.57435
1.5852
1.6027
1.62379
1.64496
1.663
1.6758
1.68282
1.68497
1.68393
1.68127
1.67792
1.67414
1.66996
1.66557
1.66122
1.65698
1.65255
1.64737
1.64108
1.63384
1.62654
1.62083
1.61881
1.62259
1.63377
1.65275
1.67847
1.70832
1.73882
1.7666
1.78922
1.65
1.65844
1.66348
1.66504
1.66372
1.66055
1.65695
1.65414
1.65237
1.65061
1.64714
1.64068
1.63104
1.61926
1.60709
1.59643
1.58913
1.58695
1.59116
1.602
1.61831
1.63772
1.65743
1.67504
1.68923
1.69986
1.7076
1.71305
1.71618
1.71619
1.71187
1.70221
1.68706
1.66744
1.64533
1.62283
1.60121
1.58065
1.56135
1.54491
1.65
1.64729
1.65405
1.66873
1.68693
1.70449
1.71922
1.73076
1.73954
1.74593
1.74998
1.7517
1.75133
1.74962
1.74765
1.74614
1.74477
1.74209
1.73613
1.72542
1.70979
1.69058
1.67037
1.65216
1.63803
1.62819
1.62113
1.61467
1.60718
1.59833
1.58914
1.58157
1.57762
1.57849
1.58396
1.59241
1.60171
1.61041
1.61853
1.62766
1.65
1.66626
1.68938
1.7157
1.73962
1.75532
1.75925
1.75112
1.73333
1.70974
1.68446
1.6608
1.6408
1.62525
1.61407
1.60671
1.60247
1.60085
1.60175
1.60535
1.61172
1.62043
1.63051
1.6407
1.64982
1.65702
1.66178
1.66385
1.66348
1.66143
1.6591
1.65801
1.65938
1.66378
1.67082
1.67904
1.68612
1.68958
1.68765
1.67984
1.65
1.63425
1.61785
1.60412
1.5948
1.59064
1.59164
1.59727
1.60656
1.61807
1.62984
1.63982
1.64659
1.64973
1.64983
1.64827
1.64703
1.64843
1.65454
1.66611
1.68168
1.69781
1.70996
1.7142
1.70839
1.69298
1.67087
1.64651
1.62394
1.60536
1.5912
1.58178
1.57822
1.58215
1.59443
1.61415
1.63844
1.66339
1.68519
1.7013
1.65
1.65542
1.66295
1.67558
1.69281
1.71026
1.72249
1.72602
1.72033
1.70685
1.6876
1.66456
1.64012
1.61757
1.6007
1.59214
1.59216
1.59895
1.60984
1.6225
1.6352
1.64663
1.65586
1.66256
1.6672
1.671
1.67521
1.68006
1.68446
1.68663
1.6852
1.67968
1.6705
1.65874
1.64579
1.63285
1.62013
1.60651
1.59012
1.56952
1.65
1.62355
1.60118
1.59322
1.60347
1.62722
1.65557
1.6816
1.70271
1.71959
1.73449
1.74964
1.76581
1.7817
1.79467
1.8021
1.80248
1.79562
1.78226
1.76369
1.74178
1.71905
1.69794
1.67972
1.66419
1.65054
1.63875
1.63007
1.62616
1.62761
1.63308
1.64005
1.64625
1.65055
1.65317
1.65544
1.65946
1.6673
1.68008
1.69725
1.65
1.66597
1.67994
1.68912
1.69272
1.69075
1.6838
1.67302
1.6602
1.6479
1.63934
1.63751
1.6443
1.6598
1.68221
1.70819
1.73369
1.75466
1.76788
1.77145
1.76524
1.7508
1.7312
1.71028
1.69188
1.67886
1.67264
1.67326
1.67989
1.69134
1.70612
1.7223
1.73744
1.74913
1.75592
1.75804
1.75749
1.75718
1.75952
1.76541
1.65
1.65923
1.6705
1.68187
1.69164
1.69781
1.69808
1.6905
1.67434
1.65089
1.62369
1.59739
1.57614
1.56192
1.554
1.54971
1.54608
1.54109
1.53418
1.52607
1.51803
1.51132
1.50659
1.50366
1.50167
1.49944
1.49633
1.49292
1.49113
1.49352
1.50211
1.5175
1.53862
1.56329
1.58903
1.61375
1.6361
1.65547
1.67176
1.68487
1.65
1.65465
1.65541
1.65121
1.64173
1.62743
1.60967
1.59039
1.57125
1.55308
1.53601
1.52
1.50528
1.49224
1.48115
1.47189
1.46393
1.45662
1.44961
1.44304
1.43753
1.43383
1.43246
1.43345
1.43627
1.44019
1.44458
1.44953
1.45623
1.46678
1.48336
1.50686
1.53587
1.56663
1.59426
1.61456
1.62535
1.6267
1.62022
1.60806
1.65
1.63123
1.61036
1.59059
1.57477
1.56577
1.56562
1.57478
1.59234
1.61631
1.64409
1.6726
1.69839
1.71812
1.72924
1.73084
1.7241
1.7123
1.69992
1.69132
1.68893
1.69214
1.69772
1.70146
1.69997
1.69153
1.67597
1.65413
1.62756
1.5986
1.57015
1.54475
1.52315
1.50432
1.48693
1.47071
1.45667
1.44638
1.44156
1.444
1.65
1.66671
1.68778
1.70966
1.73001
1.74705
1.75912
1.76461
1.76281
1.75477
1.74343
1.73267
1.726
1.72537
1.73063
1.73971
1.74955
1.75711
1.76022
1.75814
1.75154
1.74205
1.73154
1.72128
1.71175
1.70315
1.69611
1.69176
1.69106
1.69374
1.69786
1.70058
1.69948
1.69336
1.68228
1.66729
1.65014
1.63319
1.6187
1.60804
1.65
1.64465
1.64105
1.64049
1.64464
1.6548
1.67087
1.69118
1.7128
1.73245
1.74722
1.75501
1.75468
1.74596
1.72961
1.70771
1.68371
1.66187
1.64614
1.63873
1.63937
1.64553
1.6537
1.66086
1.6652
1.6663
1.66495
1.66275
1.66173
1.66339
1.66765
1.67243
1.67433
1.67003
1.65773
1.63796
1.61337
1.58768
1.56427
1.54519
1.65
1.63996
1.63502
1.63715
1.64574
1.65814
1.67148
1.68429
1.69623
1.7068
1.71451
1.71744
1.71473
1.7076
1.69825
1.6876
1.67502
1.66097
1.64896
1.6443
1.65094
1.66929
1.69633
1.72727
1.7572
1.78242
1.80122
1.81389
1.82211
1.82787
1.83255
1.83669
1.8404
1.844
1.84841
1.85522
1.86586
1.88053
1.89779
1.91517
1.65
1.66045
1.67068
1.67969
1.68743
1.69387
1.69862
1.70046
1.69756
1.68822
1.67187
1.6498
1.62525
1.60295
1.58804
1.58453
1.59379
1.61384
1.64013
1.66744
1.69173
1.71093
1.72473
1.73407
1.74062
1.74645
1.75356
1.76316
1.77487
1.78668
1.79567
1.79928
1.79593
1.7851
1.76716
1.7431
1.71452
1.68358
1.65301
1.62576
1.65
1.63529
1.62709
1.62597
1.63112
1.64125
1.65439
1.66826
1.68098
1.69162
1.70009
1.70639
1.71032
1.71154
1.70982
1.70479
1.69566
1.68152
1.66252
1.64142
1.6234
1.6135
1.61356
1.62181
1.63462
1.64847
1.6609
1.67068
1.67799
1.68409
1.69044
1.69749
1.70432
1.70916
1.71054
1.70783
1.70094
1.68974
1.67384
1.65304
1.62788
1.59983
1.57106
1.54406
1.52123
1.5047
1.49651
1.49852
1.51185
1.53597
1.56818
1.60378
1.63701
1.66253
1.67692
1.67964
1.6732
1.66233
1.65227
1.64696
1.64786
1.65395
1.66259
1.67061
1.6752
1.6742
1.66631
1.65104
1.62879
1.601
1.56998
1.53861
1.50987
1.48649
1.47056
1.46318
1.46439
1.47307
1.48722
1.50441
1.52239
1.53977
1.55621
1.57206
1.58781
1.6036
1.61914
1.63367
1.64587
1.65427
1.65798
1.65724
1.65361
1.64951
1.64731
1.64831
1.65219
1.65715
1.6609
1.66202
1.66058
1.65802
1.65625
1.65652
1.65861
1.66075
1.6603
1.65496
1.64403
1.62917
1.61427
1.60415
1.60217
1.60825
1.61944
1.63203
1.64348
1.65278
1.66001
1.66567
1.67027
1.67386
1.67603
1.67609
1.6734
1.66763
1.6588
1.64706
1.63248
1.61499
1.59485
1.57314
1.55202
1.53464
1.52448
1.52432
1.5352
1.55549
1.58107
1.60645
1.6264
1.63709
1.63656
1.62482
1.60372
1.57668
1.54784
1.52104
1.49874
1.48171
1.4694
1.46104
1.4566
1.45705
1.46352
1.47605
1.49288
1.51098
1.52747
1.54083
1.55143
1.56119
1.57249
1.58674
1.60325
1.61909
1.63043
1.63438
1.63046
1.62095
1.60992
1.60138
1.59757
1.59827
1.60134
1.60412
1.60444
1.60134
1.59538
1.58884
1.5853
1.58797
1.59761
1.61208
1.62784
1.64169
1.65136
1.65544
1.6536
1.6468
1.63721
1.62761
1.62039
1.6168
1.61684
1.61984
1.62554
1.63464
1.6485
1.668
1.69227
1.7183
1.74189
1.75906
1.76723
1.76561
1.75513
1.73799
1.71746
1.69757
1.68224
1.67382
1.67193
1.6739
1.67656
1.67775
1.67677
1.67407
1.67076
1.6684
1.66874
1.67303
1.68151
1.69374
1.70916
1.72712
1.74631
1.76451
1.7791
1.78792
1.79003
1.78581
1.7765
1.76357
1.74822
1.7315
1.71472
1.70002
1.69039
1.68909
1.6983
1.71728
1.74144
1.76369
1.77765
1.78022
1.77177
1.75425
1.72939
1.69873
1.66481
1.63193
1.60515
1.58823
1.5819
1.58366
1.58925
1.59464
1.59758
1.59808
1.59769
1.59802
1.59951
1.60128
1.60193
1.60083
1.59897
1.59888
1.60366
1.61535
1.63359
1.65522
1.67524
1.68882
1.69269
1.68574
1.66887
1.64451
1.61598
1.58679
1.55997
1.53779
1.52138
1.51022
1.50253
1.49683
1.4934
1.49408
1.50076
1.51464
1.5367
1.5672
1.60436
1.64404
1.6811
1.71088
1.7302
1.73757
1.73333
1.71958
1.69971
1.67757
1.65641
1.63822
1.62372
1.61329
1.6081
1.61024
1.62141
1.64119
1.6664
1.69252
1.71544
1.73264
1.7431
1.7467
1.74372
1.73457
1.72004
1.70188
1.6833
1.66854
1.66152
1.66433
1.67693
1.69729
1.72104
1.74152
1.75141
1.7453
1.72184
1.68456
1.64113
1.60069
1.57024
1.55242
1.54595
1.54743
1.55281
1.55897
1.5649
1.57213
1.58382
1.60312
1.63139
1.66699
1.70544
1.741
1.76844
1.78408
1.78635
1.77591
1.75529
1.72796
1.69716
1.6655
1.63587
1.61228
1.5984
1.59504
1.59968
1.60859
1.61889
1.62877
1.637
1.64263
1.64534
1.64568
1.64498
1.64491
1.64693
1.65166
1.65851
1.66578
1.67127
1.67294
1.66952
1.66081
1.6479
1.63289
1.61828
1.60619
1.59752
1.59165
1.58717
1.58335
1.58142
1.58423
1.59464
1.6134
1.6379
1.66306
1.68397
1.69778
1.70404
1.70381
1.69845
1.68887
1.67533
1.65797
1.63743
1.61545
1.59502
1.57993
1.57351
1.57743
1.59092
1.61114
1.63437
1.6574
1.67808
1.69522
1.70809
1.71626
1.71974
1.71908
1.71532
1.70981
1.70385
1.69847
1.69423
1.69143
1.69018
1.69046
1.69184
1.69344
1.69423
1.69346
1.691
1.6875
1.6841
1.68182
1.68097
1.6808
1.67986
1.67648
1.66947
1.65831
1.64313
1.62455
