1.05186
1.06792
1.08879
1.11036
1.12929
1.14338
1.15168
1.15409
1.15099
1.14321
1.13222
1.12034
1.11055
1.10575
1.1077
1.11677
1.13251
1.15411
1.18059
1.21056
1.24199
1.27214
1.29792
1.31618
1.32442
1.32134
1.30746
1.28529
1.25843
1.23009
1.20213
1.17525
1.1502
1.12879
1.11364
1.10734
1.11146
1.12617
1.15024
1.1816
1.21752
1.25504
1.291
1.32208
1.34533
1.35874
1.36167
1.35492
1.3401
1.31892
1.29267
1.26223
1.22842
1.19264
1.15696
1.12395
1.0962
1.07591
1.06461
1.06286
1.07038
1.08595
1.1076
1.13293
1.15945
1.18485
1.20728
1.22545
1.23866
1.24674
1.24973
1.24776
1.24114
1.23061
1.21751
1.2037
1.19108
1.18124
1.17513
1.17285
1.17371
1.17628
1.17866
1.17878
1.17466
1.16467
1.148
1.12508
1.09814
1.07144
1.05086
1.04167
1.04568
1.06099
1.08445
1.11377
1.14741
1.18374
1.22054
1.25521
1.28504
1.30779
1.32213
1.32795
1.32632
1.31907
1.30853
1.29716
1.28731
1.28091
1.27901
1.28184
1.28853
1.29711
1.30475
1.30847
1.30594
1.29607
1.27944
1.25819
1.23566
1.21535
1.19981
1.18991
1.1848
1.18255
1.18139
1.1805
1.18
1.18073
1.18337
1.18786
1.19301
1.19691
1.1973
1.19225
1.18059
1.16216
1.13785
1.10973
1.08069
1.054
1.03278
1.01955
1.01622
1.02398
1.04293
1.07162
1.10681
1.14396
1.17823
1.2055
1.22324
1.23071
1.22884
1.22012
1.20803
1.19646
1.18868
1.18664
1.19075
1.19998
1.21219
1.22468
1.23471
1.24024
1.24027
1.23503
1.22579
1.21491
1.20529
1.19966
1.19973
1.20577
1.21676
1.23063
1.24482
1.2569
1.26517
1.26902
1.26847
1.26379
1.25513
1.24262
1.22675
1.20899
1.19174
1.17765
1.16818
1.16265
1.15925
1.15665
1.1549
1.15492
1.1576
1.16327
1.17158
1.18172
1.19249
1.20242
1.20982
1.21307
1.21108
1.20379
1.19247
1.17927
1.16633
1.15519
1.14685
1.14232
1.14328
1.15137
1.16693
1.18805
1.2108
1.23037
1.24253
1.24474
1.237
1.22156
1.20217
1.18271
1.16583
1.1527
1.14322
1.13647
1.13125
1.12676
1.12319
1.12156
1.12334
1.12978
1.1409
1.15531
1.17061
1.18431
1.19482
1.20221
1.20781
1.21342
1.2202
1.22822
1.23634
1.24258
1.24487
1.24168
1.23266
1.21902
1.2034
1.18924
1.17991
1.17783
1.18398
1.19758
1.21643
1.23742
1.25734
1.27363
1.28495
1.29108
1.29226
1.28883
1.281
1.26893
1.25286
1.23337
1.21183
1.19044
1.17198
1.15909
1.15331
1.15475
1.16214
1.17366
1.18763
1.2026
1.21727
1.23038
1.24081
1.24747
1.24915
1.24464
1.23299
1.21418
1.18936
1.16098
1.1322
1.10633
1.08581
1.07185
1.06429
1.06223
1.06461
1.07086
1.08109
1.09588
1.11567
1.14026
1.16846
1.19837
1.22795
1.25569
1.28068
1.30226
1.31961
1.33173
1.33779
1.33744
1.33102
1.31933
1.30324
1.28339
1.26021
1.23414
1.20605
1.17747
1.15074
1.1287
1.11426
1.10982
1.1164
1.13316
1.1576
1.18617
1.21479
1.23948
1.25662
1.26354
1.25896
1.24311
1.21758
1.18489
1.14822
1.11126
1.07799
1.05265
1.03928
1.04078
1.05745
1.08639
1.12246
1.16045
1.19667
1.22913
1.2568
1.27881
1.29417
1.30211
1.30249
1.29578
1.283
1.26536
1.24447
1.2223
1.20082
1.18177
1.16665
1.15693
1.15415
1.15946
1.17253
1.19061
1.20887
1.22262
1.229
1.22764
1.21978
1.20737
1.19231
1.1764
1.16142
1.1492
1.14157
1.14017
1.14599
1.1589
1.17718
1.19786
1.21767
1.23427
1.24693
1.2563
1.26379
1.27029
1.27574
1.27922
1.27962
1.2765
1.27054
1.26316
1.25595
1.24973
1.24402
1.23728
1.2276
1.21367
1.1954
1.17452
1.15421
1.13815
1.12927
1.12871
1.1355
1.14706
1.16014
1.17179
1.17995
1.18351
1.18228
1.17657
1.16724
1.15553
1.14338
1.13322
1.12773
1.12902
1.13799
1.154
1.17513
1.19871
1.22188
1.24206
1.25707
1.26526
1.26549
1.25756
1.24267
1.22345
1.20378
1.1877
1.17773
1.17372
1.17314
1.17241
1.1688
1.16141
1.15116
1.14019
1.13141
1.12802
1.13301
1.14856
1.17506
1.21035
1.25001
1.28868
1.32155
1.3455
1.35922
1.36247
1.35571
1.34016
1.31816
1.29282
1.2673
1.24378
1.22302
1.20459
1.18785
1.17264
1.15963
1.15001
1.14482
1.144
1.14657
1.1508
1.1548
1.15752
1.15936
1.16212
1.16769
1.1764
1.18665
1.19626
1.20381
1.20883
1.2113
1.21101
1.20767
1.20102
1.19133
1.17938
1.16637
1.15372
1.14307
1.13624
1.13502
1.14093
1.15478
1.17609
1.20281
1.23156
1.25831
1.27933
1.29187
1.29467
1.28789
1.27294
1.25215
1.22818
1.2035
1.17997
1.15848
1.13905
1.12128
1.10476
1.08931
1.07525
1.06332
1.05441
1.04893
1.04665
1.04707
1.05027
1.05738
1.07039
1.09132
1.12098
1.15795
1.19834
1.23648
1.26651
1.2838
1.28626
1.27499
1.25431
1.23067
1.2102
1.19624
1.18883
1.18617
1.18649
1.18885
1.19304
1.19934
1.20843
1.22099
1.23747
1.25753
1.27989
1.30262
1.32349
1.34069
1.35285
1.35899
1.35826
1.34963
1.33211
1.30539
1.27028
1.22899
1.18505
1.14291
1.10725
1.08226
1.07073
1.07325
1.08803
1.11137
1.13856
1.16474
1.18595
1.1999
1.2061
1.20562
1.20056
1.19336
1.18615
1.18027
1.17597
1.17257
1.16866
1.16282
1.1542
1.14291
1.13006
1.11765
1.10821
1.10427
1.10775
1.11933
1.13821
1.16216
1.18828
1.21371
1.23629
1.255
1.26988
1.28156
1.29077
1.29788
1.30267
1.30456
1.303
1.29753
1.28779
1.27356
1.25488
1.23223
1.20676
1.18037
1.15524
1.13345
1.11667
1.10576
1.1008
1.10082
1.10404
1.10832
1.11198
1.11437
1.11602
1.11824
1.12252
1.12994
1.14105
1.15575
1.17331
1.19263
1.21233
1.231
1.24725
1.25989
1.26784
1.27016
1.26634
1.25641
1.24105
1.22157
1.19984
1.17805
1.15859
1.14387
1.13593
1.13569
1.14268
1.1551
1.17059
1.18703
1.2029
1.21705
1.22856
1.23661
1.24046
1.23951
1.23346
1.22236
1.20683
1.18806
1.16795
1.149
1.13393
1.12507
1.12384
1.1306
1.14451
1.16383
1.18623
1.20888
1.22893
1.24375
1.25131
1.25084
1.24302
1.22983
1.21424
1.19953
1.18861
1.18346
1.18441
1.18992
1.19707
1.20251
1.20376
1.20004
1.19235
1.18319
1.17558
1.1722
1.17466
1.18341
1.19808
1.2176
1.24054
1.26521
1.28925
1.30943
1.32192
1.32319
1.31107
1.28563
1.24948
1.20728
1.16441
1.1255
1.09326
1.06852
1.05089
1.03971
1.03494
1.03738
1.04829
1.06865
1.0983
1.13552
1.17722
1.21971
1.25934
1.29355
1.32105
1.34166
1.3555
1.36233
1.3613
1.35133
1.33186
1.30342
1.26831
1.23087
1.19705
1.17265
1.16148
1.16392
1.17719
1.19653
1.21687
1.23368
1.24376
1.24556
1.23972
1.22878
1.21585
1.20259
1.18888
1.17456
1.16108
1.15106
1.14668
1.14851
1.1555
1.1658
1.17739
1.18829
1.19681
1.20184
1.20351
1.20348
1.20456
1.2094
1.21866
1.23053
1.24173
1.24948
1.25272
1.25205
1.24905
1.24563
1.24327
1.24266
1.24348
1.2448
1.24559
1.24489
1.24196
1.23637
1.22824
1.21831
1.20776
1.19789
1.19012
1.18563
1.18475
1.18607
1.18677
1.18397
1.17613
1.16352
1.14786
1.13173
1.11775
1.10824
1.10496
1.10879
1.11948
1.13546
1.15388
1.17109
1.18364
1.1892
1.18728
1.17945
1.16881
1.15907
1.15364
1.15468
1.16278
1.17684
1.19459
1.21331
1.23063
1.24494
1.25537
1.26147
1.26292
1.25957
1.25146
1.23927
1.22437
1.20848
1.19311
1.17902
1.16606
1.15363
1.1415
1.13042
1.1223
1.11961
1.12441
1.13717
1.1564
1.17918
1.20219
1.22288
1.24
1.25306
1.2619
1.26611
1.26536
1.25982
1.25068
1.2399
1.22972
1.22189
1.21704
1.21461
1.21334
1.21234
1.21165
1.21221
1.21496
1.21998
1.2262
1.23178
1.23484
1.23419
1.22947
1.22098
1.20933
1.19524
1.17934
1.16232
1.14511
1.12875
1.11441
1.10326
1.096
1.09255
1.09199
1.0931
1.09494
1.09731
1.10074
1.10617
1.11458
1.12662
1.14243
1.16152
1.18297
1.20582
1.22905
1.25173
1.2727
1.29061
1.30425
1.3127
1.31547
1.31264
1.30469
1.29231
1.27637
1.25793
1.23843
1.21961
1.20317
1.19061
1.18269
1.17938
1.18008
1.18385
1.18955
1.19557
1.1999
1.20049
1.19598
1.18698
1.17625
1.16757
1.16411
1.1669
1.1746
1.18452
1.19377
1.20027
1.20305
1.20236
1.19943
1.19611
1.19429
1.19547
1.20019
1.20813
1.21815
1.2285
1.2371
1.2419
1.24113
1.23403
1.22125
1.20503
1.18857
1.17458
1.16403
1.15634
1.15029
1.1452
1.1412
1.13907
1.13978
1.14402
1.15192
1.16324
1.17753
1.1942
1.21241
1.23103
1.24857
1.2634
1.27388
1.27854
1.27633
1.26671
1.24982
1.22664
1.19878
1.16839
1.13786
1.1097
1.08648
1.07077
1.06459
1.06875
1.08238
1.1031
1.12776
1.15325
1.17733
1.19889
1.21762
1.23368
1.24721
1.25795
1.26504
1.26719
1.26326
1.25292
1.23708
1.2178
1.19797
1.1805
1.16776
1.16077
1.15924
1.16182
1.16663
1.17178
1.17581
1.17806
1.1785
1.17763
1.17619
1.1745
1.17255
1.17004
1.16673
1.16278
1.15882
1.15561
1.15364
1.15301
1.15357
1.15523
1.15784
1.16154
1.16673
1.17388
1.18308
1.19371
1.20442
1.21349
1.21943
1.22178
1.22097
1.21748
1.21131
1.20188
1.18896
1.17354
1.158
1.14572
1.13987
1.14219
1.15231
1.16786
1.18546
1.20175
1.21405
1.2206
1.22053
1.21423
1.20327
1.18992
1.17672
1.16611
1.16021
1.16028
1.1663
1.17706
1.19063
1.20503
1.21884
1.23118
1.24156
1.24954
1.25469
1.25699
1.25689
1.25531
1.25306
1.25039
1.24677
1.24125
1.23306
1.22188
1.20769
1.19052
1.17046
1.14818
1.12532
1.10458
1.08915
1.08184
1.08437
1.0972
1.11934
1.14879
1.18288
1.21864
1.25316
1.28385
1.30809
1.32327
1.32709
1.31841
1.29899
1.27417
1.25057
1.23097
1.21309
1.1936
1.17225
1.152
1.13708
1.13115
1.1359
1.14988
1.16856
1.18569
1.19601
1.19712
1.18946
1.17549
1.15852
1.14187
1.12849
1.12074
1.12047
1.12881
1.14597
1.17119
1.20282
1.23855
1.27581
1.31202
1.34486
1.37212
1.39181
1.40209
1.40152
1.38959
1.36705
1.33605
1.29989
1.26272
1.22902
1.20253
1.1852
1.17639
1.17324
1.17201
1.1694
1.16343
1.15364
1.14053
1.1249
1.10736
1.08853
1.0694
1.05145
1.03658
1.0266
1.02263
1.02465
1.03175
1.04272
1.05661
1.07308
1.0925
1.11556
1.14287
1.17384
1.20608
1.23592
1.25971
1.27563
1.28421
1.28766
1.28773
1.28421
1.27542
1.26009
1.23873
1.21347
1.18711
1.16249
1.14197
1.1272
1.11922
1.1185
1.1251
1.1389
1.15959
1.18653
1.21821
1.25197
1.28431
1.31154
1.33054
1.33933
1.33729
1.32499
1.30407
1.27718
1.24768
1.21915
1.1949
1.17743
1.1682
1.16748
1.17437
1.18723
1.20409
1.22301
1.24227
1.26017
1.27471
1.28353
1.28417
1.27488
1.25525
1.22661
1.19213
1.1566
1.12521
1.10213
1.08899
1.0846
1.08593
1.08936
1.09203
1.09217
1.08934
1.08424
1.0783
1.07314
1.06993
1.06923
1.07138
1.07706
1.08724
1.10295
1.1248
1.15237
1.18387
1.2163
1.24601
1.2696
1.28467
1.29029
1.28692
1.27625
1.26093
1.24403
1.2286
1.21703
1.21049
1.2089
1.2114
1.21714
1.22593
1.23815
1.25429
1.27411
1.29609
1.31758
1.33551
1.34719
1.35122
1.34772
1.33799
1.32377
1.30651
1.28689
1.26505
1.24123
1.21654
1.19352
1.17542
1.165
1.16281
1.16672
1.17303
1.17824
1.18013
1.17805
1.17222
1.16325
1.1519
1.13902
1.12565
1.11301
1.10204
1.09322
1.08646
1.08147
1.07796
1.07616
1.07691
1.08143
1.09088
1.10553
1.12432
1.14499
1.16466
1.18069
1.1912
1.1955
1.19421
1.18906
1.18233
1.17619
1.17196
1.16985
1.16912
1.16894
1.16908
1.17014
1.17349
1.18057
1.19227
1.20868
1.22896
1.25121
1.27261
1.28984
1.29995
1.30118
1.29348
1.27842
1.25879
1.238
1.21924
1.20485
1.19621
1.19372
1.19692
1.20475
1.21547
1.22664
1.23567
1.24032
1.2391
1.23143
1.21787
1.20029
1.18199
1.16706
1.15907
1.15944
1.16672
1.17763
1.18874
1.19758
1.20302
1.20487
1.2034
1.19971
1.19608
1.19541
1.19957
1.20774
1.21656
1.22223
1.22223
1.21579
1.20355
1.18688
1.16743
1.14673
1.12625
1.10778
1.09361
1.08636
1.08852
1.10189
1.12712
1.16319
1.20726
1.25476
1.30003
1.33732
1.36206
1.37168
1.36581
1.34604
1.31549
1.27817
1.23841
1.20052
1.16832
1.14463
1.13058
1.1256
1.12752
1.13333
1.14004
1.14529
1.14788
1.14785
1.14641
1.14544
1.14715
1.15346
1.16529
1.18201
1.20158
1.2213
1.23855
1.2518
1.26072
1.26617
1.26956
1.27199
1.27374
1.27437
1.27296
1.26876
1.2614
1.25103
1.23853
1.22566
1.21495
1.20894
1.20857
1.21237
1.2169
1.2186
1.21544
1.20724
1.19478
1.17882
1.15967
1.13754
1.11346
1.08976
1.06939
1.05476
1.04661
1.04388
1.04466
1.04719
1.05071
1.05546
1.06251
1.07325
1.08907
1.1107
1.13728
1.16607
1.19345
1.21647
1.23376
1.24591
1.25476
1.26248
1.27045
1.27899
1.28722
1.29339
1.29551
1.29195
1.28241
1.26857
1.25397
1.24284
1.23825
1.24094
1.24967
1.26201
1.27504
1.28593
1.29246
1.29334
1.2881
1.27706
1.26089
1.24057
1.21717
1.19211
1.16727
1.14472
1.12631
1.11319
1.10548
1.10262
1.10379
1.10866
1.11759
1.13144
1.15092
1.17592
1.20505
1.23586
1.26523
1.29002
1.30763
1.31632
1.31531
1.30447
1.28438
1.25636
1.22255
1.18579
1.14926
1.11601
1.08863
1.06889
1.05741
1.05367
1.05641
1.06416
1.07569
1.08997
1.10598
1.12249
1.13834
1.15275
1.16557
1.17717
1.18807
1.19875
1.20982
1.22191
1.23561
1.25122
1.26819
1.28515
1.30025
1.31192
1.31927
1.32237
1.3219
1.31851
1.31241
1.30277
1.28834
1.26828
1.24295
1.21427
1.18533
1.15937
1.13876
1.12486
1.11833
1.11935
1.12724
1.14004
1.15474
1.16774
1.1761
1.17824
1.17435
1.16633
1.15723
1.15029
1.14801
1.15165
1.16112
1.17525
1.19212
1.20939
1.22438
1.23463
1.23838
1.23495
1.22476
1.20942
1.19125
1.17283
1.15639
1.14346
1.13483
1.13097
1.13217
1.13828
1.1485
1.16122
1.17431
1.18577
1.19428
1.19927
1.2012
1.20129
1.20115
1.20221
1.20501
1.20888
1.21212
1.21265
1.20902
1.20103
1.19003
1.1785
1.16937
1.16529
1.16814
1.17854
1.19565
1.21711
1.23931
1.25831
1.2709
1.27578
1.2741
1.26919
1.26538
1.26587
1.27132
1.27949
1.28656
1.28883
1.28396
1.27144
1.25264
1.23072
1.2099
1.19431
1.18648
1.18668
1.19304
1.20225
1.21076
1.21542
1.21391
1.20497
1.18896
1.16867
1.14917
1.13533
1.12814
1.12434
1.11967
1.11205
1.10171
1.09022
1.07943
1.07133
1.0682
1.0725
1.08642
1.11074
1.14403
1.18282
1.2227
1.25979
1.29116
1.31496
1.33016
1.33627
1.33314
1.32127
1.30191
1.27722
1.25006
1.22325
1.19882
1.1774
1.15833
1.14047
1.1232
1.10695
1.09322
1.08385
1.08062
1.08475
1.0967
1.11574
1.14008
1.16767
1.19712
1.22827
1.26145
1.29589
1.32903
1.35683
1.37509
1.38073
1.37253
1.35121
1.31926
1.28046
1.23942
1.20078
1.1683
1.14395
1.12824
1.12081
1.12105
1.12817
1.14092
1.15762
1.17625
1.1948
1.21163
1.22557
1.23562
1.24088
1.24042
1.23342
1.21967
1.20024
1.17798
1.15742
1.14326
1.1382
1.14204
1.1522
1.16493
1.1764
1.18329
1.18328
1.17593
1.16287
1.14759
1.13434
1.12678
1.12701
1.13501
1.1488
1.16485
1.17915
1.18845
1.1911
1.18747
1.17982
1.17183
1.16777
1.1712
1.1839
1.2053
1.23303
1.26355
1.29275
1.31619
1.33004
1.33176
1.32068
1.29826
1.26786
1.23403
1.20163
1.17456
1.15482
1.1424
1.13591
1.13393
1.13577
1.14188
1.15349
1.17161
1.19611
1.22536
1.25641
1.28559
1.30915
1.32404
1.32835
1.32147
1.30402
1.27761
1.24492
1.20988
1.17752
1.15296
1.13969
1.13779
1.14374
1.15198
1.15736
1.15716
1.15166
1.1435
1.13628
1.13309
1.13586
1.14499
1.15926
1.1759
1.191
1.20029
1.20047
1.19041
1.17237
1.15203
1.13685
1.1329
1.14167
1.16005
1.18294
1.20563
1.22491
1.23879
1.24611
1.24604
1.23772
1.22076
1.19592
1.16582
1.13482
1.10818
1.09082
1.08645
1.09728
1.12426
1.16682
1.22161
1.28163
1.33742
1.37991
1.40283
1.40382
1.3845
1.34952
1.30499
1.25685
1.20971
1.16699
1.131
1.10314
1.08404
1.0738
1.07254
1.08063
1.09839
1.12517
1.15854
1.19426
1.22723
1.25306
1.26909
1.27497
1.27234
1.26402
1.25323
1.24227
1.23224
1.2232
1.21477
1.20672
1.19917
1.19276
1.18849
1.18764
1.19108
1.19883
1.2099
1.22271
1.23567
1.24745
1.25702
1.26363
1.26689
1.26663
1.26295
1.25613
1.24648
1.23422
1.21928
1.20144
1.18065
1.15736
1.1331
1.11039
1.09229
1.08156
1.08002
1.08815
1.105
1.12837
1.15511
1.18164
1.20449
1.22102
1.22993
1.2316
1.22799
1.22225
1.21763
1.21657
1.21983
1.22641
1.23419
1.24056
1.24316
1.24043
1.23197
1.21883
1.20353
1.18965
1.18092
1.18014
1.18811
1.20335
1.22233
1.24056
1.25384
1.25925
1.25567
1.24365
1.22485
1.20119
1.17458
1.14712
1.12153
1.10099
1.08856
1.0862
1.09426
1.1114
1.13509
1.16239
1.19072
1.21836
1.24454
1.26892
1.29093
1.30913
1.32109
1.32377
1.3143
1.29095
1.25403
1.2068
1.15553
1.10878
1.07506
1.06027
1.06574
1.08804
1.12088
1.157
1.18993
1.21487
1.22946
1.23388
1.23028
1.2216
1.21047
1.19882
1.18818
1.18
1.17572
1.17606
1.18049
1.18702
1.19282
1.19523
1.19297
1.18619
1.17626
1.16489
1.15351
1.14306
1.13457
1.12961
1.12979
1.13609
1.14806
1.16404
1.18212
1.20074
1.21877
1.23521
1.2491
1.25966
1.26649
1.26978
1.26994
1.26728
1.26165
1.25284
1.24098
1.22709
1.21312
1.20144
1.19411
1.19246
1.19683
1.20633
1.21901
1.23235
1.24388
1.25152
1.25372
1.24961
1.23901
1.22252
1.20168
1.17862
1.156
1.13658
1.1228
1.11622
1.11749
1.12603
1.13996
1.15654
1.17309
1.18776
1.19998
1.21036
1.21997
1.22978
1.24013
1.25065
1.26028
1.26742
1.27008
1.26633
1.25488
1.23584
1.21104
1.18366
1.1575
1.13591
1.12101
1.11334
1.1122
1.11624
1.124
1.13433
1.14638
1.15977
1.17432
1.18951
1.20407
1.21596
1.22275
1.22255
1.21474
1.20048
1.18264
1.16505
1.15128
1.1436
1.14254
1.14738
1.15668
1.16887
1.18268
1.19724
1.21218
1.22732
1.24245
1.25714
1.27075
1.28244
1.29129
1.29625
1.29638
1.29096
1.27974
1.2631
1.24209
1.21817
1.19299
1.1682
1.14553
1.1269
1.1141
1.1082
1.1089
1.1144
1.12206
1.12938
1.13497
1.13886
1.14249
1.14785
1.15663
1.1694
1.18526
1.20223
1.21794
1.2301
1.23697
1.23737
1.23084
1.21796
1.20044
1.18111
1.16328
1.14982
1.14262
1.14247
1.14945
1.1631
1.18255
1.20632
1.23249
1.25875
1.28282
1.30263
1.31638
1.32245
1.31978
1.30783
1.28697
1.25848
1.22465
1.1885
1.15368
1.12411
1.10341
1.0944
1.09878
1.11653
1.14553
1.18155
1.21915
1.25288
1.27839
1.29278
1.29463
1.28359
1.2604
1.22711
1.18744
1.14677
1.11137
1.08635
1.07383
1.07264
1.07996
1.09304
1.10994
1.12944
1.15076
1.17314
1.19553
1.21654
1.2344
1.24734
1.25411
1.25424
1.24808
1.23661
1.22123
1.20374
1.18662
1.17284
1.16554
1.16711
1.17793
1.19593
1.21732
1.23769
1.25333
1.26198
1.26284
1.25656
1.245
1.23067
1.21606
1.2031
1.19285
1.1853
1.17942
1.17373
1.16707
1.15926
1.15133
1.1449
1.14132
1.14087
1.14248
1.14426
1.14451
1.14254
1.13922
1.13657
1.1371
1.14275
1.15394
1.16942
1.18653
1.20225
1.21423
1.22139
1.22411
1.22399
1.22326
1.22414
1.2282
1.23596
1.24655
1.2578
1.26683
1.27069
1.26711
1.2548
1.23376
1.20563
1.17409
1.14467
1.12362
1.11546
1.12131
1.13865
1.16279
1.18894
1.21371
1.23538
1.25303
1.26555
1.27126
1.2687
1.25791
1.24113
1.22219
1.20512
1.19282
1.18665
1.18691
1.19321
1.2048
1.22024
1.2374
1.25381
1.26701
1.27496
1.27656
1.27157
1.26056
1.24469
1.22561
1.20534
1.18614
1.16995
1.15775
1.14959
1.14502
1.1436
1.14512
1.14937
1.15573
1.16291
1.16909
1.17259
1.17215
1.16756
1.15962
1.15004
1.14111
1.135
1.13311
1.13583
1.14299
1.15432
1.16954
1.18797
1.20804
1.22705
1.24164
1.24892
1.24737
1.23736
1.22127
1.20299
1.18675
1.17577
1.17075
1.17021
1.17184
1.17404
1.17686
1.18138
1.18875
1.19922
1.21172
1.22431
1.23505
1.24256
1.24634
1.24673
1.24448
1.24035
1.23486
1.22796
1.21924
1.20823
1.19492
1.18051
1.1677
1.16031
1.1623
1.17621
1.20159
1.23464
1.2696
1.3008
1.32396
1.33679
1.3382
1.32793
1.30666
1.27646
1.24073
1.20362
1.16929
1.14135
1.12247
1.11383
1.11473
1.12291
1.13514
1.14831
1.15994
1.16837
1.17268
1.17268
1.16864
1.16127
1.15146
1.14037
1.12956
1.12088
1.11614
1.11661
1.12237
1.13229
1.14449
1.15697
1.16831
1.17808
1.18672
1.19529
1.20496
1.2165
1.22987
1.24388
1.2563
1.26451
1.26646
1.26134
1.24997
1.23427
1.2166
1.19947
1.18505
1.17487
1.16941
1.16812
1.16977
1.1734
1.17907
1.18823
1.2028
1.2235
1.24891
1.27589
1.30079
1.32026
1.33161
1.33289
1.32313
1.30255
1.27314
1.23861
1.20359
1.17261
1.14868
1.13299
1.12525
1.12473
1.1308
1.14277
1.15902
1.17677
1.19252
1.20332
1.20753
1.20527
1.19799
1.18798
1.17804
1.17097
1.16894
1.17236
1.17951
1.18732
1.19286
1.19474
1.19345
1.19078
1.18896
1.18988
1.19434
1.20176
1.21038
1.21803
1.22262
1.22272
1.21769
1.20756
1.19292
1.1749
1.15491
1.13464
1.11584
1.10024
1.08943
1.08462
1.0864
1.0948
1.10943
1.12954
1.15397
1.18107
1.20858
1.23417
1.25604
1.27327
1.28573
1.2936
1.29695
1.29584
1.29062
1.28213
1.27131
1.25906
1.24614
1.23315
1.22082
1.21019
1.20245
1.19887
1.20053
1.20777
1.21977
1.2343
1.24818
1.25826
1.26239
1.25995
1.25169
1.23866
1.22145
1.19994
1.17407
1.14498
1.11547
1.08986
1.07291
1.06807
1.07568
1.09268
1.11399
1.13445
1.15054
1.16121
1.16765
1.17218
1.17734
1.18468
1.1945
1.20618
1.21863
1.23092
1.2425
1.25312
1.26242
1.26962
1.27352
1.273
1.26753
1.25753
1.24437
1.23004
1.21653
1.2053
1.19687
1.19076
1.18607
1.1822
1.17932
1.17801
1.17876
1.18155
1.1861
1.19207
1.19925
1.20699
1.21424
1.2196
1.22204
1.22132
1.21797
1.21303
1.20767
1.20289
1.1993
1.19735
1.1973
1.19933
1.20344
1.20913
1.21523
1.21984
1.2207
1.21582
1.20426
1.18651
1.16451
1.14135
1.12075
1.10648
1.10125
1.106
1.11948
1.13901
1.1614
1.18396
1.20491
1.22324
1.23846
1.2504
1.2589
1.26421
1.26729
1.26961
1.27262
1.27692
1.2818
1.2858
1.28731
1.28498
1.27813
1.26683
1.25189
1.23486
1.21752
1.2013
1.18691
1.17431
1.16305
1.15273
1.14332
1.13537
1.13004
1.12869
1.13254
1.14191
1.15602
1.17293
1.19003
1.20502
1.21672
1.22513
1.23098
1.23477
1.23659
1.23641
1.23449
1.23136
1.22763
1.22395
1.22104
1.21994
1.2217
1.22687
1.23468
1.24286
1.24828
1.24815
1.24092
1.22667
1.20679
1.18353
1.15965
1.13806
1.12144
1.11196
1.11067
1.11709
1.12917
1.14405
1.1591
1.17249
1.18315
1.19064
1.19494
1.19653
1.19655
1.19663
1.19824
1.20195
1.20701
1.21189
1.21528
1.21685
1.21719
1.21736
1.21821
1.21996
1.22222
1.22429
1.22545
1.22477
1.22066
1.21105
1.1944
1.17066
1.14187
1.11182
1.08528
1.0671
1.06037
1.0653
1.07937
1.09887
1.12066
1.14268
1.16382
1.18351
1.20146
1.21743
1.23118
1.24223
1.24985
1.25331
1.25206
1.246
1.2358
1.223
1.21003
1.19975
1.1948
1.19688
1.20605
1.22084
1.23874
1.25696
1.27307
1.28512
1.29168
1.29173
1.28488
1.27186
1.25474
1.23643
1.21968
1.20616
1.19622
1.18973
1.18693
1.18884
1.19658
1.20991
1.2265
1.24217
1.25235
1.25373
1.24533
1.22859
1.20675
1.18359
1.16246
1.14546
1.13312
1.12463
1.11859
1.11389
1.11022
1.10799
1.10809
1.11113
1.11698
1.12464
1.1329
1.14092
1.14865
1.15678
1.16606
1.17651
1.1871
1.19607
1.20156
1.20252
1.19924
1.19313
1.1864
1.18137
1.17992
1.18307
1.19086
1.20237
1.21615
1.23076
1.24538
1.25996
1.27482
1.28996
1.30432
1.3158
1.32173
1.31976
1.30871
1.28906
1.26298
1.23396
1.20594
1.18229
1.16474
1.15299
1.1454
1.14006
1.13569
1.13188
1.12878
1.1268
1.12607
1.12644
1.12765
1.12973
1.13315
1.13892
1.14792
1.16029
1.1749
1.18971
1.20259
1.2123
1.21885
1.22311
1.22607
1.22839
1.23057
1.233
1.23581
1.23871
1.24134
1.24351
1.24546
1.24751
1.24909
1.24841
1.24307
1.23115
1.21205
1.18648
1.15658
1.12583
1.09872
1.07957
1.07103
1.07305
1.0833
1.09882
1.11771
1.13949
1.16434
1.19221
1.22194
1.25103
1.27619
1.29414
1.30241
1.29994
1.28728
1.26651
1.24059
1.21291
1.18622
1.16243
1.14229
1.12562
1.11178
1.10037
1.09182
1.08727
1.08784
1.09374
1.10386
1.1161
1.12867
1.14098
1.15352
1.16705
1.18171
1.19667
1.21078
1.22341
1.23521
1.24758
1.26168
1.27752
1.29387
1.30887
1.32064
1.32779
1.32937
1.32509
1.31499
1.29955
1.27958
1.25644
1.23253
1.21093
1.19454
1.18469
1.18078
1.18043
1.18058
1.17889
1.17482
1.16974
1.16589
1.16477
1.16649
1.17039
1.17565
1.18127
1.1859
1.18797
1.18637
1.18086
1.1723
1.16234
1.15312
1.14681
1.14562
1.15145
1.16551
1.18782
1.21672
1.24926
1.28155
1.30932
1.328
1.33345
1.32307
1.29711
1.2591
1.21551
1.17421
1.14228
1.12414
1.12119
1.13233
1.15486
1.18516
1.21894
1.25175
1.27931
1.2982
1.30649
1.30395
1.29201
1.27329
1.25065
1.22635
1.20172
1.17753
1.1546
1.13383
1.11593
1.10106
1.08884
1.07868
1.07003
1.06287
1.05806
1.05728
1.06293
1.07723
1.10112
1.13387
1.17321
1.21584
1.25784
1.29514
1.32404
1.34166
1.34653
1.33882
1.32009
1.29327
1.26206
1.23046
1.20204
1.17957
1.16441
1.15651
1.15462
1.15699
1.16157
1.16635
1.16955
1.16975
1.16643
1.16026
1.15288
1.14633
1.14235
1.14181
1.14459
1.14977
1.15601
1.16191
1.16667
1.17022
1.1733
1.17739
1.18397
1.19353
1.20498
1.21629
1.22562
1.23214
1.23629
1.23958
1.24396
1.25113
1.26163
1.27445
1.28729
1.29746
1.30264
1.30164
1.29446
1.28194
1.26548
1.24647
1.22613
1.20572
1.18636
1.16891
1.15358
1.1401
1.12781
1.11602
1.10409
1.09188
1.08003
1.06996
1.06365
1.06286
1.06841
1.07989
1.09593
1.11482
1.13486
1.15427
1.17122
1.18398
1.19129
1.19259
1.18815
1.17936
1.16894
1.16072
1.15846
1.16434
1.17792
1.19643
1.21606
1.23352
1.24682
1.25533
1.25941
1.26003
1.25897
1.25886
1.26248
1.27148
1.28531
1.30134
1.3157
1.32475
1.3257
1.31696
1.29852
1.27168
1.23887
1.20303
1.16727
1.13471
1.10846
1.09102
1.08372
1.08629
1.09686
1.11246
1.12963
1.14503
1.1558
1.16007
1.15712
1.14772
1.13458
1.12244
1.11677
1.12133
1.13616
1.1576
1.18029
1.19968
1.21359
1.22263
1.22911
1.23565
1.2441
1.25527
1.26874
1.28306
1.29596
1.30476
1.30695
1.30068
1.28536
1.26177
1.23201
1.19922
1.16671
1.13743
1.11352
1.09638
1.08697
1.0861
1.09457
1.11265
1.13937
1.17242
1.20844
1.24377
1.27507
1.2996
1.31547
1.32199
1.31961
1.30981
1.2947
1.27668
1.25792
1.23997
1.22361
1.20886
1.19532
1.18253
1.17017
