85.97
116.77
122.36
90.31
97.86
100.09
91.7
102.35
79.44
123.3
88.81
89.88
105.37
94.1
97.5
83.56
103.56
131.53
92.23
95
102.27
107.67
113.41
115.56
111.55
109.17
114.86
104.6
106.85
91.81
131.99
99.79
103.41
98.27
79.92
101.33
88.55
92.87
87.43
108.5
120.68
85.92
85.88
85.83
93.91
88.41
107.38
102.25
113.03
118.87
92.15
90.34
85.62
88.55
75.42
89.71
87.38
78.91
109.68
125.93
88.98
97.7
84.31
99.58
81.13
76.07
87.85
126.19
82.78
108.54
116.9
114.17
79.83
97.28
78.73
99.62
99.41
94.24
89.52
107.6
116.9
96.52
98.03
75.93
106.17
93.17
96.64
113.77
97.7
99.32
104.88
68.56
76.27
84.22
94.79
110.14
87.86
85.16
93.91
87.75
