12.444		16.0306		1.1865
12.444		15.7484		1.19364
12.444		15.3398		1.26321
12.444		15.115		1.27761
12.444		14.9363		1.27052
12.4107		14.6988		1.29301
11.6496		14.3389		1.35473
11.6496		14.135		1.29153
11.6496		13.9126		1.20792
11.1969		13.6143		1.22765
11.1969		13.3581		1.22422
11.1969		13.1054		1.27742
11.1969		12.8552		1.29438
11.1969		12.683		1.27244
11.1969		12.5463		1.26104
10.3352		12.3966		1.26135
10.3352		12.2607		1.09294
10.3352		12.1015		1.13303
10.3352		11.9833		1.11171
10.3352		11.9097		1.05314
10.3264		11.7845		1.11801
10.1365		11.6801		1.04908
10.1365		11.5701		0.990198
10.0064		11.4426		0.921228
9.7028		11.3246		0.926539
9.7028		11.1711		0.811422
9.39749		11.0485		0.837984
9.39749		10.9233		0.81053
9.24525		10.8548		0.811647
9.24525		10.7443		0.834467
9.24525		10.6077		0.830757
9.10716		10.5448		0.798672
9.10716		10.435		0.813013
9.08947		10.3281		0.785842
8.99049		10.2002		0.752481
8.99049		10.0942		0.725501
8.99049		9.93826		0.741564
8.99049		9.79111		0.72695
8.99049		9.68238		0.708473
8.41632		9.58044		0.722691
8.41632		9.47862		0.682029
8.41632		9.35967		0.6403
8.29301		9.26787		0.650878
8.29301		9.22076		0.640091
8.29301		9.16298		0.62869
8.24632		9.1083		0.600794
8.24632		9.07651		0.612145
8.24632		9.03708		0.589524
8.24632		8.99004		0.551536
8.24632		8.95445		0.53116
7.92326		8.92256		0.492396
7.92326		8.87167		0.449323
7.76106		8.82064		0.483414
7.76106		8.75489		0.519596
7.6951		8.69113		0.52629
7.6951		8.61727		0.506069
7.23347		8.52857		0.582827
7.23347		8.45979		0.564943
7.23347		8.38372		0.58599
7.23347		8.28458		0.586167
7.23347		8.19622		0.601104
7.23347		8.11874		0.572905
7.23347		8.03684		0.596066
7.08106		7.95041		0.636086
7.08106		7.87779		0.698988
7.08106		7.79903		0.679804
7.08106		7.72198		0.69144
7.08106		7.66002		0.731829
6.87381		7.59412		0.733717
6.87381		7.52421		0.703256
6.8602		7.47851		0.686719
6.8602		7.42638		0.586876
6.8602		7.3921		0.60325
6.75902		7.34796		0.582352
6.75902		7.3197		0.611749
6.64125		7.29189		0.586757
6.64125		7.26278		0.611938
6.64125		7.23243		0.641057
6.64125		7.19373		0.516288
6.64125		7.15084		0.523253
6.64125		7.11093		0.517064
6.64125		7.20333		0.811169
6.64125		7.16905		0.799596
6.58074		7.13717		0.797212
6.58074		7.0947		0.716751
6.32152		7.04409		0.764508
6.32152		6.99758		0.716991
6.32152		6.94807		0.632956
6.26486		6.90663		0.609581
6.26486		6.85042		0.551791
6.20619		6.79476		0.54047
6.17765		6.73563		0.578237
6.17765		6.69532		0.615742
6.11033		6.65354		0.63416
6.11033		6.61282		0.656756
6.11033		6.55473		0.590497
6.11033		6.50971		0.632843
6.0626		6.43914		0.62405
5.91872		6.39401		0.695244
5.91872		6.34974		0.683854
5.91872		6.30602		0.669619
5.91872		6.26624		0.659648
5.91872		6.23458		0.595518
5.91872		6.1914		0.55446
5.91872		6.15537		0.521459
5.91872		6.12241		0.491727
5.8756		6.10145		0.558709
5.83097		6.06804		0.548019
5.83097		6.04178		0.551717
5.83097		6.0101		0.561522
5.83097		5.96839		0.569078
5.80189		5.94101		0.589983
5.80189		5.91459		0.529957
5.79764		5.90782		0.47965
5.73037		5.89654		0.524861
5.73037		5.88908		0.570153
5.73037		5.88122		0.685825
5.73037		5.87052		0.643435
5.73037		5.85203		0.62939
5.73037		5.83217		0.557576
5.73037		5.81225		0.521369
5.70129		5.79788		0.527201
5.70129		5.78515		0.519896
5.70129		5.77445		0.521018
5.68967		5.76609		0.454349
5.68967		5.75553		0.440811
5.59332		5.74248		0.507712
5.59332		5.73558		0.538577
5.59332		5.73034		0.571446
5.59332		5.72357		0.568926
5.59332		5.71715		0.546288
5.5213		5.71326		0.564956
5.48311		5.70626		0.575672
5.48311		5.6994		0.504484
5.45403		5.68615		0.539111
5.45403		5.67313		0.552286
5.45403		5.65724		0.508564
5.45403		5.65085		0.566
5.45403		5.63756		0.586058
5.45403		5.61716		0.532496
5.45403		5.5913		0.523454
5.45403		5.56704		0.612082
5.39287		5.5404		0.553352
5.39287		5.52157		0.562438
5.39287		5.50024		0.563808
5.39287		5.48424		0.572392
5.39287		5.46153		0.561955
5.39287		5.4535		0.582986
5.39287		5.44807		0.602747
5.39287		5.44547		0.539033
5.39287		5.44194		0.550232
5.39287		5.43551		0.501174
5.39287		5.4277		0.523197
5.39287		5.4199		0.582307
5.39287		5.40981		0.478316
5.39287		5.39846		0.509933
5.39287		5.39287		0.554917
5.36301		5.39273		0.558067
5.34383		5.39223		0.531432
5.34383		5.39159		0.545606
5.34383		5.39081		0.47921
5.32864		5.46203		0.474452
5.32864		5.44451		0.537589
5.32864		5.42774		0.550987
5.32864		5.41242		0.527594
5.32864		5.39371		0.554241
5.32864		5.38393		0.531645
5.31396		5.38132		0.594053
5.31396		5.37702		0.508963
5.31396		5.37383		0.57806
5.26748		5.36746		0.572384
5.23762		5.36028		0.41851
5.23762		5.35196		0.415312
5.23762		5.34361		0.498356
5.23762		5.33714		0.530099
5.23762		5.33201		0.54625
5.23762		5.32675		0.536453
5.23762		5.32149		0.576685
5.23762		5.31279		0.503527
5.21084		5.30195		0.513699
5.21084		5.28958		0.457972
5.21084		5.27775		0.456386
5.21084		5.26721		0.466732
5.21084		5.25651		0.437314
5.21084		5.2544		0.467931
5.21084		5.25057		0.482476
5.21084		5.24711		0.508308
5.21084		5.24343		0.576201
5.21084		5.23781		0.572125
5.21084		5.23511		0.475505
5.21084		5.2344		0.473165
5.21084		5.23373		0.4569
5.21084		5.23306		0.502237
5.21084		5.23293		0.653843
5.21084		5.23172		0.58908
5.21084		5.23065		0.656198
5.21084		5.22972		0.708239
5.21084		5.22865		0.677631
5.21084		5.22677		0.683119
5.19482		5.22495		0.672525
5.19482		5.22273		0.560603
5.19482		5.21978		0.585018
5.19482		5.21684		0.690752
5.14336		5.21281		0.622713
5.14336		5.21018		0.602638
5.14336		5.20992		0.633476
5.14336		5.20952		0.685183
5.11581		5.20897		0.652432
5.11581		5.20809		0.619422
5.11581		5.20643		0.564485
5.11581		5.20386		0.579863
5.11581		5.20068		0.62453
5.11581		5.19498		0.574543
5.11581		5.18887		0.538296
5.11581		5.17858		0.513775
5.11581		5.16889		0.455189
5.11581		5.15852		0.493595
5.11581		5.14679		0.52036
5.11581		5.13806		0.567733
5.11581		5.12381		0.598258
5.11581		5.11581		0.626886
5.11581		5.11581		0.595006
5.11581		5.11581		0.578955
5.11581		5.11581		0.518411
5.11581		5.11581		0.505355
5.11581		5.11581		0.551201
5.11581		5.11581		0.46721
5.11581		5.11581		0.543918
5.11581		5.11581		0.482802
5.11581		5.11581		0.44903
5.11581		5.11581		0.620777
5.11581		5.11581		0.508196
5.11581		5.11581		0.482886
5.11581		5.11581		0.506428
5.04411		5.11545		0.505589
5.04411		5.11509		0.531459
5.04411		5.11402		0.438054
5.04411		5.11366		0.494749
5.04411		5.11043		0.521457
5.04411		5.10735		0.44254
5.04411		5.10334		0.456837
5.01424		5.11392		0.550531
5.01424		5.10661		0.55638
5.01424		5.09963		0.594979
5.01424		5.08987		0.603337
5.01424		5.08411		0.658004
5.01424		5.07705		0.64112
5.01424		5.06501		0.56615
5.01424		5.05428		0.573345
5.01424		5.04122		0.602908
5.01424		5.02593		0.596448
5.01424		5.01893		0.581569
5.01424		5.0145		0.642625
5.01424		5.01424		0.551292
5.01424		5.01424		0.505847
5.01424		5.01424		0.499299
5.01424		5.01424		0.523459
5.01424		5.01424		0.539688
5.01424		5.01424		0.634886
5.01424		5.01424		0.527319
5.01424		5.01424		0.488397
5.01424		5.01424		0.522545
5.01424		5.01424		0.503038
5.01424		5.01424		0.542298
5.01424		5.01424		0.503229
5.01424		5.01424		0.581165
5.01424		5.01424		0.643236
5.01424		5.01424		0.60332
5.01424		5.01424		0.591456
5.01424		5.01424		0.503263
5.00718		5.01421		0.487854
4.94947		5.01388		0.522678
4.94947		5.01388		0.537998
4.94947		5.01356		0.587032
4.94947		5.01291		0.576582
4.94947		5.01259		0.501002
4.94947		5.01129		0.501776
4.94947		5.00982		0.547685
4.94947		5.0082		0.539964
4.94224		5.0059		0.469168
4.94224		5.00183		0.44667
4.94224		4.99845		0.455093
4.94224		4.9947		0.467198
4.94224		4.98682		0.469346
4.94224		4.97966		0.464275
4.94224		4.96992		0.420273
4.94224		4.95996		0.44191
4.94224		4.94804		0.390502
4.94224		4.94498		0.395783
4.94224		4.94379		0.475982
4.94224		4.94242		0.535214
4.94224		4.94224		0.479053
4.94224		4.94224		0.323916
4.94224		4.94224		0.383849
4.94224		4.94224		0.334808
4.94224		4.94224		0.434702
4.94224		4.94224		0.363538
4.94224		4.94224		0.384267
4.94224		4.94224		0.432075
4.94224		4.94224		0.44399
4.94224		4.94224		0.535178
4.94224		4.94224		0.466538
4.94224		4.94224		0.481469
4.94224		4.94224		0.59434
4.94224		4.94224		0.601966
4.94224		4.94224		0.58268
4.94224		4.94224		0.605655
4.94224		4.94224		0.587367
4.94224		4.94224		0.558878
4.94224		4.94224		0.456027
4.94224		4.94224		0.457164
4.94224		4.94224		0.547458
4.94224		4.94224		0.533086
4.94224		4.94224		0.508069
4.94224		4.94224		0.547884
4.94224		4.94224		0.534803
4.94224		4.94224		0.573733
4.94224		4.94224		0.518308
4.94224		4.94224		0.481851
4.94224		4.94224		0.484839
4.94224		4.94224		0.503431
4.94224		4.94224		0.447279
4.94224		4.94224		0.539569
4.94224		4.94224		0.525066
4.94224		4.94224		0.546615
4.94224		4.94224		0.625118
4.94224		4.94224		0.612757
4.94224		4.94224		0.598618
4.94224		4.94224		0.62315
4.94224		4.94224		0.665223
4.94224		4.94224		0.619455
4.94224		4.94224		0.488881
4.94224		4.94224		0.404683
4.94224		4.94224		0.540836
4.94224		4.94224		0.53889
4.94224		4.94224		0.520029
4.94224		4.94224		0.518183
4.94224		4.94224		0.494106
4.94224		4.94224		0.466485
4.94224		4.94224		0.460153
4.94224		4.94224		0.493813
4.94224		4.94224		0.500346
4.94224		4.94224		0.55113
4.94224		4.94224		0.576681
4.94224		4.94224		0.522574
4.94224		4.94224		0.545268
4.94224		4.94224		0.560216
4.94224		4.94224		0.556314
4.94224		4.94224		0.504005
4.94224		4.94224		0.568764
4.94224		4.94224		0.518294
4.94224		4.94224		0.498218
4.94224		4.94224		0.467122
4.94224		4.94224		0.492158
4.94224		4.94224		0.500936
4.94224		4.94224		0.469345
4.94224		4.94224		0.531822
4.94224		4.94224		0.495372
4.94224		4.94224		0.477595
4.94224		4.94224		0.490358
4.94224		4.94224		0.514555
4.94224		4.94224		0.625062
4.94224		4.94224		0.531452
4.94224		4.94224		0.600623
4.94224		4.94224		0.572474
4.94224		4.94224		0.546234
4.94224		4.94224		0.657574
4.94224		4.94224		0.631093
4.94224		4.94224		0.568339
4.94224		4.94224		0.521508
4.94224		4.94224		0.511189
4.94224		4.94224		0.583657
4.94224		4.94224		0.543145
4.94224		4.94224		0.526363
4.94224		4.94224		0.494323
4.94224		4.94224		0.479913
4.94224		4.94224		0.468968
4.94224		4.94224		0.517845
4.94224		4.94224		0.498687
4.94224		4.94224		0.484005
4.94224		4.94224		0.469463
4.94224		4.94224		0.475524
4.94224		4.94224		0.55046
4.94224		4.94224		0.604551
4.94224		4.94224		0.689045
4.94224		4.94224		0.672608
4.94224		4.94224		0.646926
4.94224		4.94224		0.582203
4.94224		4.94224		0.611772
4.94224		4.94224		0.597302
4.94224		4.94224		0.606579
4.94224		4.94224		0.659799
4.94224		4.94224		0.662609
4.94224		4.94224		0.711131
4.94224		4.94224		0.706336
4.94224		4.94224		0.737794
4.94224		4.94224		0.724849
4.94224		4.94224		0.703905
4.94224		4.94224		0.696552
4.94224		4.94224		0.773798
4.94224		4.94224		0.73968
4.93164		4.94213		0.691614
4.93164		4.94213		0.645302
4.93164		4.94213		0.583281
4.93164		4.94213		0.620392
4.93164		4.94213		0.55283
4.93164		4.94213		0.567453
4.93164		4.94213		0.529412
4.93164		4.94213		0.646319
4.93164		4.94213		0.607893
4.93164		4.94213		0.557931
4.93164		4.94213		0.565298
4.93164		4.94213		0.580998
4.93164		4.94213		0.627472
4.93164		4.94213		0.642453
4.93164		4.94213		0.640083
4.93164		4.94213		0.541732
4.93164		4.94213		0.520392
4.93164		4.94213		0.507316
4.93164		4.94213		0.546146
4.93164		4.94213		0.675493
4.93164		4.94213		0.689823
4.93164		4.94213		0.689501
4.93164		4.94208		0.514124
4.93164		4.94208		0.501572
4.93164		4.94208		0.459934
4.93164		4.94208		0.436667
4.93164		4.94202		0.416699
4.93164		4.94202		0.48889
4.93164		4.94202		0.506015
4.93164		4.94202		0.608681
4.93164		4.94202		0.55125
4.93164		4.94202		0.582236
4.93164		4.94202		0.602873
4.93164		4.94202		0.648659
4.93164		4.94202		0.655928
4.93164		4.94202		0.616014
4.93164		4.94202		0.59514
4.93164		4.94202		0.569349
4.93164		4.94202		0.581909
4.93164		4.94202		0.575019
4.93164		4.94202		0.525707
4.93164		4.94202		0.461108
4.93164		4.94197		0.457084
4.93164		4.94197		0.459432
4.93164		4.94197		0.535663
4.93164		4.94197		0.546058
4.93164		4.94197		0.53595
4.93164		4.94197		0.579652
4.93164		4.94197		0.592832
4.93164		4.94197		0.621577
4.93164		4.94197		0.657448
4.93164		4.94197		0.648192
4.93164		4.94197		0.64976
4.93164		4.94192		0.61773
4.93164		4.94192		0.560261
4.93164		4.94192		0.624613
4.93164		4.94187		0.649752
4.93164		4.94187		0.656613
4.93164		4.94187		0.639687
4.93164		4.94187		0.549096
4.93164		4.94187		0.609141
4.93164		4.94181		0.649853
4.93164		4.94176		0.673441
4.93164		4.94171		0.680419
4.93164		4.9416		0.706808
4.93164		4.9416		0.678893
4.93164		4.9416		0.684964
4.93164		4.94155		0.674401
4.93164		4.94155		0.609336
4.93164		4.94144		0.536799
4.93164		4.94123		0.544083
4.93164		4.94118		0.648191
4.93164		4.94112		0.616188
4.93164		4.94102		0.609857
4.93164		4.94102		0.619646
4.93164		4.94097		0.524593
4.93164		4.94097		0.595172
4.93164		4.94081		0.648791
4.93164		4.94075		0.644542
4.93164		4.94044		0.656794
4.93164		4.93577		0.538834
4.93164		4.93482		0.545701
4.93164		4.93355		0.573788
4.93164		4.93228		0.611436
4.93164		4.93164		0.646358
4.93164		4.93164		0.591216
4.93164		4.93164		0.605308
4.93164		4.93164		0.63236
4.93164		4.93164		0.668289
4.93164		4.93164		0.631347
4.93164		4.93164		0.675424
4.93164		4.93164		0.587557
4.93164		4.93164		0.516495
4.93164		4.93164		0.521284
4.93164		4.93164		0.536959
4.93164		4.93164		0.466755
4.93164		4.93164		0.446812
4.93164		4.93164		0.406297
4.93164		4.93164		0.391736
4.93164		4.93164		0.310879
4.93164		4.93164		0.396969
4.93164		4.93164		0.397071
4.93164		4.93164		0.401451
4.93164		4.93164		0.432558
4.93164		4.93164		0.43642
4.93164		4.93164		0.48037
4.93164		4.93164		0.460783
4.93164		4.93164		0.496131
4.93164		4.93164		0.457733
4.93164		4.93164		0.483129
4.93164		4.93164		0.56837
4.93164		4.93164		0.515383
4.93164		4.93164		0.550596
4.93164		4.93164		0.549737
4.93164		4.93164		0.50987
4.93164		4.93164		0.480238
4.93164		4.93164		0.481428
4.93164		4.93164		0.384003
4.93164		4.93164		0.4714
4.93164		4.93164		0.42024
4.93164		4.93164		0.420483
4.93164		4.93164		0.373472
4.93164		4.93164		0.38007
4.93164		4.93164		0.408871
4.93164		4.93164		0.375486
4.93164		4.93164		0.491927
4.93164		4.93164		0.452339
4.93164		4.93164		0.37483
4.93164		4.93164		0.378467
4.93164		4.93164		0.440196
4.93164		4.93164		0.473039
4.93164		4.93164		0.402057
4.93164		4.93164		0.367827
4.93164		4.93164		0.433304
4.93164		4.93164		0.391082
4.93164		4.93164		0.448412
4.93164		4.93164		0.505317
4.93164		4.93164		0.519395
4.93164		4.93164		0.500521
4.93164		4.93164		0.554208
4.93164		4.93164		0.575127
4.93164		4.93164		0.497783
4.93164		4.93164		0.476628
4.93164		4.93164		0.457857
4.93164		4.93164		0.534221
4.93164		4.93164		0.491859
4.93164		4.93164		0.502041
4.93164		4.93164		0.555626
4.93164		4.93164		0.60017
4.93164		4.93164		0.558776
4.93164		4.93164		0.580365
4.93164		4.93164		0.572023
4.93164		4.93164		0.564402
4.93164		4.93164		0.581882
4.93164		4.93164		0.557637
4.93164		4.93164		0.559772
4.93164		4.93164		0.540421
4.93164		4.93164		0.49922
4.93164		4.93164		0.488111
4.93164		4.93164		0.418019
4.93164		4.93164		0.559149
4.93164		4.93164		0.58778
4.93164		4.93164		0.624561
4.90329		4.9315		0.550339
4.90329		4.93122		0.5768
4.90329		4.93093		0.527959
4.90329		4.93037		0.505747
4.90329		4.9298		0.50781
4.90329		4.92867		0.523623
4.90329		4.92725		0.51235
4.90329		4.92597		0.499961
4.90329		4.92401		0.463718
4.90329		4.92231		0.50012
4.90329		4.91977		0.497897
4.90329		4.91722		0.484134
4.90329		4.91353		0.541725
4.90329		4.90985		0.515654
4.90329		4.90462		0.584849
4.90329		4.90329		0.600181
4.90329		4.90329		0.563828
4.90329		4.90329		0.54204
4.90329		4.90329		0.524785
4.90329		4.90329		0.587762
4.90329		4.90329		0.583225
4.90329		4.90329		0.517611
4.90329		4.90329		0.43994
4.90329		4.90329		0.422061
4.90329		4.90329		0.495575
4.90329		4.90329		0.446953
4.90329		4.90329		0.520109
4.90329		4.90329		0.538922
4.90329		4.90329		0.538718
4.90329		4.90329		0.431975
4.90329		4.90329		0.398057
4.90329		4.90329		0.391533
4.90329		4.90329		0.365632
4.90329		4.90329		0.444015
4.90329		4.90329		0.508614
4.90329		4.90329		0.496576
4.90329		4.90329		0.564473
4.90329		4.90329		0.533837
4.90329		4.90329		0.442322
4.90329		4.90329		0.307832
4.90329		4.90329		0.342395
4.90329		4.90329		0.321964
4.90329		4.90329		0.399243
4.90329		4.90329		0.363
4.90329		4.90329		0.444704
4.90329		4.90329		0.479783
4.90329		4.90329		0.479045
4.90329		4.90329		0.552447
4.90329		4.90329		0.506484
4.90329		4.90329		0.459642
4.90329		4.90329		0.452678
4.90329		4.90329		0.513135
4.90329		4.90329		0.545715
4.90329		4.90329		0.516591
4.90329		4.90329		0.45991
4.90329		4.90329		0.509013
4.90329		4.90329		0.515237
4.90329		4.90329		0.571744
4.90329		4.90329		0.571467
4.90329		4.90329		0.583588
4.90329		4.90329		0.587376
4.90329		4.90329		0.610029
4.90329		4.90329		0.51992
4.90329		4.90329		0.530539
4.90329		4.90329		0.49172
4.90329		4.90329		0.41015
4.90329		4.90329		0.459552
4.90329		4.90329		0.456831
4.90329		4.90329		0.494463
4.90329		4.90329		0.521038
4.90329		4.90329		0.501532
4.90329		4.90329		0.397141
4.90329		4.90329		0.439226
4.90329		4.90329		0.455872
4.90329		4.90329		0.531096
4.90329		4.90329		0.544595
4.90329		4.90329		0.515538
4.90329		4.90329		0.566656
4.90329		4.90329		0.592412
4.90329		4.90329		0.607248
4.90329		4.90329		0.525221
4.90329		4.90329		0.580855
4.90329		4.90329		0.500364
4.90329		4.90329		0.476381
4.90329		4.90329		0.522707
4.90329		4.90329		0.531594
4.90329		4.90329		0.572963
4.90329		4.90329		0.532877
4.90329		4.90329		0.508916
4.90329		4.90329		0.504307
4.90329		4.90329		0.451655
4.90329		4.90329		0.412129
4.90329		4.90329		0.367109
4.90329		4.90329		0.451359
4.90329		4.90329		0.460665
4.90329		4.90329		0.583069
4.90329		4.90329		0.533485
4.90329		4.90329		0.555861
4.90329		4.90329		0.541881
4.90329		4.90329		0.609476
4.90329		4.90329		0.58659
4.90329		4.90329		0.541061
4.90329		4.90329		0.530106
4.90329		4.90329		0.481464
4.90329		4.90329		0.387237
4.90329		4.90329		0.494643
4.90329		4.90329		0.479297
4.90329		4.90329		0.534366
4.90329		4.90329		0.564148
4.90329		4.90329		0.493775
4.90329		4.90329		0.535159
4.90329		4.90329		0.553923
4.90329		4.90329		0.574981
4.90329		4.90329		0.654534
4.90329		4.90329		0.604877
4.90329		4.90329		0.546737
4.90329		4.90329		0.532388
4.90329		4.90329		0.580539
4.90329		4.90329		0.536892
4.90329		4.90329		0.489664
4.90329		4.90329		0.486236
4.90329		4.90329		0.506287
4.90329		4.90329		0.453629
4.90329		4.90329		0.481791
4.90329		4.90329		0.504343
4.90329		4.90329		0.536475
4.90329		4.90329		0.565484
4.90329		4.90329		0.525987
4.90329		4.90329		0.537888
4.90329		4.90329		0.553046
4.90329		4.90329		0.56638
4.90329		4.90329		0.542899
4.90329		4.90329		0.607133
4.90329		4.90329		0.561173
4.90329		4.90329		0.592741
4.90329		4.90329		0.689026
4.90329		4.90329		0.725344
4.90329		4.90329		0.690629
4.90329		4.90329		0.671246
4.90329		4.90329		0.564582
4.90329		4.90329		0.551405
4.90329		4.90329		0.592851
4.90329		4.90329		0.636962
4.90329		4.90329		0.676185
4.90329		4.90329		0.704641
4.90329		4.90329		0.721424
4.90329		4.90329		0.708348
4.90329		4.90329		0.691901
4.90329		4.90329		0.664616
4.90329		4.90329		0.653385
4.90329		4.90329		0.638788
4.90329		4.90329		0.671678
4.90329		4.90329		0.680326
4.90329		4.90329		0.702879
4.90329		4.90329		0.666246
4.90329		4.90329		0.685081
4.90329		4.90329		0.67192
4.88525		4.89598		0.584093
4.88525		4.89517		0.643719
4.88525		4.89454		0.703935
4.88525		4.89373		0.664308
4.88525		4.89265		0.700919
4.88525		4.89093		0.672998
4.88525		4.88949		0.644301
4.88525		4.88778		0.638953
4.88525		4.88616		0.652718
4.88525		4.88525		0.638318
4.88525		4.88525		0.611243
4.88525		4.88525		0.629848
4.88525		4.88525		0.590143
4.88525		4.88525		0.5968
4.88525		4.88525		0.566034
4.88525		4.88525		0.594266
4.88525		4.88525		0.637081
4.88525		4.88525		0.639041
4.88525		4.88525		0.655117
4.88525		4.88525		0.662544
4.88525		4.88525		0.68588
4.88525		4.88525		0.692638
4.88525		4.88525		0.656357
4.88525		4.88525		0.666103
4.88525		4.88525		0.641211
4.88525		4.88525		0.610012
4.88525		4.88525		0.629377
4.88525		4.88525		0.6097
4.88525		4.88525		0.588265
4.88525		4.88525		0.590411
4.88525		4.88525		0.638668
4.88525		4.88525		0.588192
4.88525		4.88525		0.639257
4.88525		4.88525		0.63198
4.88525		4.88525		0.634209
4.88525		4.88525		0.639367
4.88525		4.88525		0.662402
4.88525		4.88525		0.619631
4.88525		4.88525		0.661459
4.88525		4.88525		0.722023
4.88525		4.88525		0.719607
4.88525		4.88525		0.682868
4.88525		4.88525		0.720232
4.88525		4.88525		0.696838
4.88525		4.88525		0.701427
4.88525		4.88525		0.681684
4.88525		4.88525		0.655213
4.88525		4.88525		0.664124
4.88525		4.88525		0.645437
4.88525		4.88525		0.585909
4.88525		4.88525		0.538043
4.88525		4.88525		0.510103
4.88525		4.88525		0.478725
4.88525		4.88525		0.560142
4.88525		4.88525		0.596426
4.88525		4.88525		0.567633
4.88525		4.88525		0.556331
4.88525		4.88525		0.532063
4.88525		4.88525		0.483537
4.88525		4.88525		0.451382
4.88525		4.88525		0.49519
4.88525		4.88525		0.477002
4.88525		4.88525		0.482776
4.88525		4.88525		0.51715
4.88525		4.88525		0.521797
4.88525		4.88525		0.501524
4.88525		4.88525		0.470207
4.88525		4.88525		0.524512
4.88525		4.88525		0.437756
4.88525		4.88525		0.471645
4.88525		4.88525		0.497875
4.88525		4.88525		0.555999
4.88525		4.88525		0.53168
4.88525		4.88525		0.481509
4.88525		4.88525		0.559472
4.88525		4.88525		0.552752
4.88525		4.88525		0.47112
4.88525		4.88525		0.650482
4.88525		4.88525		0.638824
4.88525		4.88525		0.61367
4.88525		4.88525		0.610314
4.88525		4.88525		0.60106
4.88525		4.88525		0.573279
4.88525		4.88525		0.563878
4.88525		4.88525		0.486343
4.88525		4.88525		0.502836
4.88525		4.88525		0.528959
4.88525		4.88525		0.494233
4.88525		4.88525		0.518545
4.88525		4.88525		0.505064
4.88525		4.88525		0.518036
4.88525		4.88525		0.484481
4.88525		4.88525		0.493088
4.88525		4.88525		0.46498
4.88525		4.88525		0.477038
4.88525		4.88525		0.466611
4.88525		4.88525		0.469736
4.88525		4.88525		0.402785
4.88525		4.88525		0.384486
4.88525		4.88525		0.410889
4.88525		4.88525		0.415856
4.88525		4.88525		0.413348
4.88525		4.88525		0.436363
4.88525		4.88525		0.475523
4.88525		4.88525		0.580495
4.88525		4.88525		0.568511
4.88525		4.88525		0.603687
4.88525		4.88525		0.580468
4.88525		4.88525		0.564784
4.88525		4.88525		0.536571
4.88525		4.88525		0.487591
4.88525		4.88525		0.439788
4.88525		4.88525		0.466544
4.88525		4.88525		0.435283
4.88525		4.88525		0.40925
4.88525		4.88525		0.459415
4.88525		4.88525		0.49515
4.88525		4.88525		0.487464
4.88525		4.88525		0.486266
4.88525		4.88525		0.489121
4.88525		4.88525		0.507
4.88525		4.88525		0.514164
4.88525		4.88525		0.537879
4.88525		4.88525		0.633053
4.88525		4.88525		0.647342
4.88525		4.88525		0.614022
4.88525		4.88525		0.585261
4.88525		4.88525		0.5373
4.88525		4.88525		0.574881
4.88525		4.88525		0.570684
4.88525		4.88525		0.61512
4.88525		4.88525		0.500811
4.88525		4.88525		0.487537
4.88525		4.88525		0.495326
4.88525		4.88525		0.514107
4.88525		4.88525		0.473973
4.88525		4.88525		0.455063
4.88525		4.88525		0.450171
4.88525		4.88525		0.464007
4.88525		4.88525		0.423873
4.88525		4.88525		0.417925
4.88525		4.88525		0.399311
4.88525		4.88525		0.472578
4.88525		4.88525		0.455509
4.88525		4.88525		0.475197
4.88525		4.88525		0.53666
4.88525		4.88525		0.458242
4.88525		4.88525		0.455137
4.88525		4.88525		0.50126
4.88525		4.88525		0.503811
4.88525		4.88525		0.471826
4.88525		4.88525		0.409788
4.88525		4.88525		0.419708
4.88525		4.88525		0.401421
4.88525		4.88525		0.380983
4.88525		4.88525		0.401046
4.88525		4.88525		0.448236
4.88525		4.88525		0.442308
4.88525		4.88525		0.475706
4.88525		4.88525		0.482505
4.88525		4.88525		0.512645
4.88525		4.88525		0.49451
4.88525		4.88525		0.425811
4.88525		4.88525		0.482498
4.88525		4.88525		0.471494
4.88525		4.88525		0.50296
4.88525		4.88525		0.423832
4.88525		4.88525		0.482552
4.88525		4.88525		0.456116
4.88525		4.88525		0.501702
4.88525		4.88525		0.512557
4.88525		4.88525		0.57609
4.88525		4.88525		0.550123
4.88525		4.88525		0.519925
4.88525		4.88525		0.568639
4.88525		4.88525		0.531661
4.88525		4.88525		0.441673
4.88525		4.88525		0.481043
4.88525		4.88525		0.460599
4.88525		4.88525		0.473333
4.88525		4.88525		0.441083
4.88525		4.88525		0.524183
4.88525		4.88525		0.518385
4.88525		4.88525		0.466107
4.88525		4.88525		0.472046
4.88525		4.88525		0.454396
4.88525		4.88525		0.454139
4.88525		4.88525		0.455795
4.88525		4.88525		0.426932
4.88525		4.88525		0.382088
4.88525		4.88525		0.396488
4.88525		4.88525		0.537764
4.88525		4.88525		0.541354
4.88525		4.88525		0.531216
4.88525		4.88525		0.557947
4.88525		4.88525		0.551478
4.88525		4.88525		0.585163
4.88525		4.88525		0.508111
4.88525		4.88525		0.538883
4.88525		4.88525		0.549601
4.88525		4.88525		0.519996
4.88525		4.88525		0.520484
4.88525		4.88525		0.549928
4.88525		4.88525		0.479057
4.88525		4.88525		0.464483
4.88525		4.88525		0.509427
4.88525		4.88525		0.505655
4.88525		4.88525		0.475582
4.88525		4.88525		0.516709
4.88525		4.88525		0.557825
4.88525		4.88525		0.532829
4.88525		4.88525		0.561119
4.88525		4.88525		0.577436
4.88525		4.88525		0.507152
4.88525		4.88525		0.510058
4.88525		4.88525		0.54425
4.88525		4.88525		0.547818
4.88525		4.88525		0.490332
4.88525		4.88525		0.503559
4.88525		4.88525		0.489695
4.88525		4.88525		0.495245
4.88525		4.88525		0.444897
4.88525		4.88525		0.462154
4.88525		4.88525		0.442464
4.88525		4.88525		0.509332
4.88525		4.88525		0.455188
4.88525		4.88525		0.461703
4.88525		4.88525		0.476085
4.88525		4.88525		0.462838
4.88525		4.88525		0.458276
4.88525		4.88525		0.532242
4.88525		4.88525		0.464488
4.88525		4.88525		0.45178
4.88525		4.88525		0.42914
4.88525		4.88525		0.380134
4.88525		4.88525		0.37971
4.88525		4.88525		0.404594
4.88525		4.88525		0.423697
4.88525		4.88525		0.38966
4.88525		4.88525		0.403656
