13.2689		15.981		1.26055
13.2689		15.7305		1.25345
13.0742		15.4833		1.2481
13.0736		15.2141		1.26016
13.0736		14.9777		1.22004
13.0736		14.7347		1.2253
12.3982		14.4838		1.17442
11.6475		14.2391		1.19275
11.3076		14.0039		1.20768
11.3076		13.7978		1.18655
11.3076		13.5994		1.14978
11.3076		13.4672		1.12338
11.3076		13.3354		1.13803
11.3076		13.2411		1.08898
11.3076		13.0988		1.07018
11.3076		12.9681		1.08867
11.3076		12.8758		0.988668
11.3076		12.7961		1.03674
11.1545		12.6858		1.02176
11.1545		12.5693		0.989099
10.4103		12.4625		0.969648
10.4076		12.323		1.02389
9.75461		12.1839		1.02003
9.75461		12.0614		0.978127
9.75461		11.9644		0.944341
9.75461		11.7949		0.936825
9.75461		11.6347		0.985684
9.75461		11.4298		1.08823
9.75461		11.2611		1.08474
9.64514		11.078		1.06627
9.46189		10.8587		1.05127
9.21339		10.6632		1.05504
9.21339		10.5125		1.03833
8.9637		10.3577		0.996013
8.9637		10.2161		0.968174
8.9637		10.0675		0.979297
8.86464		9.95337		0.89419
8.74551		9.82107		0.821139
8.74551		9.71528		0.819928
8.74551		9.61057		0.728942
8.74551		9.52056		0.76155
8.74551		9.4215		0.745275
8.59357		9.32257		0.659761
8.36179		9.22954		0.626419
8.36179		9.16601		0.616427
8.22149		9.09643		0.640105
8.22149		9.03955		0.645016
8.22149		8.98552		0.643112
8.22149		8.92999		0.642665
8.22149		8.87563		0.598804
8.22149		8.82405		0.594323
8.22149		8.766		0.571359
8.22149		8.72446		0.594186
8.15291		8.67562		0.607188
8.15291		8.6225		0.654039
7.9877		8.56649		0.650261
7.9877		8.53036		0.626557
7.9877		8.49283		0.611582
7.96316		8.46218		0.573304
7.96316		8.43254		0.575443
7.95684		8.3915		0.612253
7.90624		8.36103		0.582295
7.83758		8.30753		0.582569
7.83758		8.27412		0.616465
7.83758		8.24622		0.609986
7.35639		8.20292		0.563826
7.35639		8.15764		0.590247
7.2763		8.10951		0.571704
7.2763		8.06251		0.602073
7.2763		8.02001		0.58138
7.2763		7.96096		0.57338
7.06073		7.89845		0.603958
7.06073		7.85555		0.593796
7.06073		7.79138		0.616748
7.06073		7.75162		0.670227
7.06073		7.71158		0.576865
7.0315		7.65863		0.538584
7.0315		7.61114		0.53676
7.0271		7.56254		0.559006
6.96349		7.50244		0.612567
6.96349		7.4338		0.611477
6.64125		7.18298		0.717675
6.64125		7.12711		0.69683
6.64125		7.06782		0.788089
6.64125		7.02502		0.803313
6.64125		6.98257		0.803643
6.53307		6.93076		0.780691
6.53307		6.9011		0.720015
6.45696		6.86668		0.675579
6.41531		6.82816		0.659525
6.41531		6.79317		0.656678
6.41531		6.77015		0.616627
6.41531		6.75158		0.622039
6.41531		6.72213		0.658885
6.41503		6.69552		0.657743
6.41503		6.67006		0.582711
6.41503		6.64412		0.597889
6.3241		6.6146		0.646776
6.3241		6.5846		0.68698
6.3241		6.56246		0.626649
6.32382		6.53285		0.553908
6.32382		6.499		0.565647
6.3151		6.46689		0.572859
6.3151		6.43924		0.495051
6.25149		6.41811		0.426276
6.25149		6.4013		0.45691
6.24799		6.39186		0.420311
6.19133		6.376		0.477296
6.19133		6.36755		0.399182
6.19133		6.35217		0.465538
6.19133		6.33527		0.475568
6.19133		6.32257		0.534054
6.19133		6.30877		0.494925
6.19133		6.29578		0.468424
6.16574		6.28979		0.451116
6.16574		6.27958		0.397847
6.15006		6.26815		0.417284
6.15006		6.25934		0.429777
6.15006		6.24566		0.474298
6.15006		6.23434		0.459846
6.15006		6.22661		0.537005
6.15006		6.21412		0.531317
6.15006		6.20386		0.552668
6.15006		6.19259		0.52647
6.15006		6.18273		0.499108
6.12098		6.17338		0.435604
6.12098		6.16757		0.430402
6.12098		6.16169		0.437537
6.12098		6.15251		0.411146
6.01489		6.14758		0.437211
6.01489		6.14428		0.448014
6.01489		6.14038		0.404137
6.01489		6.1354		0.394431
6.01489		6.12686		0.432084
6.01489		6.11996		0.423186
5.98581		6.11343		0.442795
5.98581		6.1048		0.467203
5.98581		6.0967		0.511435
5.98581		6.089		0.510971
5.98581		6.07742		0.409755
5.98581		6.06293		0.42649
5.90619		6.04414		0.369626
5.90619		6.0235		0.363104
5.90619		5.9999		0.341668
5.90619		5.99324		0.328986
5.90619		5.98646		0.3472
5.90619		5.98006		0.426889
5.90619		5.97484		0.425407
5.90619		5.9722		0.487867
5.90619		5.96707		0.49593
5.90619		5.96099		0.51416
5.90619		5.95372		0.547426
5.90619		5.94485		0.458998
5.90619		5.9349		0.444314
5.88885		5.92569		0.481561
5.88885		5.91433		0.522888
5.88885		5.90597		0.439038
5.88885		5.90562		0.453291
5.88885		5.90527		0.449734
5.88885		5.90501		0.445356
5.88885		5.90397		0.407612
5.34383		5.47688		0.456155
5.26748		5.44651		0.517951
5.26748		5.41796		0.527919
5.26748		5.40273		0.599341
5.26748		5.38511		0.587603
5.26748		5.3796		0.504484
5.26748		5.37557		0.536531
5.26748		5.37052		0.518043
5.26748		5.36108		0.484367
5.23762		5.34904		0.502056
5.23762		5.33112		0.522468
5.23762		5.3183		0.552654
5.23762		5.29941		0.523345
5.23762		5.28317		0.4706
5.23762		5.27074		0.480171
5.23762		5.263		0.498641
5.23762		5.26106		0.470948
5.23762		5.25942		0.444195
5.23762		5.25688		0.506284
5.23762		5.25419		0.572834
5.23762		5.25091		0.445522
5.23762		5.24643		0.463743
5.23762		5.24135		0.4557
5.23762		5.23762		0.419178
5.23762		5.23762		0.410209
5.23762		5.23762		0.500239
5.23762		5.23762		0.462505
5.23762		5.23762		0.457716
5.23762		5.23762		0.41858
5.23762		5.23762		0.433083
5.23762		5.23762		0.467749
5.23762		5.23762		0.562875
5.23762		5.23762		0.672956
5.23762		5.23762		0.606291
5.23762		5.23762		0.595945
5.23762		5.23762		0.493953
5.23762		5.23762		0.548182
5.23762		5.23762		0.503452
5.23762		5.23762		0.473761
5.23762		5.23762		0.407031
5.23762		5.23762		0.413814
5.23762		5.23762		0.374227
5.23762		5.23762		0.447308
5.23762		5.23762		0.463502
5.23762		5.23762		0.459726
5.23762		5.23762		0.499955
5.23762		5.23762		0.567034
5.23762		5.23762		0.524642
5.23762		5.23762		0.505884
5.23762		5.23762		0.434973
5.23762		5.23762		0.430789
5.23762		5.23762		0.405434
5.23762		5.23762		0.425335
5.23762		5.23762		0.433316
5.23762		5.23762		0.432609
5.23762		5.23762		0.543836
5.23762		5.23762		0.573251
5.23762		5.23762		0.525375
5.23762		5.23762		0.631006
5.23762		5.23762		0.506796
5.23762		5.23762		0.526346
5.23762		5.23762		0.510795
5.23762		5.23762		0.544965
5.23762		5.23762		0.521864
5.23762		5.23762		0.48495
5.23762		5.23762		0.476268
5.23762		5.23762		0.426141
5.23762		5.23762		0.469253
5.23762		5.23762		0.454067
5.23762		5.23762		0.412494
5.23762		5.23762		0.392845
5.23762		5.23762		0.419879
5.23762		5.23762		0.453126
5.23762		5.23762		0.479257
5.23762		5.23762		0.416127
5.23762		5.23762		0.462789
5.23762		5.23762		0.461434
5.23762		5.23762		0.477873
5.23762		5.23762		0.473107
5.23762		5.23762		0.487575
5.01424		5.11974		0.547794
5.01424		5.11134		0.590251
5.01424		5.1047		0.60052
5.01424		5.09652		0.63115
5.01424		5.09021		0.536658
5.01424		5.08545		0.605268
5.01424		5.07881		0.607673
5.01424		5.07143		0.566793
5.01424		5.06189		0.635829
5.01424		5.05101		0.633058
5.01424		5.04105		0.606223
5.01424		5.03023		0.566601
5.01424		5.02124		0.573478
5.01424		5.01505		0.479248
5.01424		5.01424		0.510713
5.01424		5.01424		0.501645
5.01424		5.01424		0.521843
5.01424		5.01424		0.481185
5.01424		5.01424		0.543562
5.01424		5.01424		0.4936
5.01424		5.01424		0.425524
5.01424		5.01424		0.428196
5.01424		5.01424		0.512719
5.01424		5.01424		0.487455
5.01424		5.01424		0.495268
5.01424		5.01424		0.48421
5.01424		5.01424		0.444786
5.01424		5.01424		0.482003
5.01424		5.01424		0.51231
5.01424		5.01424		0.546416
5.01424		5.01424		0.498266
5.01424		5.01424		0.522799
5.01424		5.01424		0.471072
5.01424		5.01424		0.509739
5.01424		5.01424		0.475749
5.01424		5.01424		0.57477
5.01424		5.01424		0.58187
5.01424		5.01424		0.583603
5.01424		5.01424		0.606997
5.01424		5.01424		0.547329
5.01424		5.01424		0.543945
5.01424		5.01424		0.602978
5.01424		5.01424		0.634147
5.01424		5.01424		0.630449
5.01424		5.01424		0.536856
5.01424		5.01424		0.450416
5.01424		5.01424		0.405227
5.01424		5.01424		0.443628
5.01424		5.01424		0.442258
5.01424		5.01424		0.538164
5.01424		5.01424		0.502603
5.01424		5.01424		0.469964
5.01424		5.01424		0.448165
4.94224		5.01388		0.486695
4.94224		5.01316		0.558065
4.94224		5.01316		0.52075
4.94224		5.01316		0.478707
4.94224		5.01208		0.519632
4.94224		5.01208		0.501594
4.94224		5.01136		0.542632
4.94224		5.01064		0.558986
4.94224		5.01028		0.578023
4.94224		5.0092		0.536006
4.94224		5.00812		0.514416
4.94224		5.0056		0.545691
4.94224		5.00308		0.563922
4.94224		5.0002		0.604485
4.94224		4.99516		0.668391
4.94224		4.99192		0.61254
4.94224		4.98472		0.608675
4.94224		4.97716		0.649022
4.94224		4.9678		0.647774
4.94224		4.95808		0.551108
4.94224		4.9449		0.55175
4.94224		4.94224		0.509515
4.94224		4.94224		0.601949
4.94224		4.94224		0.596647
4.94224		4.94224		0.561868
4.94224		4.94224		0.566504
4.94224		4.94224		0.50152
4.94224		4.94224		0.468818
4.94224		4.94224		0.440647
4.94224		4.94224		0.474938
4.94224		4.94224		0.509905
4.94224		4.94224		0.566951
4.94224		4.94224		0.504535
4.94224		4.94224		0.485175
4.94224		4.94224		0.50292
4.94224		4.94224		0.475436
4.94224		4.94224		0.530102
4.94224		4.94224		0.56069
4.94224		4.94224		0.563814
4.94224		4.94224		0.528493
4.94224		4.94224		0.467258
4.94224		4.94224		0.483265
4.94224		4.94224		0.548199
4.94224		4.94224		0.53931
4.94224		4.94224		0.495864
4.94224		4.94224		0.526617
4.94224		4.94224		0.550883
4.94224		4.94224		0.555024
4.94224		4.94224		0.587578
4.94224		4.94224		0.6389
4.94224		4.94224		0.621552
4.94224		4.94224		0.595373
4.94224		4.94224		0.591701
4.94224		4.94224		0.594501
4.94224		4.94224		0.545647
4.94224		4.94224		0.621179
4.94224		4.94224		0.601233
4.94224		4.94224		0.559592
4.94224		4.94224		0.503573
4.94224		4.94224		0.656347
4.94224		4.94224		0.631261
4.94224		4.94224		0.626031
4.94224		4.94224		0.523931
4.94224		4.94224		0.485556
4.94224		4.94224		0.542939
4.94224		4.94224		0.557267
4.94224		4.94224		0.57751
4.94224		4.94224		0.612881
4.94224		4.94224		0.620515
4.94224		4.94224		0.617176
4.94224		4.94224		0.572107
4.94224		4.94224		0.607185
4.94224		4.94224		0.650755
4.94224		4.94224		0.694233
4.94224		4.94224		0.733556
4.94224		4.94224		0.71084
4.94224		4.94224		0.733397
4.94224		4.94224		0.778169
4.94224		4.94224		0.660748
4.94224		4.94224		0.68676
4.94224		4.94224		0.650581
4.94224		4.94224		0.740229
4.94224		4.94224		0.664865
4.94224		4.94224		0.690738
4.94224		4.94224		0.737448
4.94224		4.94224		0.665501
4.94224		4.94224		0.648821
4.94224		4.94224		0.671165
4.94224		4.94224		0.54188
4.94224		4.94224		0.533331
4.94224		4.94224		0.495852
4.94224		4.94224		0.454575
4.94224		4.94224		0.553191
4.94224		4.94224		0.514765
4.94224		4.94224		0.500497
4.94224		4.94224		0.483881
4.94224		4.94224		0.449715
4.94224		4.94224		0.4531
4.94224		4.94224		0.428706
4.94224		4.94224		0.450101
4.94224		4.94224		0.469239
4.94224		4.94224		0.522294
4.94224		4.94224		0.510086
4.94224		4.94224		0.484452
4.94224		4.94224		0.45774
4.94224		4.94224		0.376216
4.94224		4.94224		0.350287
4.93164		4.94218		0.641464
4.93164		4.94218		0.541332
4.93164		4.94218		0.464664
4.93164		4.94218		0.484687
4.93164		4.94218		0.570168
4.93164		4.94218		0.588751
4.93164		4.94218		0.644032
4.93164		4.94218		0.693889
4.93164		4.94218		0.645162
4.93164		4.94218		0.650223
4.93164		4.94218		0.564405
4.93164		4.94218		0.512802
4.93164		4.94218		0.571172
4.93164		4.94218		0.495986
4.93164		4.94218		0.517749
4.93164		4.94218		0.531289
4.93164		4.94218		0.540319
4.93164		4.94218		0.518284
4.93164		4.94218		0.478584
4.93164		4.94218		0.560653
4.93164		4.94218		0.584987
4.93164		4.94218		0.57848
4.93164		4.94218		0.636359
4.93164		4.94218		0.558406
4.93164		4.94218		0.511814
4.93164		4.94218		0.471153
4.93164		4.94218		0.553735
4.93164		4.94218		0.556633
4.93164		4.94218		0.588277
4.93164		4.94218		0.588363
4.93164		4.94218		0.599754
4.93164		4.94213		0.611646
4.93164		4.94213		0.614749
4.93164		4.94213		0.602858
4.93164		4.94213		0.585344
4.93164		4.94213		0.589201
4.93164		4.94213		0.673507
4.93164		4.94213		0.73994
4.93164		4.94213		0.659097
4.93164		4.94208		0.557386
4.93164		4.94208		0.467332
4.93164		4.94208		0.536304
4.93164		4.94202		0.600212
4.93164		4.94202		0.614416
4.93164		4.94197		0.569339
4.93164		4.94192		0.599076
4.93164		4.94192		0.589337
4.93164		4.94187		0.677951
4.93164		4.94187		0.650508
4.93164		4.94187		0.632995
4.93164		4.94187		0.608454
4.93164		4.94181		0.588374
4.93164		4.94181		0.606595
4.93164		4.94181		0.601883
4.93164		4.94181		0.698733
4.93164		4.94176		0.650245
4.93164		4.94165		0.607192
4.93164		4.94165		0.575109
4.93164		4.94165		0.571268
4.93164		4.9416		0.469185
4.93164		4.9416		0.506335
4.93164		4.94149		0.45137
4.93164		4.94144		0.492136
4.93164		4.94123		0.559317
4.93164		4.94118		0.523953
4.93164		4.94118		0.557211
4.93164		4.94112		0.486833
4.93164		4.94112		0.519742
4.93164		4.94102		0.527375
4.93164		4.94081		0.547158
4.93164		4.9407		0.518686
4.93164		4.9407		0.574379
4.93164		4.9407		0.585318
4.93164		4.94065		0.622902
4.93164		4.94054		0.547966
4.93164		4.94054		0.565579
4.93164		4.94033		0.565971
4.93164		4.94025		0.588005
4.93164		4.93983		0.633318
4.93164		4.93956		0.614908
4.93164		4.93615		0.685381
4.93164		4.9353		0.67825
4.93164		4.93408		0.670897
4.93164		4.93307		0.671566
4.93164		4.93164		0.626835
4.93164		4.93164		0.694298
4.93164		4.93164		0.671733
4.93164		4.93164		0.697521
4.93164		4.93164		0.672427
4.93164		4.93164		0.706669
4.93164		4.93164		0.652495
4.93164		4.93164		0.565999
4.93164		4.93164		0.618166
4.93164		4.93164		0.74054
4.93164		4.93164		0.712499
4.93164		4.93164		0.730287
4.93164		4.93164		0.769675
4.93164		4.93164		0.763714
4.93164		4.93164		0.658396
4.93164		4.93164		0.535558
4.93164		4.93164		0.49388
4.93164		4.93164		0.497571
4.93164		4.93164		0.496629
4.93164		4.93164		0.500674
4.93164		4.93164		0.475829
4.93164		4.93164		0.500963
4.93164		4.93164		0.486437
4.93164		4.93164		0.534627
4.93164		4.93164		0.556712
4.93164		4.93164		0.589596
4.93164		4.93164		0.561349
4.93164		4.93164		0.527601
4.93164		4.93164		0.583048
4.93164		4.93164		0.462585
4.93164		4.93164		0.530564
4.93164		4.93164		0.556928
4.93164		4.93164		0.566001
4.93164		4.93164		0.529833
4.93164		4.93164		0.491703
4.93164		4.93164		0.496446
4.93164		4.93164		0.475695
4.93164		4.93164		0.504326
4.93164		4.93164		0.465637
4.93164		4.93164		0.404756
4.93164		4.93164		0.434098
4.93164		4.93164		0.363072
4.93164		4.93164		0.411067
4.93164		4.93164		0.483333
4.93164		4.93164		0.460469
4.93164		4.93164		0.483291
4.93164		4.93164		0.460952
4.93164		4.93164		0.466977
4.93164		4.93164		0.490138
4.93164		4.93164		0.433692
4.93164		4.93164		0.395816
4.93164		4.93164		0.414708
4.93164		4.93164		0.541382
4.93164		4.93164		0.546743
4.93164		4.93164		0.468318
4.93164		4.93164		0.431774
4.93164		4.93164		0.349318
4.93164		4.93164		0.394016
4.93164		4.93164		0.391585
4.93164		4.93164		0.397882
4.93164		4.93164		0.415131
4.93164		4.93164		0.433456
4.93164		4.93164		0.506325
4.93164		4.93164		0.616137
4.93164		4.93164		0.494631
4.93164		4.93164		0.52122
4.93164		4.93164		0.509624
4.93164		4.93164		0.502264
4.93164		4.93164		0.554271
4.93164		4.93164		0.550528
4.93164		4.93164		0.43948
4.93164		4.93164		0.488216
4.93164		4.93164		0.510176
4.93164		4.93164		0.518806
4.93164		4.93164		0.50892
4.93164		4.93164		0.537868
4.93164		4.93164		0.538169
4.93164		4.93164		0.596917
4.93164		4.93164		0.634147
4.93164		4.93164		0.66195
4.93164		4.93164		0.644354
4.93164		4.93164		0.594501
4.93164		4.93164		0.576589
4.93164		4.93164		0.55805
4.93164		4.93164		0.600906
4.93164		4.93164		0.52599
4.93164		4.93164		0.560247
4.93164		4.93164		0.600281
4.93164		4.93164		0.563714
4.93164		4.93164		0.554545
4.93164		4.93164		0.525803
4.93164		4.93164		0.616191
4.93164		4.93164		0.624687
4.93164		4.93164		0.554471
4.93164		4.93164		0.548224
4.93164		4.93164		0.572885
4.93164		4.93164		0.65091
4.93164		4.93164		0.6119
4.93164		4.93164		0.571786
4.93164		4.93164		0.595293
4.93164		4.93164		0.620205
4.90329		4.9315		0.667757
4.90329		4.9315		0.652723
4.90329		4.9315		0.750056
4.90329		4.93136		0.645457
4.90329		4.93122		0.707075
4.90329		4.93055		0.690711
4.90329		4.92988		0.709655
4.90329		4.9289		0.64054
4.90329		4.92835		0.676816
4.90329		4.92728		0.610294
4.90329		4.92591		0.567397
4.90329		4.92429		0.613152
4.90329		4.92278		0.599687
4.90329		4.92073		0.579866
4.90329		4.91801		0.628809
4.90329		4.91472		0.543986
4.90329		4.91099		0.591762
4.90329		4.90644		0.577958
4.90329		4.90385		0.609312
4.90329		4.90329		0.606934
4.90329		4.90329		0.602361
4.90329		4.90329		0.635673
4.90329		4.90329		0.617139
4.90329		4.90329		0.659385
4.90329		4.90329		0.680257
4.90329		4.90329		0.567058
4.90329		4.90329		0.509429
4.90329		4.90329		0.471797
4.90329		4.90329		0.465796
4.90329		4.90329		0.495188
4.90329		4.90329		0.599033
4.90329		4.90329		0.604055
4.90329		4.90329		0.471679
4.90329		4.90329		0.469077
4.90329		4.90329		0.522808
4.90329		4.90329		0.512371
4.90329		4.90329		0.480381
4.90329		4.90329		0.460751
4.90329		4.90329		0.511131
4.90329		4.90329		0.567342
4.90329		4.90329		0.543439
4.90329		4.90329		0.555206
4.90329		4.90329		0.537142
4.90329		4.90329		0.517321
4.90329		4.90329		0.528649
4.90329		4.90329		0.50758
4.90329		4.90329		0.522199
4.90329		4.90329		0.47521
4.90329		4.90329		0.472491
4.90329		4.90329		0.507402
4.90329		4.90329		0.546319
4.90329		4.90329		0.605276
4.90329		4.90329		0.58867
4.90329		4.90329		0.563391
4.90329		4.90329		0.537402
4.90329		4.90329		0.488423
4.90329		4.90329		0.491487
4.90329		4.90329		0.52767
4.90329		4.90329		0.543435
4.90329		4.90329		0.55362
4.88525		4.9032		0.54375
4.88525		4.90284		0.544679
4.88525		4.90257		0.516402
4.88525		4.90194		0.494008
4.88525		4.9014		0.514741
4.88525		4.9004		0.497525
4.88525		4.89932		0.505048
4.88525		4.89788		0.515481
4.88525		4.89626		0.442621
4.88525		4.89382		0.496314
4.88525		4.89148		0.495273
4.88525		4.88886		0.523782
4.88525		4.88616		0.491835
4.88525		4.88525		0.485631
4.88525		4.88525		0.469989
4.88525		4.88525		0.497324
4.88525		4.88525		0.521378
4.88525		4.88525		0.520046
4.88525		4.88525		0.533919
4.88525		4.88525		0.526668
4.88525		4.88525		0.452151
4.88525		4.88525		0.451864
4.88525		4.88525		0.396155
4.88525		4.88525		0.362988
4.88525		4.88525		0.363569
4.88525		4.88525		0.364299
4.88525		4.88525		0.395569
4.88525		4.88525		0.390735
4.88525		4.88525		0.413127
4.88525		4.88525		0.403186
4.88525		4.88525		0.428502
4.88525		4.88525		0.449076
4.88525		4.88525		0.527086
4.88525		4.88525		0.527551
4.88525		4.88525		0.501035
4.88525		4.88525		0.518013
4.88525		4.88525		0.515305
4.88525		4.88525		0.593563
4.88525		4.88525		0.468757
4.88525		4.88525		0.571112
4.88525		4.88525		0.524101
4.88525		4.88525		0.597105
4.88525		4.88525		0.592338
4.88525		4.88525		0.544353
4.88525		4.88525		0.589725
4.88525		4.88525		0.617157
4.88525		4.88525		0.617376
4.88525		4.88525		0.573688
4.88525		4.88525		0.569686
4.88525		4.88525		0.568268
4.88525		4.88525		0.584673
4.88525		4.88525		0.527779
4.88525		4.88525		0.53198
4.88525		4.88525		0.507223
4.88525		4.88525		0.51487
4.88525		4.88525		0.441722
4.88525		4.88525		0.50808
4.88525		4.88525		0.591528
4.88525		4.88525		0.551977
4.88525		4.88525		0.590776
4.88525		4.88525		0.604803
4.88525		4.88525		0.520973
4.88525		4.88525		0.487105
4.88525		4.88525		0.481208
4.88525		4.88525		0.510666
4.88525		4.88525		0.553925
4.88525		4.88525		0.61897
4.88525		4.88525		0.552138
4.88525		4.88525		0.605266
4.88525		4.88525		0.589621
4.88525		4.88525		0.537333
4.88525		4.88525		0.529003
4.88525		4.88525		0.519945
4.88525		4.88525		0.555663
4.88525		4.88525		0.58383
4.88525		4.89562		0.629848
4.88525		4.8949		0.624218
4.88525		4.89346		0.553442
4.88525		4.89193		0.571474
4.88525		4.89039		0.588488
4.88525		4.88886		0.602907
4.88525		4.88787		0.646247
4.88525		4.88552		0.637751
4.88525		4.88525		0.5947
4.88525		4.88525		0.607876
4.88525		4.88525		0.614778
4.88525		4.88525		0.634493
4.88525		4.88525		0.593103
4.88525		4.88525		0.594853
4.88525		4.88525		0.584721
4.88525		4.88525		0.562182
4.88525		4.88525		0.62638
4.88525		4.88525		0.629655
4.88525		4.88525		0.673025
4.88525		4.88525		0.640089
4.88525		4.88525		0.597566
4.88525		4.88525		0.655087
4.88525		4.88525		0.656054
4.88525		4.88525		0.684315
4.88525		4.88525		0.571742
4.88525		4.88525		0.581935
4.88525		4.88525		0.575004
4.88525		4.88525		0.581232
4.88525		4.88525		0.53514
4.88525		4.88525		0.52982
4.88525		4.88525		0.576691
4.88525		4.88525		0.540408
4.88525		4.88525		0.542686
4.88525		4.88525		0.566264
4.88525		4.88525		0.629824
4.88525		4.88525		0.678774
4.88525		4.88525		0.648569
4.88525		4.88525		0.678113
4.88525		4.88525		0.663406
4.88525		4.88525		0.697933
4.88525		4.88525		0.614001
4.88525		4.88525		0.548352
4.88525		4.88525		0.616166
4.88525		4.88525		0.624314
4.88525		4.88525		0.614822
4.88525		4.88525		0.650532
4.88525		4.88525		0.625119
4.88525		4.88525		0.663436
4.88525		4.88525		0.691526
4.88525		4.88525		0.734448
4.88525		4.88525		0.632701
4.88525		4.88525		0.647341
4.88525		4.88525		0.597491
4.88525		4.88525		0.584995
4.88525		4.88525		0.585483
4.88525		4.88525		0.573926
4.88525		4.88525		0.614508
4.88525		4.88525		0.664594
4.88525		4.88525		0.694508
4.88525		4.88525		0.570319
4.88525		4.88525		0.606465
4.88525		4.88525		0.603814
4.88525		4.88525		0.606283
4.88525		4.88525		0.565874
4.88525		4.88525		0.571182
4.88525		4.88525		0.56183
4.88525		4.88525		0.561646
4.88525		4.88525		0.518632
4.88525		4.88525		0.472101
4.88525		4.88525		0.473929
4.88525		4.88525		0.403005
4.88525		4.88525		0.388421
4.88525		4.88525		0.39113
4.88525		4.88525		0.416035
4.88525		4.88525		0.411125
4.88525		4.88525		0.429659
4.88525		4.88525		0.408995
4.88525		4.88525		0.473021
4.88525		4.88525		0.43721
4.88525		4.88525		0.435917
4.88525		4.88525		0.517526
4.88525		4.88525		0.490934
4.88525		4.88525		0.455982
4.88525		4.88525		0.423033
4.88525		4.88525		0.399361
4.88525		4.88525		0.443751
4.88525		4.88525		0.478768
4.88525		4.88525		0.509188
4.88525		4.88525		0.582155
4.88525		4.88525		0.580928
4.88525		4.88525		0.538207
4.88525		4.88525		0.518173
4.88525		4.88525		0.498325
4.88525		4.88525		0.534191
4.88525		4.88525		0.538655
4.88525		4.88525		0.556907
4.88525		4.88525		0.488995
4.88525		4.88525		0.542538
4.88525		4.88525		0.626926
4.88525		4.88525		0.58288
4.88525		4.88525		0.624835
4.88525		4.88525		0.592165
4.88525		4.88525		0.604197
4.88525		4.88525		0.588567
4.88525		4.88525		0.583804
4.88525		4.88525		0.541404
4.88525		4.88525		0.434372
4.88525		4.88525		0.355181
4.88525		4.88525		0.428219
4.88525		4.88525		0.434933
4.88525		4.88525		0.363971
4.88525		4.88525		0.429414
4.88525		4.88525		0.395621
4.88525		4.88525		0.441093
4.88525		4.88525		0.417876
4.88525		4.88525		0.500349
4.88525		4.88525		0.606221
4.88525		4.88525		0.552088
4.88525		4.88525		0.537135
4.88525		4.88525		0.514952
4.88525		4.88525		0.451478
4.88525		4.88525		0.523701
4.88525		4.88525		0.516554
4.88525		4.88525		0.483126
4.88525		4.88525		0.392958
4.88525		4.88525		0.380961
4.88525		4.88525		0.455139
4.88525		4.88525		0.402224
4.88525		4.88525		0.424177
4.88525		4.88525		0.473096
4.88525		4.88525		0.477973
4.88525		4.88525		0.471128
4.88525		4.88525		0.492145
4.88525		4.88525		0.483983
4.88525		4.88525		0.513032
4.88525		4.88525		0.5431
4.88525		4.88525		0.509762
4.88525		4.88525		0.424597
4.88525		4.88525		0.374151
4.88525		4.88525		0.496869
4.88525		4.88525		0.514744
4.88525		4.88525		0.502634
4.88525		4.88525		0.514964
4.88525		4.88525		0.550822
4.88525		4.88525		0.531071
4.88525		4.88525		0.518809
4.88525		4.88525		0.55188
4.88525		4.88525		0.504619
4.88525		4.88525		0.540388
4.88525		4.88525		0.53797
4.88525		4.88525		0.429549
4.88525		4.88525		0.481759
4.88525		4.88525		0.445213
4.88525		4.88525		0.498311
4.88525		4.88525		0.509362
4.88525		4.88525		0.488418
4.88525		4.88525		0.526297
4.88525		4.88525		0.639598
4.88525		4.88525		0.619495
4.88525		4.88525		0.530268
4.88525		4.88525		0.526534
4.88525		4.88525		0.441763
4.88525		4.88525		0.436062
4.88525		4.88525		0.52192
4.88525		4.88525		0.448089
4.88525		4.88525		0.460458
4.88525		4.88525		0.443307
4.88525		4.88525		0.509192
4.88525		4.88525		0.51808
4.88525		4.88525		0.567843
4.88525		4.88525		0.533592
4.88525		4.88525		0.506213
4.88525		4.88525		0.554532
4.88525		4.88525		0.519402
4.88525		4.88525		0.54873
4.88525		4.88525		0.529641
4.88525		4.88525		0.517085
4.88525		4.88525		0.594169
4.88525		4.88525		0.546241
4.88525		4.88525		0.54011
4.88525		4.88525		0.506065
4.88525		4.88525		0.439039
4.88525		4.88525		0.474152
4.88525		4.88525		0.419123
4.88525		4.88525		0.431644
4.88525		4.88525		0.393504
4.88525		4.88525		0.271272
4.88525		4.88525		0.315447
4.88525		4.88525		0.401265
4.88525		4.88525		0.478365
4.88525		4.88525		0.420688
4.88525		4.88525		0.347018
4.88525		4.88525		0.437193
4.88525		4.88525		0.464773
4.88525		4.88525		0.457353
4.88525		4.88525		0.48875
4.88525		4.88525		0.492992
4.88525		4.88525		0.466243
4.88525		4.88525		0.513758
4.88525		4.88525		0.489245
4.88525		4.88525		0.418786
4.88525		4.88525		0.459431
4.88525		4.88525		0.369964
4.88525		4.88525		0.413986
4.88525		4.88525		0.384363
4.88525		4.88525		0.422153
4.88525		4.88525		0.438448
4.88525		4.88525		0.454814
4.88525		4.88525		0.477056
4.88525		4.88525		0.502082
4.88525		4.88525		0.458688
4.88525		4.88525		0.477065
4.88525		4.88525		0.460488
4.88525		4.88525		0.463023
4.88525		4.88525		0.493978
4.88525		4.88525		0.440597
4.88525		4.88525		0.52537
4.88525		4.88525		0.488041
4.88525		4.88525		0.51441
4.88525		4.88525		0.525988
4.88525		4.88525		0.492448
4.88525		4.88525		0.568159
4.88525		4.88525		0.55356
4.88525		4.88525		0.522359
4.88525		4.88525		0.571077
4.88525		4.88525		0.567329
4.88525		4.88525		0.590727
4.88525		4.88525		0.502008
4.88525		4.88525		0.586784
4.88525		4.88525		0.506644
4.88525		4.88525		0.532846
4.88525		4.88525		0.59022
4.88525		4.88525		0.555999
4.88525		4.88525		0.583778
4.88525		4.88525		0.532036
4.88525		4.88525		0.539606
4.88525		4.88525		0.570375
4.88525		4.88525		0.571427
4.88525		4.88525		0.5383
4.88525		4.88525		0.400312
